150
~
200
~
2
~
1200866524711120023773734081208
1178081978217904184092450979086
1160876758665761417399177821033
1102454353454768115790870184414
960185298757077731331221747066
633898757741556775506484692779
768135872027951130748222505134
423765237139213616410033063302
249310683763644073335853180615
1249351453372435829407830841026
1055932418820339082395535836081
605216912412778703180721185866
191168352571639961163377325637
18819881490375161828406975999
468643479939223863388139004226
542427373348448120517488696567
277605051124266718676302051394
419657199371369105405951202465
998454128067636879960090072184
879791795371015262609713481490
502959241819313112660737305897
853844550834072374235408047393
879827740332709885723137572389
263498089725399766434433776193
1073207242305711027187349531960
157037110477297022948231612833
810723428806380412802373173612
200807240102212252777296030362
121838427901911448789459793564
957542151212677244128521592478
49648651733927757672935083737
917483474981945739088894908497
970192847564621411360417138482
591658770101170164727063605739
821696435206721371268182458183
946140310412227624328715208874
303298168639257344550441244253
1220305474909963006892360793565
414563041267575204838204544575
960198226565826597658151589302
755605502836296604153286375889
157216190439920329538482095702
428531257300952151608476179809
137051133913604289000531568657
595401468045532981598961910962
812913055958253995308788858292
1147777614234533572323071772021
341079400018419994214974121362
364223724673541982068946670927
839462913031654292250799921695
1193690238530739395224659934219
941469422010429465924476999867
359796024469710773699766559000
788312535748268690966898028934
449471644985192046492473286424
922040215002432601946132531064
504968097039102178924605084607
1112633258282404314119593320349
517421838895322932673045607536
132529840459573247079897977325
341528349086707651617588775573
1098934834698368126508965475721
435563435882235032591577051782
821872417526696266183834695586
113942966995590008780696289799
667890610764837619699441139991
487432319360100911562279759346
1186443035713097921916017020349
130906612979100261180601428494
879501328575250825662130174080
1086916701141370584951839262863
183991673684128147768885911167
870042133186847660759055351787
450750233699225745040636249756
113346801155433330721950225939
797581208535270275001910549646
498192495216860694025693819505
1141600091370223193443569346256
822073192128522379322745689173
214867920346109084086606524879
286478890576713659627442178134
757369269160533107973254213903
1218113656196901482563314256050
222189308400461546579773584027
404205016951016874248052387786
563579901748275074093748205457
938199310069869796228665837087
1037292196064663954359827292181
1040964019373905800373757760557
435616365628536320918204026153
622111233813556157362427785483
1097730767480710886943085452259
131136114635846559422064177707
159247921592757710315242641756
1129633819037452708516117990375
1058830657547466394900909734263
6162707191931040475157844136
796262018010935458141577077576
75629832241092617794567578067
654815655638613259934461574368
365381803152165666993377320838
594883776690531832951543545967
229136442668951204035767296841
392510139322852678177529746944
1243086490732078802270876701576
1080153572694453738505208418058
196284392752467480704377225884
1000564320783747149721867689989
26317750262671221556685115771
981242848762315073738642182010
1092506207536096387184486340238
243591439541499631931139018736
836537516479069201315560225645
735322248254850208599527159341
283618679809482326931902498884
386734047461551778950407640008
10212268551999502621759617911
1137305244396865280035346175029
354285679747138771847946175648
836816014030522687407240234747
532342917077187367560999434809
565433035252251190091866303949
893123492553009266762853082376
1247682910898404425256283194701
251586241552945580202681807755
692230691492183056688960406074
593756368214863923970288979220
652691821219908847020997286374
1088692206099100715668726452482
867714968636654455118726501588
1222111895320015344579301428079
397078158993915921273936494497
300113466397064424895113038536
762629022238698910604240838113
870590218808001129609574233483
783200242135979825530177655839
536084334965583981985557968057
732769530451811764568729079264
1070918288311789078183620472553
469057604250064011162362497882
1245600419931488393678113276719
753807020351780659595973681899
761116179604870039674681236936
1179010022494521820030357156924
840224174586601559067515982861
1238138699670214288103855429943
962286144787581308668805605558
367976968492545612373385005985
688597548658857024178620416851
1175131109612112515543366571451
554767111805449307519352374162
564257285362948301602156190270
636619916430468061834124514155
77324338594295171913496222389
110338833417638166750699813089
335424270234031031674915035762
303607364375255825856504091415
13407847333091667514606772387
560433416986848642549978002790
447966886239700133739451506761
429887316704601926025503441586
356969289352100659422125373275
114060082159911879687933681983
436201354652211460420415211364
153102365891253753333521009563
93169468221012497819442266451
1127517164878287785796083484431
172056526508409101585379874987
396172118082811269911250274069
925368016171742758503796030046
52804534005572132074606866042
845420676021320947279179010824
97896029295072068947636429276
256304576412294150339892464987
807211615483234536342500757700
48098484246519680463981205108
9607319369403284256183351094
521724846129691122532944678817
568646466929770908458749095823
217012535047697989328155746853
1251919089981349222080290422167
556155470727867413441713492519
394359429278441019493890744410
919080775432484963113524711344
128681880027848644545632442026
1263434482229560190926340327209
220336001285049232882908557641
878178661387231435923614860727
1266557640788906856960884534647
697707494169924767708740586459
1205136952053180033840756363310
684493121011484227435535990281
485013458436963721044934479864
50994436184111694771221505955
123837033037484835698495881763
678252729797344352627838116011
20533076894032299442541088549
224552813032780544825293434709
600977299971109421978742773006
235145838861332237352655338933
