3600
~
100
~
2
~
972118137953401536717894962736
914939469723908645172185900689
483683661102871354462767390569
480543165655864382900848100603
1102209985694507063611277672868
790913795530409261378018136102
189662714006810774031668730418
1155044123471612904924725250732
1172196445055577286659499156676
735334729487653943098689108095
546187021000920138096303794618
359572829015161435870109309564
262937561112168502083803479183
1066922423204963584097278311793
73030237540565852221822016118
907351159541814332021658389227
485378954832948903087994340191
1242763629208201257920877083243
842403489334344719277967449620
689284267482248496384721274631
812033056508040744357059467905
226982855249538779090429953834
696259731004223215736470591160
489322425769330396451982588134
1143295351305515149045128149718
631860013617120739198833377127
1075888130657829435098182408891
660809531032154072349328742143
531872849331864735006201359222
5673013705236492528761136280
1133734090209362047761539809704
445761985494403888692467976226
1085992362853186281320857007741
90194945080182126399498773177
1036537270067077137468109178891
291887342377080935345558987563
266907180342684721809497041662
536578470248122972987647339639
754557001359349789364269052956
406026916896334923523297840944
919114358589790577826313369252
967060481625715069286873434142
598638648269893340096246406176
1237861836734888032704233204966
1005593447359719066783099524165
735981706238477590745810205840
18490761101905607536144799530
1087063531867693353886882982719
1015295988044402828599393866268
866333531763139151426653649038
756654477930788776613037029951
46242557483928501220390041687
1031157209996093606492751047455
1214372808657420794950949786413
727353034078807390439427650982
392788289893232754628381509572
1121428438070462342164369740143
329855490409304233605941154548
1234067321620196014951227832291
219118950916666735576392002247
590076103536633414865531300404
1233277718817857160163794739480
1118415028322248058609521335216
182149524073741717707281427070
722351817646477166383762467340
500791689505295050245817901738
910434358809201577117353862780
885395988833524728043243076217
1053745952046031432202137761558
603701498135586133905259555193
950471366132778820975394014353
490059356231981307296866831961
238274773321905478864419406759
413852467052590691995445399705
882107809856761080757779407561
1087898960429206905100563361009
1101941867790303843965805969222
686980929976478601066666153903
1118090162618725034999460623025
577949196771492110932818238989
68590240741560098318204834472
223630565208030212111319375020
396189331723842374126364463896
672048663809393989516622864125
44803992157366158481573706939
651646683280011208248770143835
2090766468944287236171321659
213423954224144565991401036484
380856831610342528166022057202
776672550464890405183092767638
753925089803100170051014409948
527014669067613158731005402229
743282842397904693400368089041
299676988173437225504560084601
1194365956896649563305941647657
69729847377786120070310503266
498111618787391532198824000186
267549273945163814723090966384
337836217894213127953934100614
142998908338924003862945208543
