3600
~
80
~
2
~
1177794437243283293806289
860552673694574546998937
786201108072771992906917
205396706844070658063440
969641577057769228375171
71645226499615270336164
164853125101648661058907
511856597556285562376123
156643580230781685145847
294285378292837868190638
956877537943211358261385
626929030160265720817628
1124734734567675012585404
900725103741506952806305
40574040885594086703402
607416710848874532371652
534655062435268708120752
633376660930822259138309
792733081648730257854904
285982793955631772252772
248729071283774259154324
200845543091778495143752
49281333817918090516989
562042796287048589961567
965874613762467352174011
815782587527739455195029
449104126191460915964186
212943527868173763941481
423206575730139314063556
1162938502179425237926732
214857941927389530101539
209969577135997627523697
1035764466685563586652323
213632577070039934377001
462189056066888632035763
1162232611929802208349506
1036428067510496506069328
248930079443510377647307
1051257250732142323240
650931840164143546513417
9374772659103562680459
1004968014862835724417215
256163852482745113758421
647965465767159876069440
167769063460398670307724
1053364594530593064491289
689009059574079174133537
578066956003265532242237
263628221783483479253032
967353800062184845866947
2026931096346779272946
686952060590931292487503
347271325697945808231022
983829865704081420450054
528189077882990210331342
542947410755443322084614
1108155949376433549668709
777426490911215257310030
152643047172052556208422
42059451691215174029986
1044543774714290285344524
74602226037770249202474
57286045798707782484763
42368412938718833368547
847150021917150208587257
539089734503646738407697
738884888845756676913822
96958927755087214945622
1129946988800434259608334
175511546274867363646831
282331348918512311383761
946703611326740044514540
645047824672389594646745
151617238866949495710645
1142574836961619726738637
380054237606462278762188
798463432371066107872276
931803158751677649387627
1070188863857379267030688
896263219742938104697920
