3600
~
300
~
2
~
1360842219800415032345563460529534211532344906711748187115911136706376168409068876564628476
1900669010158505819141849812241912338588694566639357880203996921427081235898288290482732142
1458396584362674603652487013137442869496820074220803193069187825297514398253114166686178450
564013411125771397375573056943758597739381548338690235842366479286407975692925088493213373
1697831272320531425803227628314545548403094236081918706824153857298543147444113555181880107
1676661519251038875319584825817890900625804763616772023548379014984597547264025761492762560
1892083419831696366428178958144620328954685853595379466348917990135594965492356836198038526
1071131343036316580700198489477320975092246966536081341373664877079354451052923707169858558
1098505972706158201170375617256219539090856991301115698669695810374076608338838007633058438
1023382999915990571578421309086661919080101315485329325594287189281424566793761507476986746
559218185681651234690605016040755148041986732246247151412165264811766776130476003307598948
443749136320876861832447605415158673308374047252358365638635414736281114864589456289995181
241873369949981414697059927833609248455207581574727792364214882807955186795831038953926096
569167318923524206942441080595462917440841832648631666396195768507732650780328404292031453
1190735086696439420582582439169777033089965066834197928512493532503947964505308751580336920
163077419310073775728400454188080393439739188180554891117550720570687506610867078755087157
1742441617641675944109674895616197183817327722603903890375827459359894124407924076517798192
946522521583521215679823671970453386248132640514332535768831851370582084757447736642308840
1266539324039247326852078594752958808756905145201261282481862087501758661410386594326088178
612989524628747916770912034002360658609701884126276943138163310700195087682233855707795469
995697033712627497430912291281487593587092656593695997166208311461802950250258387809300651
1935370114640268411253900456669489666186272547426073297382385890132894560099765381550520436
1341000697020983665854666454656042278276837278266015910186664312128182052732319266632072158
136307028646558530858066691968218117656082270210326005882846977790384954847482798579917267
1872975991795175322724135397124641636003206671966176965150279662075641311134749848886514374
877213908417804007468509604831477801154565478583717639416889405757568771638372441554978442
1237482057483661387373164533302209978755578562597873032498339812075687477445507857330222937
946778411302945075348762230533551458953483458317320122307862567136323233426801359399316012
74623455019272154445671797474702045005106140817305373149494884326485141653833770986128824
1424100804961596050045817954159449237998204817725297123277615272113030905877066196802328903
110496077322701338742751926469277583782898602167269549052316880190847962165215611770250522
1245954972379278292009359270315917497701870695625928845366359462510208128431843268225004199
1320361897940344454393323580431177950926916216140908793239679524758621186064992699720707961
601614819476018235251986660840065846466648328674061147260162756786542279362351785058093481
1008028863949271003951257643870954512535883930376674100310653283171062943260141744893331878
903060676254977980987068982019818440129895326865985765580508450488706316757601215262225422
1806728147949485417552902124347876921498996643730926794003174686520050129003648747217396295
958134852227401159035483876912809152524564051747001784879168620461058271587611582833370793
167343827687221493904716875560122213516656782990452697430133770545167525600192041226244030
143203626336966715877088413319513335001490236772393674067711751712582408266961844202737711
449631404161839277186864857187234035039735692918568382932148352342836227952938317105689100
585966101212149148848129516858385623068099250082201292992026329580108596076012397580515013
1737446194832152996423201472267833915730181480240014208407260756456362917445464699301280097
1133923928913713683426821640740773682081478562096753859457630345941350726492874952233030354
8560761192014195439434521164917596594957864651947320540247811407105274801665033030299226
747929958828856431012619916351624429539367483209981667018081337441428471454972094468779157
911319983386182721983734622723608206850171896318880935728838480283149424179495691900802825
236784454129856870996915432081097176872540822633571969842748240863378696055359509073216208
1347190821057706044097790942662579933821332608340849409154332838317532732914024424377313316
1362191156791507342065067643793182697292168584953739563892403065745576627394208222143179649
471881244448997827836212910681790987285488203176949169574726175733813826953781155980705716
938822642897691150363559596592024716320893878328449020870153971258947134133787823897472718
1953582168905158908200654439119357719373562955812412027394621986596845684979915101389027708
855242645491103966701767436569170302648076613022254453670269493124656335583286478127568592
2024368207948278682003239342415241468770161242281340170153024895450461059916034413701251350
1108141080647221346694813693954821775535567592576228760846049208215185705062709672317283506
340699636246697135728808265759140516783506820409865264210143249988053910072107455921045094
1496016340028935663055681363491598872818155203720667266652575207779070308604835908045808044
1129284525586010596121301140077615355188388945888178810950713488872191760184599610690731775
123059264585703000274496966323590801860257769660149946169852529490602402064650196533992132
164550328852425637844215904613026479648798138032974802910773793985385790520964341416641988
1837949111615097146327181019635743128329495151678172211768882309106622476804005613672520244
286386835685528336699025828929767034214126384844154831590559357781124013648502255073042430
1158653173545325970131190371815455637357120844804719627509543976768499847924485575580067810
283873147912957809058215754242167179914507652187418592489597197851212755923933498105961668
561652812918135548820744053909501405243973504224441290789995970908458206559151616808973206
720948447784549716161413395942056061178761802851197110816489234278871053408171620319861400
171406332933599829127023733977870418954478644206890414222214179059068254037381230351366284
1248633344215128560438950566397627626106712029674737151052804543993976364770732920638819889
656799189878583120837896369995417522507847437995355060638219215373150456776483042468160396
973956281326223556184348542419048175431150908068017453074380266599435260388443199874438797
134383801478373361057663482740749367674500941142978600483071753618555763795927856973076562
602159072943772604721214215103165419276813992002410807774942373303953340554422213668589960
1976802849407204404420414096120637852874429535578855169489380335031440001317684732039849514
1826597634952904234859058688000107305591797675984457969409263375097772270066849844663097303
1070431235941510361203505268854492443643833598432887864738542701810177014806143058026413601
1643061314038888493488685918723022188544050572907527428545170366129355556178508138507239251
522450856564390578643353958187656760635063362462356179325350901898183411587520587528559082
313227645685383142264464712312685530300042009019005383196542183296439602727753414235894824
190791721855898491018927642242017948753627008587776439533544329316924244412801448843448539
712161156829388262545377069989807814295357201847092669723636353223790903263905497063738544
1367719867927162517599477381027795684627732957546936965058139979969254313608971893481100379
1881516898169294350119385510974526930073806824696270517753466176985325621362287606480032051
1028432458743497151325120157545843513684123389709852507063693547886333028934803503845741988
1581804814788512784497593404007014289214440514665692133845505571491200107580577500321574719
1685992040095681880644898552119802081930299305789957874605693268163944422597409814895079137
1817923203227023387137531718691687062857577238961942192252342963986875020685281568843915535
1169928635519288255157045986561060802410039546031865782565693435623567946176361835020927044
1830904535486201635136995658085459450906563271291716400035827124138309924337509171572731642
74833012309686526238075459311560932578941650267704715500323213847708166373270413924456058
905351935123293794792835043534467147095741027545446717652857849331554458547985941360844641
1562316016434441575441246531822799739613588348318916238615385485355865402210575266916899633
1774210658174209088220726435785169810552327840203377335815055757482077605491412813478874314
2026472398310115265339332960902132839336591357478313679400844666449598238890286660603652472
1050812234070419506162743373086603346940858165639016673633156054467540050626401161255448741
148634752910634824070525484452949430024649249288872272410402128045344074577821788104708857
927273185744302352215464426551685765443763346724201513427215674808043872867543828301633821
186505624731214098674259095334800559515054859040598362119480371780787082719899258493283099
357266277431423265892814763076514227328973226067774940574287095776780189257449673295850168
794227140372712135273345860701557256884963196884045466789067210816538272204055928280828808
1216262873223740692570947706986512218121631309750734562518282080465693910647675773056339305
1602616145983055590445769679673279466520197910467998864330865857614165712451686892177117127
1208738243905582108448546851288422089084612695452592136557715352041760785465876838127435710
1402247152087355414730309667075371651437228105492843663396083192793591345786259666809350923
1317311427270092032288651469422951373513024001881603293967086472533097727788440310069775995
1352631013760149231848915082058549492198142024852223348728317412532663631392141607271394453
1916025459379622367525434132634538970033618436019979133551323924795492721694190704130400897
1150614416651396839048413759097582831695575606243081509680085504241771196773261521454127868
822133128866814142853700421324398980728356746572581123042070400754051266083414741150165514
224031562804070102062883914861255106835991860455602297624201887395090306528623785515841881
193463298695678251672708514252514940016618339317385739779634865798372805778658235210353433
143478067016956378635846726868064615720285153795606938740137777777412468397537872415969872
1627046891944218555459842739224074583678023366526048118109857952461550627854747061655115080
1611810857108396729581530725191399494540536237135512162719822995334910273910995875795536977
1867930923448798632258802606007773471637721996781012243516101807293198124271288497473361961
929087533129752291308269468119984590422637704006593803854424610493254446680912492210935224
1225759838152708816147337938884337639833670235752424484795802289186289264434111318840659669
1948436019022600622987985579700435281391157035730092778373132408979241028536353916189306467
798976614783977246822827306592365712552696691148606034852490494273775733047608662823264129
1011227249302877689638359042370587808599000610406630125099851389049482801934743229658484243
259527765428836415830596369845348528010079036926910045845646161209565525438753176796916027
1794511801780057585234537275809216090198070136841820916274848040051532409802422427313694774
560499351849848657438381899816309661766567845591963586873201653045447376292572903253790165
231324990489711380400672563594597369496860327546052335834755093954604249717237105085902579
1413554674667050895222497063686612579822755344073760226181499695409565028783999642381697747
401903402478855494396081968700685187032795927804421966553795059774060271150413826645663952
1781041730378554743506877698902275249974860658507802979086083527458564569060928859645029400
1888305996394188004248401427984084341074190765255018008279335656367699885384685933083694555
1646466668407349342842895858060209441357147230713922276634412518292375417802704882805498648
1564674572897556936298162954568624630857089139544604771171016527861888242746654325157813550
77997614238416318158884363149285328370558105236719842983456423756312389929752828229132100
1152175123908647820889568102182493929543086293696422003493559657916235232128380148901594862
1444591635524990944114196411687696554229882736195209773023526492878623725646608615007565430
1535698771338492850555875539746929747478845594746069334892578769357916396601043257602788448
705020319118279331625334280463072726929216919070372071460682968405887569211346237551611542
1712472512318729749542109440410415216434519076874094066677693382486239746559368881652248474
606772060249206051616129313562651954508308877619469360679268533455280750846188404701702261
1648486431182637006784557178214116104754205185095010975637256257165639316012049741368385116
344123693653953767286165208499239890983530080652505564128986726454907817667990313503754732
1923125276920831356197958144513853460516556825803434701856808877316893411246568875306799229
1604733892782063312599133579613877371040332317661842100330915725697801461861037202094938036
2021448036991226887535033932042142576314637211675764084937897502622882367294415558664670736
1783048103437180620746687370461436529952837000761473231025719433766596195018177685340082127
1586308359187338499473628042816893169110620336111825808631189925705235840845182350126873073
1952646156315610945015579598834596955984551379050005592464951768065787977035778148627869475
1821933169533353203354690223630653012522822986235304537738938466778814172798969179244465718
1867858318543964972425372814539076886131262084521211795809986954262040878089469630638579312
700497884112509807639646859115432962360167393131466929178832597557770680551410992531823516
882590754126210160287403972549091893054527258038968650508927092334590076630662266929357779
1997966461241032965998242822993281595448237002684784463561582415407465121561864344033013675
358781046258164575482366244800013677744977438874096015571073406890637508534651574286142775
1695210730615178469770512130360208877419493089225783463326717523021461277346118606459621170
1159063335008281812641202051123372511412550047636392520086224547187327038397988174055893923
1198086979311127889412888290193750784835446324778068127687813964548379146265409389621646597
1799629415334390749948697435847703577073062640173589768132849237873893211936442688592888666
834058663823958740242169411595997057191769107221613458753489149671359512094725762203958290
165842192852085583893565223846766851964552858747084591235035269249077880422378088873685862
333621585720457877471519021774954211912828596611128863746011251709161802503814634669096639
1420967320136179135268977812765137494993230029148779800912943793630224567385103566492804244
732725895796548092542052191717568714198950162158109334250916540506433803074277864451990467
1577865213970982232381156989965077497071370296270270386101955678676906428858395504024080749
95568872629502875202091111796504498016960816921180167360233801502542779342605952858220485
1626855158814009076794209491240340853469694781965675486215865380767856016878400581168298516
636363423489966009505924629422371458172625564654844169527755273510286137764654736441207112
1362505759430905840276615864953972913180758020847881483580014576489480836753161834717824408
511599049720256251222738656418379852367912921176314811354911766285157500678579436777790411
1324615189281547529479388963959816294735630476619679422191838356671562221833102170467236512
1558410407880479890237600987010548209428188473275294378961446294458365495089618944899073153
60050797200208031894238840936369879488423450348491655936192304091181445651210147804818416
1203610938547001036967858399639370535521649513296184147983938324011479790010264768722200509
656283425738803828638031262725037085058286694801501656023966941564932732510701128446100141
333462641972827807849784454290484576767568988489125007284168198906886747416037188864615083
769455486654505714854031117545030565969100437033763353771960548301859845293308698158960603
1727096435934702920835956156409533559556586443976398017680346019581406188145400556919005211
1496673042408451699043477492028343303193027888276055972184749906053427497504797702145354591
467291936764555833028749282278032543221759564235712475239100061820722253335721583650862183
1026079807352179938577506823207033811749613440786505587782088672107632704624262944474110877
478897047323575456410997550162155040761868896836379956345301569435593062758048424027436961
1594497856481913967620739206317992144331851542366291419153911809830666263115418513969267960
1738118358144943362700261538880300700885381285953079395453644986091017378036783105167494482
1386161673764056547694143714609629805405740821435530996239035847853999886211984443025371001
1834969780291783485300068472559078945058058276581506994576949420008233946508450941193398521
1941602804089985095263553918116214201196725125152439885825552645971499221196551516666043078
1343538635636411707171919237551636719366529383565193246275578151069860088571361991114089694
1077699225545906498586129727949957730717536715375646055770449283747698983855067207072051354
781338191206760866795139984372423692664129328263216659384071441406920611846975257504874191
772473208804287777028551182130116335317952022122407232049231129002505779532530296177012386
829031766134406806689361961104183106882549550449534874170939677913102705810103612811558210
908249490447666393740028860039387478138761575859270349596265083985669677062175147781591129
1288588721083861674882299789917172928429708940334423431296809763302684511941950396104106294
152771185957550130891017051113841332525728011325266734245589682143216584491016851834145428
1164700830108647037798264318012720802515784351893248258079792436142996925567374729261206641
1647653533684330604753498338215841333339300348155737964212642674795586918387614997708955213
545375680745169984813466201172398419463283078608704502008836653904125036499268586618129080
633215713881765247381093504988974295074500015156298826049844054195138143331393834784857807
862817471336482630709381162038956728032592349822999943102197891824625104773832560320412185
309099100597003245641834358106659127212065359904103026142448800611883739508563091683631784
73679606315722039817069146677680559638191419618785327237313442192202356408031655396587032
1728298685092832607084588613271390650758915211163478391491769417395375119362482267884878598
174108540757429629349911102482764503480111868978623642691314281867683940787325173149007581
1996527855741083697922964202568343328997264719270661193063612825320930323059201130503169591
206331119543741050614396342015892065184776429756933179299969987698824346324513404434589961
1111574603864369702475995943824124840658705945409300630452105659912581560062855231305633771
1178235355147704984477331045936969752758003872320485960528710471708540241656597334189835801
565789494006890622091531578544249579476331477526894265252202695049943077677858334909625648
1522109790611207555712874088505713050301516861872817844409249611162385208849611054464485344
304501780515991943539546780393083024865283467054947044728506648479528593514179978270163131
294430352277238942776239509374754094744866352076489664965703772013688824627758212956350729
1129107443035749997919851576131346627314282515326028322769802717045349396481321680341058750
768414343541748670633994692546611295896984431828809203243015729346886857839238662387510276
610310504077153243549453172448018063081270817216761254044653422870217502829672694105626267
1261208617750133550525174193351742952115957099954525715571071751378139256878359513817573231
1041302329995015248902892916491279850226903484702303233468173268457914505724637131261440564
1213462445068430515167459240180293213804262626627294468670334999709668962767875649348863278
723309668906746409825839582138068268277139136107366933809078316155976515341726576792769637
2006633637354460795290926031873067397110195204357735317539539060841033562008315882826665571
662501632630116355865817194954168490656049160144435935386045901438258804464101727487135893
1124684560381886875193534420918541871617862868373985730543471858069616150848095960706045108
312975182144112680211312375567714048205344912879079460060966085174853136995600029303055905
855223939066475387891970117336546280053057331455832160133831518694976835043949592144832622
1116348073863117932660541484485647456395330974838452788378087964552838046341371293558880845
417888494950720563011159797144732281173006060644692204578382263237976363611650538930620441
1051014438615330236004247216860566457157598588871571881168779189042493501748480014362586670
1617038995312662172421384980862517414488613544690636983225413430306099400721928973084884089
1357407916799530146799132810400245980539772236593286541939453444278610871147703586997143380
1067531350688719772785550350013357198995040266060664476840359611343267276651824567842041007
1826848846606227507172352933082034818238820868471108818027425229834712629671973788009653510
947107815644197955167690492223660129519009358434538405404009314422109405749972097016481482
696354445947416912171789745764302247417975913895908351338312060673550942136594305914235855
1387716344898634459006453634487966810903553782353769550540219458062014129531730072711671647
1062457122801609679525381609149419740883169382937160548921613674113360695469069406929562206
1257296998895392799046283046308880497572555465011219384490229236325579428859975573115602228
1531012323383374880662472526373094882884738761840873998925459441690164081318013656482226346
598693846321752586497869940724685592674900295366654000271287423267817993938102532825108328
193186763168071984971375858284760968228607681778847013023541907887378515962120452706911106
1501890059683871005281360121347699523800804528797553010411223389180025137367126876097695302
1752685149901438585315573766303093509152857343066152987997159180906015546144074898025452915
1479966829808541724897023091983182773308053398843368981929324599608227863788518135713548045
203281537009629592829949706215476053253886551824841864380610158858219267992544232684943547
249592037450841491655114167957456668890837471624450852944817730560600689939523571222661710
787257434709609774262770933066182482694026069201129960723407674650414294554910529003681837
1345049849764915269996554612964264343902190223120298549146636514809074565037925010281692065
1197167757968677583651717414071899958987716478791874803950716755989148861025235765171762493
932133021683547393899798859653891649210992449410998579492525438373489395568874453564280576
1765797550543665456879952167096980724069619000575356875780405617402344212261218936365459242
898687843884709550133874552456329947309861970230644559460147091805776006650277568572025028
1092002609822856746071424220308407378825231510821400193429129129746717601576885349191972913
337542503205741769385428654855271146019950354419221619143305390872383793444372532656731885
207723426129542030080289684423396423141621211610678266306219236406579181710120202119232272
18032719961386325595239680223370565926516331419972608764107568896751780586192139973883113
645596928104812631099967035367082938956168982739272504984391796347741764429375041312912874
123955808628748745169308024663141805887955105483725624330903087011266561707312063947819944
300980677504998034905979538337831870646676548783976959469179806987181126115747194229712125
1220848222579748323908654822476103453850004428134872454876512415880719912540851019985468315
1983427465266327191841377764796272487700179880249509281498916046365976728921907843278351234
1824396482026646920096501388062185966859271706144262811767324848407343127591427569236156952
1381407480661507488388925625022151964844220510556195228813818451589269861995060986873274095
1631478034966805711016790761946875168925902611259852951589841891211930354872076738949741052
1785017013937612075801239263932279196267657970603881492844900998218325312945862407410785424
1539802883737637096212803585039518377500627116300941956054445095481419217085383830696337816
268741640232179584279916030828849035209371695360654938258803901305485162486564924685835904
71009315025881152527556183631848992969760934664920861317814065518728768676777444192277913
105109629986210529659701042926820225908759792654392480526083208727872728952033814319515556
938320766984859834285089218517403176378302059086636575852107886458694844623095057355889719
1166046219021604435348159534226846706177094272947624795493055691208608676041739041173817843
172461748043996130752776404053677795035277762873205731620825982777940685867388359786737158
1549068485005341372450725399876749175904498838720661896929920197631138630115699696206028055
707454137212294357156509742523559649670156262904203771710308979807198101315444997514697541
1221961419185566901323615396595145078093750008130016193413275836591536434139247621026749714
1148741491432320216947371424162362499249401980396510298378041553840572106393871567647293568
1566292783429115565768163768566500656590370878388796506756341780698579245769928261491311998
130986250309087730629098292589050670821146236259875305016376207937360431892301578990704922
601646001344027734682362865678740687164484533478467794929500006273154652974570963930308360
1325841569767650207064354333819690092434587202668980824071403752846397425601400371629999484
1959066520527121177479237450517011609095295887558082542079548858967205364823143206033886276
1717837808846304975020968313738733968225729289113631404056496008067702484869552905239697863
916469060034570902924165164059447047644416333310478545391808371094618673245391311944326261
1030226922483207799416458199062703469923117935054564167037220942370687364063531236053087729
1413656280858516110308433008445582389744931490615677830088244614564306639185391028373383042
469869596622425206213488832224513770118695572857339363564305868551856901817003781672522838
746330341067249215339428031078443622730041935721681358978028028172363886379678299983188470
1322060586114000200226477177572946635703298577617060987892518732791295738157624281402893633
1761713334861644873900358312904981861434252852765565745191724479018117873791603771785076904
289176970281996810609453028545384315303325287864322564796767937021407654539426577573110784
501078473166045639227991449694514703358199581940406181238887564639624531106587656485486496
1163503702162544772706730539871051474481149466269796441151946120647793286331272133885618221
845097154700222236934894376523291156412033706288412264258730654022436739485116213689801681
1274728858968547493806884840084491797820763098569903981412157126586307635749082833291318937
954208381204506787115956531249362543661467710831122941248405822937274596141459474458528223
1580202491884303751748963759641986509994002830374074851683654401230322036418465801667604353
1118090551157113360855470058615086284167412827695002365042119041774323819278316576178321299
1326412227529201321058779535691855556522805603384873036668299649452589085418919224269821960
564222965624656478691834197716047596585551137713306632447830714878303666767432780711152934
1763498365601337883026055506945884410611533545226058896791299482587848271325079641919184107
1350105629965641791773899047092667752871099033790080738376134289917645384712652318975567559
275697858140780553010894732548540299624203782976537458385752363733982252433408279589857965
1239589758574948080114728880659249962877702345842992063753410166554538167485323292727447522
593068467238207376934908549333983191548229903611147340424457560206954202238745569331177264
623123620679174540656584245828246323884693339254438158552598954164985284883869542329165707
1789362151565536876675635083657024317172320791404554310451011652596654701302138009430391653
