3600
~
80
~
2
~
125032193020305889902936
951950155897982618639843
321527104947122832146959
485071298408192648715307
1096230884332475118009781
25117832208013905800645
145986037027634553010031
235514668747536985895644
738982040346913004766952
458164264129937042864607
426961722963192147896450
120997471081289007399343
31616078790565957632176
637088714035147272792011
344822426898484708802171
609430307569814746807344
315968810242106636997557
1062101549445436387312727
102211520381203796889377
1190227888102830165482577
601556594993863222523033
509998381863793826116195
280727828175550963823618
37102173239964923421534
364137085471340757050129
699999655010310882687547
1150783165391509718373073
548117835686174431821573
188596352727660442132876
281403517448037375255967
411285136762074307381178
350384716843086912185945
337206496027785194075634
574758497252416382778502
38660658017791680113653
1196037581257140954302207
562762928852578556259913
738215268176403491114476
620196472190259706080137
56315154023012567909804
606662071789338889611510
628908526940948207450917
696010551340195184221399
622144243218115560702236
921198413550320665548625
409342234905168984400926
651592052412069128902833
211761758695622453342640
467571000942333372114978
990572560697654835062872
525050806132357305699214
1149462848541414882790567
1026171706202654100216434
726374553762475028543211
225410814806885528452823
1006495457205038154896987
542119231568768033072948
564955799225480594220665
379318805397773944748336
421996319519882707255737
795838731128876913880021
59407443737251365160452
445326576069900101496570
556700978408667134525011
861411326049160512357428
1000660353476130575673258
609809144914467983114999
192905033707642439543549
119986973294278542470194
99999891447190484884191
330613455577627225480766
563323234327011335868658
956195186632592000401561
142227128374340988386066
518015169164691857442270
785041999385692258467638
450388250916799783995883
739068246322917769677002
584613358809146322832696
317043992542574405017869
