3600
~
60
~
2
~
544771010684007739
271028092860340763
739557236835199416
158901642140470651
790807646165427034
777872444973302852
280714962325872613
833900028262964435
905250324232570067
390936916403598405
212167010053140360
1075320262957869955
188947030269709281
203141133887778393
176315519653111671
278301130100772536
578176275779754196
1037468651344719104
973824533863110340
113162060813222979
235607462768421313
269122693179941352
716662851373839522
641116510639011771
909428035806929061
101470457561042258
994140143663281540
629375223382330196
116849381770366901
1066789102819039308
1096622452556668338
270592079119177867
931883890186826899
430445047239563697
949093622772237945
423830461478818347
699906418165271046
356676504854845803
424079240328588860
888783126353887697
529112665119661370
837820782492855018
1066538417046077487
1035693337126944258
1117149110758326835
649039771591527000
564701180728928283
477788132249214714
897977211723800876
660589478042349619
1145651750874754837
272281498488012362
394377425100166971
233715791923304386
644585241995534925
617011662355916361
362226807706565736
264293013622205244
88742533970828434
625306704888086602
