3600
~
50
~
2
~
941066982398710
706314192497515
933525477348416
459252442126259
875057083385714
14103923193233
591946232172076
731006870589410
243698735415091
1059144062836584
1024003690913763
885392680228597
230240442125252
205109421914396
288045085429958
5633734197219
167216488055788
1054977777242631
1002090100826617
450839368926946
899342942448475
86698905777507
686811240659086
908780924811612
1066459957568929
662939696434172
290720960972237
449445293871692
726373270458736
175104473707996
1081330135659655
461544156633438
69179367225110
151359190416861
193315668223318
666780992025769
782379967450965
999155328422803
656133229328156
1012693401386879
705047539453472
984944629648847
587110476984504
561682578627666
432561540435734
671312944987931
1080318100131018
457392384640011
759426714802311
635403113597850
