150
~
96
~
2
~
5313936617
4682390372
6692025478
3534827481
3473605942
1201425965
9103705666
7104477183
3953217825
5467737425
9634203486
7933242288
7244103628
8361983223
8231777918
7824446720
7033431756
1606995786
7869405297
2605140416
4422317225
9219636024
2849900418
6821072006
5987060765
3859079032
9022395311
3295822577
5265975405
6298713047
3792394743
5063771323
8728552791
7230199834
1070324654
3730478388
2234534380
3123155632
9159527128
3618264546
1594941704
9955037842
6789706382
9095958654
5400530592
3622630935
1450946921
4786051200
6588963066
7922018830
9799514636
6116013531
4006420203
4225179852
4148961214
5566228469
7231748823
1967755006
6544386422
3166252247
5583478970
7383713377
7283828342
2990257346
5495789336
9959152604
7162757314
9207092352
5410458838
5211489340
8330239496
7410775750
7238697553
7560596635
2213382050
1226305052
5371520186
8100630148
1725356073
3280445675
4685870086
8131686414
8486622310
9589266364
9755843684
8095939269
3295651148
1358193708
8013163634
9744318576
8016331339
3126734297
6142704773
3547372425
6760355875
7682874451
