3600
~
500
~
2
~
2841182070519480177183916674059953225288926825904574263209269397587765352154029685254282319688401397595207357208839932294818980266994496132662821857689
689332863131335412513363432186733214417813503226386065086104944200056247023300572846065059501082993372253917166821014749461442684696853782177567254930
66318074385564624575226561525076677740239017959689079645201925687364975806237861195349193072005762421212995589784901947767195985977189145249570769716
3179193263733883290939953068456394195752954818134065942655762136703722034074102392615451616506471290982529558908316034560933260766908502078826410753710
2635619680389512221367994199436869827755680577671623681425227072947696986160116420029358654749441593053515466202054684616619512514627037668165266630852
1659535988148098310638816108680828123077210287042028865909484242324651744332917577609640030892123923718927953335051780981541244046540619374479865052220
1262830725166736189723127009148918278542215834854880398354621556865266871426923617152279568029606950213835315835997222886803423357986910559773010100778
534821061406156346846195389785186028164390104883528179070812504314089368277572588987453135395605446608855614619204834493574905069238289909854944752531
24787649345124505955884290037781800205222252603472001293150868700420142132907521787017082654850895219812958499923907593727384152337330810222019541448
1090269734320016908129173538489516386764209104838308958385202527512209385871130916008444593170799008494520573199582951078881958566520030741682985466412
2492469977679873438619618057674732389260720783015550349865141763259542967607567574605558322996225853489820614374469795765992606740943398907654656922620
258938676886425580922883730038716297026075185641863864819619244185018067826499270035272591372898191054816583313767467069651744284169196553551079960469
1329298516678518577492201441011377861984924714822063653607117545427303971958001441690153144378675192620947449847731313354881488830905604454278334031021
1579523395106297611995470916513156338574703491112513321122525388633409797396643810134257256258451741874086992825416918356926718605350083992071178434106
3264525901426107496667060580478461280623081544623560730333529292991313617573648670474299322019038742473886178008458805861233301163781094671956739787375
1617721445404185998269744849812853691725085452741773342107580109267008310883641028934758130003631980793981389821546418353290199171171157165783122065448
2070809218364753404966591848411284420855904593383571608993055411976775296916159248479716599098704159231519539335001249366396657592268941405760546487792
1284760599383120877758975712995259144068513987209417959675522401609927034196358639079051946297562468686625451081951868094737741540729669714349948381890
1261260989907268503293709165656468566263045100612873110732831306662891767320921968731845506324020244926014529302428025875940747791954010790642901892090
946759717654744335123402352161539452272760378951116449128499978363516040336905000791662135836207339120594125347199058861977716441236337659945107444934
75592353617298261796410577743662528356374746661818849302687793196428780481868208315863486677015258815834119772179872888876276559031655806541203631250
2620345996262133152933036980630837446976981267082731239120691804338813496317944448870528769244988763361202439325854696688669231510751249438407722141639
1055653265412433493808584231397057637142155429319183009239391569212229856070529521201974264154429441091958037082572342155972639024122711186585933027236
1891927220694201102489585286656559011366449494199795256890347281468552676911214314399484873646419947100575201506223315639180064301310706615960068287828
2943584436171494658606533281053331575778276300361533052953500122262578647758823285687374928919442743358101521119934508499639501341037767223455465313614
393750884598624348732371723437330746670012482499483878276366375859371021772175661879343613587881608994172573860466668792378826975467582968398385111322
2296659188875199384223559104474199785970448292609588752038053583930638338290565156822296927462634033475516049948951234813520601710767396393088661952327
2386603359368032729028440123680045779072352808382211180420176924107138375799028643901944675275438490263434161664916229877294992278171722181276073768605
3034982253907799421605354231830609180999075645239011281400890534477593620533077667946093254054764085312004620649909833286008027201641939203774525847564
2537435162100093940072777329147504448936200878080962278933547062113235367451995838802496446716467547886842660473474642905780504370115581068836067279066
1072489894950532452438673179385745367253502393940324177519803784390334303369453679901327303977075156816762425392321528063156926627485819267818288706238
1834211503902603442740587101580018667078169410479442887915465884093307625357233528722212849946703863469294570891867107685433304053770124414357452614883
2505993772009227050178080097234495190290787142339654591408508863180897228423234194313484243028455380689623774870045930707360062233031411547678688385040
2877976578636443405069839598560665570752508995473539930392814500181935313498207990184026680415923579374892378731901120606578878797075849584719454163020
1741471184392500405866499383006594604234719098355210200636543038240084817503000147641508015265043295439363949571023662104017085340122407045105828042548
692056065716779132967794927700458489894593599727183330007862306311881385060548461806398027296548437690564531397969691130110778071424583843515283366614
1907319417058930449183655950917503001792885149041434646585565968908290559547043027000833405385470472475102285996328927542158710133960139010720391283674
2524530284539731181936285831361091764702107191690135173640734358096901380114413902193245291247841551795379246528752401319051766631047930280158829225506
257724212776839153235471475063276874277169486368960580249076390748889381752137784515519519123223418209148245696259372633275829654422300749841997076199
1843200304649220934956180739455243696640630499373326330503477825907366571503305620134594443071714965765634945869249150405173018092654388933753264092997
121402833999948655390479066171346617628039618864589559227141270407810776766309575819703458433498992393166118038227893786313808037898095722579091284906
785151081885339723399945956858353754526740703913277667797785381752923747955897114251658274730999445637664295171737155992835947511668905827628789243085
1367283426512531467695860413479898468425545070160214466053556440403567358533276149223337297488024825962972759860405310348469114622052950968051495493047
100597607763902529415409619029484493536550509545066475427898781978897245092376508564314330309439780666822169987203029374911726351786549276450246563502
1908333019800987318155310465336638284290230570335029711873288809635070032852537301239742882591833827728846093267357921342526089252708187171723456256863
3029140821045759070201684351026963225668000399163356206453298345555253140459560797220976709620001184675339479614804800908957331091388105850646313002951
2705021151681315312620755914270658942893077677135694428243743738367753531195361971372008541803757096629730173947577767810908679761163459649611578188567
730012593323039249402008270688349520314160370216419536989815588849600503641295304548717190640591459979001319010734753558676887455789059532481140885833
1687449192804810006976520640105907393541947527536217041803653441627319695141701922079979220527026356452574350543827837995421641039443277913247554148690
1847774891861649259331502638866598286337175931271352595997683744366959123746112468221693198333462404175149651804606187961628737624175233752820926371755
1342468614616963883263267564938387788498003233988495234323769196063191402297794930420876779406795880400628177272321946569202768446344879463496224534235
2334833011861899283957237270539414686454883409922506231339766500204460329159871976694327173837835470222459207354143126152724636700614563658994330272438
875969900427747774085419226596855002452364900079800574664068950503566402903356585224300703165622215704497549395107352371579036332140328367641825934101
961417731827499241192762312104754561880793590169240624864065248594290502397995332545031462416281760762054560431036368769997683530712329614129782744118
973227373290207188383915304145367894820249124806387058146850027450632860987709653563297711293240794853209979751997197791931833745061758130318550453149
2623903197729730555829610555941700778196209544465559847196334190291740666280619299780258035820130495140479982893106530461867321736766355145881752078606
2467883658749481102715529745546308750378230915614041521722198038572327310900431781727728168717440785494916758034166899400688832144908117076779235843474
594054831092197580361613532573794146312350930628925921892921190578105633167546363695496444702261235021165019652062316026924510500430238408648654685389
2216248693684536800998059316674759003799304027897159982824445197709212304457870122557132786825865767993904473944589026747709417106400015933997783043333
475071764670691952699322021524368347343477011298168177058822198319588322423972416190648444155380796292987297859992703539719573054697608221124692269984
1163476935169166119230704659649344243419103059052037593872564497649607386876416859816781099419213045294104170546596656684842854186111730238599312269624
644592122530143938273622007058707522705302514273259508068997758999325075978961039213059119305550273495800194995678601470929527460838501271532208022150
2414925724419940323997211279687223187900878601360460327648712469231168567489544919319399159929061577877815339633654008734939341824020559593713798497109
160222285803215610902322445256434830151543222700378359064375373342867918567979273430510552546974146231235005396751306898853115956346074823219728464164
1566269947356364961467509249484253671015888819134566060764822289003832245171115253567904693874580014922632847133472613046735086118826081773797565545900
879243782594801406160474077920807476404444079594899082450841451377027630559963816598581496086702314092107880727705419582965938940920679329023383992674
2513602533982758225311789066585482391643231044442649324615176146762636246155842477723310759532010590203588365997357885079638382873118421573199748699682
3120209567327706732453032571176269511647728842267713181084033551424062655252995456182792984713825354058266267444208068700358746104465283192101188552454
1788418545060793397207002817204740496503014079332951315309938768285014401618947889477596028988433566352764629395526400179611966422913953024185575106473
2756911096593060277340846607847912763050283630835877951124874859504671281444492606719528502450268617008658674914989170091782674136989250655023477966741
784771394704080357567528314214303217358661202156336107341231219477390258204480296892289145000958606887725757827733031848767309354043242636808882882679
2978065225794813819328268559452160532412988656001615352439323185947599620230909470821927425704533013844348192867087647843524534202591953266042998188775
1731484169338006406327723649600529919894037351817186334334212327344397237645792455278066523975229977156224721038107970060626849376290809142463667406145
1763672160974023256964195404324256725401793708026958878355673675201090851865247290863255282859054382105662603728278316583386504093067119426547842359257
2030679124817341312571389458324480202064046883852209246578151802710655861941602047863037215993887573316571818754679283641014755424438900598817647713346
3174130510134203264316869918340903127219341859810740129327294535019469854925270055141043697788568783673349591445289722531950829028432524310609695622768
3197114020397927757833591432961457347224569005816293996335351923016770978653916186718299896411133430949512665648150978410166311443102719510661900012096
2947301612561284373560261749701639445310509164044309526110244997253171651970331470482800852334209108751613767801041773739617541896393857940379415788450
1805104823359647739649427193665462913973945458642960887773863613104694983773422051223449503227504261935381195842069523649395445091381835213898794298957
2816144324956974765190966155174786427184682739764840557299396771433315487880621159418591513754539427505331061735432101452058631920182617093406019972216
1011451970329770810679444992487123065934666309098427874585786860877792351102935923207128809774859052064205730552061385509249520741463445506861434961253
1213437216232227714362899213306503218968882010959163685292729438883019245357781878763800401161700782126102565812423351424717395640965575491927721021822
1716704187972817000018779500161051345976644635856955375297051798013206160872601081990615437913782482054528331341712609114696658516136867832733679221039
49009505705096787035262765427727380988949944436323078747610872469950590402783274002091340346587282905673938329341727980073394444159401042625590724319
1213453483704044591292978723215956799595952951439945713067508581998991557459565722270832288676894475300740081227765921039651221370738676729613174678581
507074537221625468138466158777886583829407951817040030864053011761458175400596413766127900016988019184109687972208398334702185036972246193405190821524
2428767803832769175628156552254284278382044451681945028025924711275774283102297738037845425329284036386840929225764421172989233917271108277178819078392
1704251091844145693472736431123760131132519970196787775493324190848943499141885787388003887786702547578596848141791344916136482148293161843694079634479
447223300154111208107049808045622854971538883017320185764911266374405385615334000855321951955122600839432263701442556394757218970852896186527873783048
1015636088987308819609791283376865656680923880610936165808136144396702473660518888729302611123026562297995846598977158156330678699862099127804180409897
2602682415579562177162211134691304194366020091083928348578436625152667103393979280284707839261253364763139787199670141705961102310470670602960698261537
366730783630468888432027774627135284190343671817564893184779624827654817548634386063753150222551342443592339670305934632832245732660972863931717036332
3005052773520340644282897627127774853143027051250788619639117178143457848404365728256343210366579264942908731639242645261788125685187637255430885834661
2004935271191198613154635706555598169711968190728399553835217465616626958979279515211302255428648281722417052347861538604628286988997054184741730091972
458826931599789051831629103181243906347782387543448276506864469774483629917843901773089514720226503652808397328861758208089047355422953969834383440488
2338618765422321664479734120172704583701167600278124184369929051218855691962527208584776751356243239500739572160914397490495130481944388632106582471196
2062200096133217014440165269564804636230400362461139225685734361200669382327788471578705812184828462338570762229077815836218114416707066625135139896084
23717930730308738399744892037140850389312053815379011414569130957256403215653150801954322753238285130713214334830220566577439840758876034127925924317
148466303797304480045830767684518502955882469551950140229875704957259697423997762252900716436800206883157819978374829863111135857032096724186239159247
218298687793964607762229187912505100740564617686131101683121719855740693234715886816738257289607215464158780615660698734077677008068239586398665443014
2650067809962188417722835850432454170202886896655594031331211587729392200015553197923106635433007592136205523038477515265580012324103191552103572706617
2093649299191099793929374773736239498222865728158628848117339547575562191030578443357993599622896101027781362822899154330527938195042975706073718529926
776280342406455154214108956705432564775119626076854232925751892096735068665862864617272920100629153173645298874917132798236188417112772434277537583877
1631373293682211664391607465378766126593385952857306602645312636183888969261358665559792569128945959693127207697787230807530851085732400613188206643155
2590253522449489788962149920891576509051750979323299909417377185808905402493057907020285779912516405406183279842488336845437579319151452389690375309202
1982453143141916973206451333092357084271715094490432092989694655634607518142180132311356011938933611029242806192057988498910714537988505692118778150436
1494983475371069608753629635341806940972276863311894628749033895177732491824232293395368078437502524753640631543682853517728675280665205687289351591906
1912121150055459188749724942731310727013806933961311759756743599134900161159645134496597435727375353780111469439141756392271660017061613811532728119920
2921309957067249190608861401716080767665386069043770795764403715672166354218808268006966939585036749597461274019880012984689918131387946940413443370952
1209509170273493098591681563922123585693106868910164201641523845310265749002173111580061453459056107032514850714133219455997506641785063361480976472110
919676937535717942920681630081304206699226562724176590515195764006602896330635382353350658682161573049894165925865305923866309901782578181323995277911
2106252352987323737605343040385469618127264147235341119749636912568497898515603814619011572676988177788248693835666751581996430871692337228403794474807
1842631237490412013900551440854938186855200242943133073345894261180566767493203548814378913050455600965461202318521784026039753661447299675056273647467
2754093112033282135150718998309034193924278616791620504257149423367186785376797775392564777397017288718126758704428495444872024859782867676985473930634
614932084847428731502134846103613287572300078700741213413766891308673624285567312861685349602888527218624219496076744387370517492869708271604484209124
2271656928282629558649100476259742281686077387845175087759615866016450704133167710922108605511380106051001741197508985160844019953927094723655480499302
3248636785613022246076209798677860967299154860170965713022353025101466607368649863452307623555548537640155009714962109954833767851087591046413001269583
437312734425789305569787693971499229870517324839609840429602190492379267877376647899948465043216587131067415655137920140111989169596292975296167636967
2567974195218188634447207210748128204894280195512415777507868553067226419762452682537427723027150305181579004688072480653357606646821532160129373463030
451536141301174080620422355584558382639252969396004169901445702683213885398330347718022888031300185713397166909033643443931483095384619709135501192306
475942322494115090972581547688395182917870222760976804651202709808228016054282523026388074093112501357111638400326128124534736702548414417557920997576
1565716480513574903794428075838654582210889478424313862171060398384541513549184627939139805233427401979595305722325043715303091712274195527326721090849
1853985486718821440847024285509133217783372923225027050464235250987542806119941072224470253113981357598829998420748775594407052810958626626906013112727
2159171237920002090275560238744815944308588264021032156848768328197089438500172455354116398445013651311888081402114759909251299975599848459507604546826
2483020447071611109540680275473936839621443372258697350343482827967730926630063359070547245742658845740358195686665436478115646364970654237287038835463
3182549416910806865375189342207026293614619977706771011889636207630860439647337081926771379432328259305095441257028926419883558887985337888656491459533
1273861633185653654523690651685125486869051543866111703471179340770678873976381246401870911582967488085788218247081395712593694303132371647784311903948
2223961055859596640637569914206495585495887616083404039519015046013974384887665733106006888745123636700078951105621133835431274391557093583316882869521
471289382175922138650632423790523512306980603456217059809214515035620167636275933114114272983965832033870038149067224403837356800256374436890167351363
3155306561950045284176275846726824013460636200299928301648328349989173892782124635931026545982773878335655663081923365818365549682074324426716711733556
2632591718879624485997724809250587723434383065701770307162313189020441400374841789917889256219387274318871143585736012561364714398174324161542010679571
2173358046843162180041210934167563814524355476426686451905917036496656942927734599096095082373882474782344129848838440631780200341577423227638760859832
2773473937810724547195150666665282930893130090253908464605340925368793470215204056181391392603328200694181132546036095811377539979165772892032339709290
99337202054945405267875277712458908856365899022386247595521101231213917791906623118912472930745210729680234355462672904337309517385760809815285809854
2678357696475116646333912637061311577922277808243383494313578620884341062193831977385463882478190636158780649178701222820713592549296207563429096835329
2012754387896505293502551267980275896831453184381721557490538350947986563551974849946293453879516713736144393157544788168331330912203948273785293533787
60544208683266258925816974214724326956773313790518476812856001179748657647112916575273448596479809633677956586422388455120251037037086092525350973647
390079322187294449613811411425650483961046005918416324607463579012098677062259311981119348826038489130457661794153046371941519778403953578530034650471
1046564136620809732524650852751389720869223296937932892890411029940357995053463816670305211862717104648854712765359292139139559148576334213589625583369
886259202569705354356011327763579222270639646695797003834341334938980055338205698963580839123831910909771081032579455718687267768835476178170643651614
603196274104666341059713281943103558558453484521380970604676897644785200914922379857547444829765216335923867473003311844415565701322388905767090095657
2787555189170460180293007866074949060333575420088597226129884131134523972021523368011466289844102935784174568728829446478569487156590084050561293907832
929801573974707486108521241408044072868801644222806412643501340890167780660542096739219138646810101880855409042700105825995695928480656969649774277358
1144497806816339411012611633353499633944057391670397359342568956970595171876906013434484020493226639561574893193111991938168071910908646767811594650425
1023739170821121054852210623964197050993358288329978601144794342035001617475796882584087063538836145510252659300307672411107521502807180581616928558147
815724378862864452611354776388100697080414650691177919570213723875074232295911705905397453351020472705913770888291732273729040096707734432726836493919
1031055132652965758781172991302533067102731740122149017136714788384509372150919022861124761667903325389811870089849618744805268384020664144110730356369
750187242054239707182795266563388651177760859015338951579846935908603726588427357236605388895221902793798002285399908230458764859919328427165287880289
1453245958181088232016765564077050540290455327223230391888398055935968412729466387158571885414978586830887745841886644215933235228359511086418400236464
998267111132491644818125923155238702009289827212483201676657458030076658759951077103742252546544563070709302389038476408034167383559054010661680845720
1455687174591495967673711985690182830059746093596067773916438802343404926042844494772671029113482754197826361789283264645533196298942395281378291802250
1796484135846798245281443111371921941030033355684159823864082004894033052487498503528506681228260686908445215259381892713600833464519797447977715219724
360199887168370475923550572512699887034696980797391671275304627222163772637129876348713653093284565489719315677999204615113416503791666636174547954260
1420153294855704671779499717257025199441521746470437969869586079908731321851698319793381782851515743323122152096095591678219569866384495256134025112076
382154474916805260004113199185473843599239465117995423723798307064991439655691497848085726026448506414225952350403488688608270355946289577165757312002
3149783784279004190826183684734600613144112974335729576829503812146419855260056894488867270763916715966837148039788042512341424065545206641531016004789
490077451171656868618763476645837324030816993534423468473430207681516493709055488030119730099436612945018787900384582642190380655396396329934972151489
3102164376880411959951691305288127634382956229642460217105867175059005893746270522216581327417011278435376648517939594775561506903158147098306612382056
3163332193436015881007754100348718531908492500788809290087682371538039393051484632515612524696522222485845548076262662398448984402887252869482946329645
338726582428589318860397647281491275424392069655375762912643427725580889827818061561102740192752538324937940642578364743924420854550612958165434256205
191153845414450838250651735528393953672009851151820853264716618899862542422666551292695292020466528391069499887741679380447887019676644129507336924245
2396216260076086530358256311872718533310237183311669927529653178741211779351785301847213155974066171295214052496085546292196880248305633607234903024521
2043515706164760886048077695512204360988364907835007635963478027607720180138578598780227651330284648949928299535075560501443613257013900319604950183714
1294882902035244942781642696434875297371082116812280752524808920378819553260320985504967192317457776437524413568675334380403282068528990465578621394111
2636803870070253652387509654250511441380885550833620087212436186651802112145706201018520536835738455975459866925760090113003944339043837058087427649733
436776934177614505980367429718546900575558754035427198508049363537552349736827935404540895392270350531860475938740485506568568522852094082339591840295
201938135485654291074021147146860051356868966250494359530474426847827517670023934202640453856347495338784526403232955859808432686924865164060858806828
327406591676236723452035642075026867428946826446065614828586987688847613382457087098529466065081272528119566622755509182243847102000872266462284198023
206086144136847789854230669695701633450570725040611871232784738417244299413479921252802559783568558640811188573800706296830516899355974371376054495302
2381171876115250160665275420515914120773280678856014805746653425558133105139860773631297398416771175146295894585790285828200280346000026744356462947261
916566119161322866974369456043121944423733935812022964881746036288634353781852914877711649718764681693800440030756571287137706971643748385280022641380
2662927607217751437003874664363400213920716636767366174877174198603539341012221802251938438011328920754038786356519916937583751197797019403705760533947
1875094051999100105160952837693405312045214408249998243957255690898350119017543050548932596190589510891111916734444005667480018186760851389273993618096
900027010247549299089290787068222968898075898541501674895101230750882962095214722436524747183110861982146451447496799371647912183125319016134609901802
1536940621029276718813817641392684173724480113843334357561403421359941861615433129588758526770252508175731347057081590216851325809620145770736057848601
3007591112316829211196750065176421933357654167088969819637837582774215953769227775457548407772675645608043974405651745430253361490122013006976095766504
719159784301056801122450721472019574964820355541960063917829697387264889838556177356181073903776991958797089523688354160977760469256455410737186782889
1874958921823931993700072054465258869036178865300144786109214239807521071871109580843654509984996224781776881065715694267877810990196310228494775511818
2751665122350490913950355127690586974601242877117673476681223683288559168309222979227144848707551971103418548788261239327408740380199097241157302018160
2103547405646735624864561338867601557780663199365018722168388758946782448297539796278280658083669790531700576682692138233613127064513557952184677122078
1920428114564784494927276054206553058722981049811845842995646453716961518344413695594534520098098514964075038694416444231245028892270845101627558344285
771357686332839165450023766594193615374972344677362283816155338278319069241823390682205580699093477062121912942827226204748167286850728431333163899954
82705478777734047911194731123837565370240475874135861707131193848202815151295980781040883655639114616262804444170576038039365967465713801487785655765
500945820027519692853088653207165926353761557242091732709703145163430756916765997574505857917347569307391710399772332404077571048362683913030732693385
2779717614029307635707553720136909104538018498914792410801738596933430509775699378455391005197838381864106990934596410543172634155126969818321036391974
234826260041179235712262335894359339683719251612755527598091540976454365294408185742665230913078197799457230810073723180232775219142564133378221906952
3169389476657507587874594374113902628311845593588566667652493520175229038290258338077185700154505119120804228236720837081306593887299645234186974339860
933373175212250753310002837463704737406643075241373069490425116051481895916002036921080998096523808875827387587516211860014567742320819494865309135646
1593251274667577527833513854216658059201679845344802836567502288644665518315281367307493656573631529316176350665473933510698466335203073534422572338989
264208633063882499877175544001680596235919223665772571812388017104189508386598559367084698945968212183365832905527699729280842443689652599998461208008
1853537826154625739146272868416476658854752013545447747440238997081582679836131537521810012666535614495865878818053399376900491933835464148077488966674
597080691788999089510874914002711237634903846280608726240650773033613190940288270822554113665105815434342884645703729096484867037325374701824052288441
21486923506210837012588991350488240851843862376938050213533893449014759614415194364764341273156214969357225078107292435848072184393861229177385661879
2610019306471455369280842967133289898875518754527570062105647806880885297111820693633683974306832765836274243449091193247044522283083789933901118349757
1085524848045512090549791130586947889635530686594558593918201000578158743491451616059727989209120912271079801672980282263338310529815480853369161802709
172430946429767814329977887276975987599156097185476172635072781124413461590490901902463809880844643430467751312789810716427053094286025144493927154666
727965217899836933542319235027293239680085068583220751361055635385237521347856376762868256799413949133233884093230792035662166001136442311558949860396
2780837896124377596843859901304120363694121418064007410949874671604868299156910875731684385655974935244147790609499825852420276992695242984849040558629
2743681652004132700965012275073595216802021666756672409751295949758950070083390132688477148433180194502033513782698506280727067878814801134532778967608
234930857491870057140734716286661074136757030661925330310179749285251105489998863972372702660725889708517344067290785791568682819635925233063334295235
3104689300413500505462581864429309328799616929240212099132800836832684221141143222668526247332152019823119774470749710959748161409801454129796924623831
1477553382988449658506840196153322212866190508820462358330313447148947496406275239310386932547919088036032331589412351810879231984477227231281537116652
2954953747298358200387845767626912486361692091952943255851790598489980435086285380348699186640121857670635599350472147559894732322492294782107403680049
2685425754530665308347019402654603497413396319347793516199168836454653115909647467947736119937369980402808420936592972068137137865297706645667083519840
1544794754954839448207467863237945241646556284650614843911611646575161536266296035799163338639436409682219002917117256045477792914238315980776181891659
470693665882973567331551659038729499936521617237300529235496272609640092451193119478455811119099386861637183778182417222459559203218611788551841631865
1400316606673401942494289740056966816672404687826025212271418805726298705351877619555822595631175741438272135109862958263250479938616307111429758992950
1892707960966278317412917373810688247429553071822809384964871948243192724391046482224529309863448848639783181024202574405394349921625994695134360721811
2921999463706536863136421194848104339132259447576224306332648531528205956228913263214550071386278136694049461880127155081571211463959581240226891003199
2418772824600403762249080127390471520981241644783497251906190250266279121559871743811005592364997457649589103236726604015177557835922284807196915205359
180241965513468807894233946378761241094959459167376161634846036738651457473935773666665102972001149215856406006458326101939678862786753281152222792757
2165954168764832608636282695188797144528427461518449421808864912406919957544802221636048469153927589350202196970611001928099936673014626727561834745359
830440462422529796822962790771226917428680866469973055299361817852148409240285727582702277861670858652239586126842197700315717172477035502394354450686
2426677490856094302936302400774521340687209311996913944649874591537311526873077969848555978044295917009162721270900451850928269711568329050835194163620
1448928804448821610375741786812928996098905310289727760205672383226804986091976961114515079536026142939112907405513733157063346581106866788767632315898
3239492468890315540235077948180304576083682081977094910253282281557903671634481978673448689630602102966436553447085060025598345537519908848164877050089
3051224962074663836087238261881538710122091228490890682180536884791706237787656759798200236924000919179225376489841737635245266729120350940317440700856
2116575936370152210335213815728629780291316252697199626120028244321838722291903581442383700657338362479447581335407462165929809827857212592729884981598
3177119580148577346650446625847660175447490092687151569622020460111800368554616105684755738270401875278108345949928281218581719441054997710136030621633
425426134411262165206799957857237412471850304901642932885674869134768262424861651867762395990930115025274551811460508437319053952797444080971982190159
2791962526132902836346657369490463372602540883617871806462508941263745264952076620778205812466663896991239327400263626808347147430694122788615072187057
1305595806161690324182149297170887295328862161108165819266335702386003313079648658190642299187007014008875530088185094989342340097380760087994430512399
2790620188910428478739423064505345632073378338611490796095192028934834775625848851436021837715734736291689948332438741297762249607458307903968401677803
2241379307745657321705892179159586786079832813542202787903071859768228912501066757482035188006399211346379613458853813605340021146026340549198434710839
2078416555516004675300115423872531542155877978066924613546888115157530614739117693345376222217765949195538138638503091287002719561137005009946751506294
74776767891252948455086921954680625086033760601056369698994584453746993444651296262382511423417636389741607989035995905544687302548350257952215233014
2356442818789471448444695385025684715143560360665088845727584628029632342925888800304135913849527030286068522037407687114526121605815605742848619405272
1275949157495778217494929791500431283023946162118057380127877151995424500117349363800299536144097578846267308728617973190630956852664389539076577680545
1265266970093831100294070471808332367362306997971903811520580666295100353858891085757187522137335389501654319178709478601932919198702020427351664178888
3047870177758066506995710433596421496568568302516314627559262941668881523642622191304671115901447713199849157709463108857424622780936970379328373742881
1479650304454577777391755569058027286356519206097297733324958573095114690715709336667114538397688986829894615155245405636887286799151295713807527599949
2973902074756599426133592128559647909809166011484621193404619695975487768640186893480142591660996285318928623332671090056223650734352498432196144805189
3032673490552495693423400056730395880264645419419446049576072653360620401164444644148182422270596915720743766472525613325764823547212926349669530969714
958045530643114947908192570288752435633356435785160100759337981070317239732290044402239641838163234634955358887964287318294327360473605204867229101274
3001035993488064449775089189906585155576010670539548071750902901786761944863568120812841837950737153680627016924039894917401990693205044839961256614905
1581336083915347234306654505928381030209757837108996892472506553507112405854251884756162524746777769044065638125076878091451666632315167012646207734554
2495458518410253247684703296424864690763950229692107135254556827661655967512655827629572238514941979872000640044123440031253376405969840280961987798787
1050261038172058356137514472962023752105930727641361990871713758381293212974419959030418265458230654302996620559053628467397867080644759241719017667805
2231986164794016752001917766099941789205186465580681488824933510626681804136442546828353172130521457325768473513034051616105171825535499179901536721116
1628409461639566075340657893783212745055873837076680726825868396627028468708025320561486663308027912402960535332400594946183490206266497116051631773294
1527401527307671120007326803313070683248331400261773246545641695851807433545040853936369468855100831463263535070351521255439903014570303467777660721863
767429402305943834782550824827128057010250538673688292562840287372518247994962316253166152909593889666957844022584704595242861539803977438032892235890
1861825731749245428541980799522482443416157763444930008151339292189650319346358416901574446119065811439290154683936534333840996601904774956413158642118
1792357086232598824877292656358107722550574523388206297587275974024227927044242487244080628502141571424857100226486829915870335953266343562803755975801
2560097200009955855642235819770319532850327345666219838858347771577101502965525098871590602903879710949399898284276377922257696652832762746493803635034
82386994315745060056778788586343734543572495031314913011477850263888769548397837948141076293354560429183411741536331044976098473699573276714563379066
1399540164790890411632559227368218849187115120356876614313833515258652695786622642919934511322984210044489962824161714396661669035697313431230314743686
158283533755326312166351636630001262810091170235224425932112702698863835410817083015871655506228092281674894008672827526112278646112851532324866761869
168821786545296146681371663597736680111690850383899196129703298270534496647085988224757316145573102394013545064991901515047381541686815498278179658817
862053372783701843785347085188507765235483756168415678295293857940304045990190280952213313867067582582452977648310285602965351692427475023300975962456
2224577824298171420414438275725800425080912316551221270999028908227980444225726279133574182904495046336532829505808342885046570931318690762230399209142
2949606475078950848894030692118007458948523795739895566004609510815457074649893085535478910150023395373437271311030208137339612922299707208171114013736
1928248752005775342981075733635102978166662607350328448893563452452992493289569018162769457670461320460918466762744884585927679949073986736416193614952
768110868466820195446695418403313067691468564916056397523020411761643582203555608719511536175012843956099130056366917076040570000203133477472796328367
1286306061681155155331498750697492055282118812557054003867450424485464655109096633463418210772121614477877023595943117960341812636460048512821637958332
1583902323359739228078007985056995426176037958573265347187823423271482451642065209276530415340384776561533953262607375231273896719702412212332865970212
2501889407477254086981745058306925558153925052702821264187312078811267946778376451657578309808837247642463541729094747686883183252525802058930518892057
112951071565646602674737187158323654902407201804026218617120862838459628298910532400902069141428247027958995898595434569739490612036114014156467511956
1481012933599937773210954259267996092706887144690449361207120254289015073248748749975075005323195569728390963482577609310474439159236608878056623159110
1832814916300742457389608417042933073460179882541500245960831144510709307579196600244989613335951701083773419313583056638460436521122704098554881933408
1523131696216100264015908534267455422240388378687017447951634292483532241300323527073369805347162246885945057247408800362454619182085924738152443141057
2047526838652320342496271075145665522203513323933942719006992338164382935491027448126038041954835474257997315063140257690095557298566278957666796233234
51536480826327782723219320548024625694000040799691381894629593319266959005167251579041927602820057407887119495033866746811098797022601976692530595518
1500661353154549490984366440126327609942158961192957213812163093759903374923338292351088479653939468519807197036085753668778965889878911356656161730954
923280649457470188223652204979072277566199863970249885328095944912140869509300439052227447284511396230318175276727332197111597738236034810136229374797
2109548418235022847549912645906973571194792989536537867891529997722799737701953356114617821992100148692621617373890238610299204943939495583492154396186
889100886349156381552997149812802009461243352822714637041211526789939729062679534266751455539794898800091583339231675319126764106913809993006148658527
2756082534498099486516210739032719364587647969489347607624633181357228174782751244334154079535921813324363051566509018971206487330276472711930181825878
363414919941816652873703175294370575831936551422926100735543915198204225170639041415066523767680882220945656510284960022609227361652617656472078576021
1368880599106282381802053501080598732011906079414605271847525494189373555803153916842943469335752187421949689593287808676336317381117139967036024454122
153010121008094440408992543822291335621894478461039177924147550355196052940117180100477165060344049537586249303037961969049362916162426437719669335780
2456910328250484717542147877978790275801434321166231112669261304889354677126755353361615270225280670298891494980498246163550644867835816040930744294053
1845096167600629063887265511923434539048986155306044462834776340285441317119103557840304108087989467307560743634942642891956650692672046990618893568279
2055710539964147399339002719634686600669895596683966620441350482534286153027320138189934899512463690839285534392039137904117367647860455524727183557961
1930276845020865353880378484579642463739071180199214086568203823060305424757120036319029084006338723159339676921221801820098084176744998554843397412763
917604425020211916165514234810637258648096684464543908974634609826245803429734652378672068491349875158859464244195172054034791943913179189231636757732
1281547420050745879314319725696237152064241496987740043912054223139391141647079993933895848436591687313500701218897105967850063756745105809453593110725
925779004697716103049187685199233493813665033634698008312596830932176023055541058619755493663950180859058925191914141920883291346992243471205359092514
2454688478759674465050146389157859086083229902492758570782372614449370034951944445499248908982693447420017021979111992956170765753302416905353285357832
105785635940415630981993537445969582036830914274654890549632608246674734729635919092264731961548405191945335613825340999548092171720835481943626514196
1752333029548862316518354604836669575062842494375247495293157284520946662297278924174104005372794171844106437907371601032611721291774662633180639979067
426186304333074212057529784284154222185810562816638988575857064351319507989907843312175295649921611293615478199805650183774290504396045479365993625707
1300522577883031380440129424098997016076655703778565101692556474397769775767647036875010590739604717688733820705994934673704175881489321792985193420207
2361668014375753980291544419515370341123055022466904583034676243165451945395953954251369546280219320365383877235456201650438149331322123000117829425390
749950914518451979460860530231881738985888498677125877149197164180397425902284930932127716999467729950543284336871027783957188236178197877149053202877
951834845835621301918307596625241078491253385801638805839999946297163158718554018562566182710689176321145402264385666848590021483445187282523599979452
2830978699693931630133383983690325932232387088533965561625569498085503157433637732758287121018045162016667039211585510714295966432701343429588455965230
2428863040059194043305785475448024552400777222424784050967810840349802350672870446782351473829384150527755423546936353434901977601689219102318038102623
91805344997887144651589858940314134133469139457548121738153530270623411784032426699338034035218527360716961173716338469355019841754027623944970784527
1595371767782757643716838132430116196848640980564831980612887664940602645237468715848476118793603766104115282522250278261158616884120527043929878613979
613331693590805845724398909514101335605857649162432259811220044431189071118274739504740567534227987923614096831342141704829250465439692042357921585183
1596814279268539444088571547278258722056372314788213506346993218401671736929275101498569409959584693199174948293221869700852258479647598713992005706048
1741292678331573537088967656681077709538930320361752297563028371726192512697146689233036334945640913983173242150272109011620488343900590326815838402606
1625793840854591962462023078576181710227382254522545355255397502311839688661640943078352367692027906153796235428880881593384997089366764379659661238844
3020416975606813281360686333106321899548128221461930165105007769496384619840332297100498752410620155531699479393866019169862463106706805574773103389921
604411621037354533377061213887665028239061118722245956036483569134722785254862639170819978290608947707731178385437709356650673971354361193614625021026
1430997339067465105747289244212091697235241328091158620155628432782491999255892384755451312677618183869621450187789938077262901350682326031901096534757
2412791164747860293189451427042939324131724690636260288799641771225476939548945622167160651665111815620830458853493726138491244173812184284591333818376
992182959029811466689828604389051183034527831576284821421429538127529763168346326300574134902491546558452080377240335910441936228461689958643229810568
3103184827704991260897330846915943345435201140547658623928571292879470339722706505325708012351216325840279636672448253117745392271901798987521974041880
687479360877987639751007680112312174461667093765030341142350888918980982260208295929837271889893004719771770988055701770246545932555672930213925056576
6599624190648553147147085331402490536452322165094415441273627661972527490363579950328508753544831007554756207588047012715918691238876511211936699651
2599491341138548150075998977807758375524488679120694433867351140615794229267930033322866835340771819081510721446507089265392023908343013366165938312565
1868639306655691863237507229813462052423569521277172974519376045043893727461392487993005307264957023790230076587145149722479023911223346762903107399765
172478373358512710061442235942488729474788404421980628568523546671848135498329994224774969956953141396015244225818517703860301762518413114373891082939
2237815831134810306187206817429076919181766392044947185877879302331014966434736756597903422568485475287818363955064642808811238166713714412618496597925
267186835384205078352462682234156757133369050546064249813741924577595633212624619016201988724044699921469783121976496625722725376582591877293253436917
1704856146229636986914065792633373971556195672085253542078515761850806401252831560389521402851612634865673330693395545901621999128565039408518742248504
1005092888797474079150181625283920221389425686225982763034805350797101580797080745114598736954845538420528577542616281528633309525404371879872596244489
171961665794794997506199236660443195902492572204414219947340028424031533146847733778421283253456170490097708247187275050881601268910999945912700591008
925157740437736611990509714678826447295408868205959128891838640839775796711619948999094765093398613539484203045692010308376885661511138493608061792922
1003060022793926902376733774510728000175930344445798589570871573220785777935960440266705436793734943857565803417254588422813192915470942191038792162171
900361005451145284555587831985141150876300998195229636067895084029004911130496730998917463043531463458970574124193451085265591135527018403851196363902
2223555769390623016710101970872461966652258707617226456869950910408791260796576938446018257258160864692012893522176040777836758034237841442947170011987
2354234546522782580703509476245260734269636873162976837447903688309254038588697833535692619710758825632467699446248943994974655278101269700838298707766
4469817820410341747444704860756210220261862619694252121784948741947902026165033979884748519928821147832629752155952803242887294952959814571894437058
1900274579680567966614263224939656054498856360355098370544850035967821463781991271965374281500687297957963997906228955393334558982021931156305160362055
1378773254738498532034675108060533290854064499175313057747914674168923404206206320304299909312866374914053643198996341646135338986460456285893660200655
2275239617642726115933969658471629905056604586615215734938549221687295941569286346319566349807456828166905382977758010397197048030922254875963341370396
2863123717738339396012245458440549829476133091322385034796834501576646224100197400110402420506247204582546478010324904419419192946083495717312688262835
143406198606687369252450590597453157067430760668997740310917144192232304282063122675741276805775612774322154683515987462793591266177773258785507620779
2192423957062552255240664033069814262042760097806399278515912800539026695356651448199703688829390430696768611327720816770622112150494358822356943754664
1069012866701588943020549005273790550777104991933899665343062219912202472851418513084941913136768951490457120108734421573237077687150389789255288647295
2383798920260509331618306034643701577289667688483634329729258670368563608340180754109501596895334793986394248496392608695819114136484025339682030679499
1926443977614681631729486898374473973990075881580939739651200448796877680679497787728690718062187176102485942254318762029795811647569724796747940038075
2599375015299697882458508687990351734661099689637550193946564789124676661054311070548072386511614144753310596899194802609774965072826249277369925574958
770957468799768019418599364232260122185456578343484691222951233818149017663007510728685355780700057937034341215771437954042933646902698726956974937489
2643152397001085406899596871934474550637138786011818882549465451762529388162259822514036635778035031740591443866427190811734394687772648530601241323186
107832734113507844219417387648323192690521170219520491490446474563675685599059507043066655550715756785237013455206043362316281002057597113039926131305
2173259302030754143704286028451846912852809178306282129838770698562446262695916033403211946205208261902976917731398469222358008028384989061506583119008
537536636731749175737800696050284789100296249292398589919497749541355887027784118629737952861774827730180942699352095742357299639432788306144768443071
3943903062806498280192959593063588318604140824409706614543511362322108079844320689327976756897411379363852471095475986063127513282605927893879478796
1633951878830410813493759630097285341988070364436772523935824274856026477937327582346632544643909656466125107541997699871062205543296786820636652968623
757288431920655711708268001205704985161168876013190876093575251060805224422674973136108816799891393309626789664471425835561150166380550138590327555584
3005455226392921076221792845171623388547574650123371190318338753165920277998845868829560540137987270334329151951992097598326211731101982572943760577828
1815028604729883490109468653482488946094512429281739723044248744482480436570704847452675560918902691544836897845530825928853099847668515058645489145832
983011881088027840793491653196288268673934995668654324709936153750344624211294728258552401128390421149096654147080831842007326977820387089329848405438
2734835588444882958896248426693973832270320599962805770098196764975777080241595029950617412049584804340445735005098354741262353257904200332571366574310
3195290456601249172364964256869190026483499493641769124550266124169634800987229870322786418513560963041612333736902279440325557271136537521671779106755
3238332071222829596131121105213003815128308263971180846428189525101044346638067731541262473115685263194482460326381455295358638951358650709666767355735
2828485590269351450350629387843324778368735425895916224680160357008674489369621531629174270911103198415759282576334873304279173631658632848667977082617
1260362817335705618762690785691521174703463516888686617861802984706173994236230448638426522945461953981073392336615359894429660182271420700068945034857
2857533807408804798137963029845939811487725065817134636280313921628149215030092913268112220583374115352783793191398062840680225401842206854367197619976
503266828135353857542836907045195844405185205624688356064530979613215497565715083424277058810353498888817861090360007515945696822384898392698063795711
1427523164026882542159849796055060487024982760260066375637058083693991491758516989485059177063884103129466035315771302524247955516822554087117206547349
262621112546580422600504036763015699947869241608444559379864309508577356478881227939052783089965294733868529558664022245155440478588721473861104724429
3078717911414305084944522361265588626488280811231486860343971360624689634526899897375114460597776587249956034286388307899233296065259971505482276419973
1970453065099544933606527241226756505311460218141811858845368786980490489166565924902402095471836809169310853031353551121531326078839456607965213471588
2228515007167871670312369146976571059133880844929829278406760826627866545526544768667975192615907916102635817869256361156507814543935592157639319226679
2334009552283127533797776465177482103729974312159113813574172402887850348303075817028879107074246600419567381818392770182888104306366904293679275468694
961496707609713092238865380599866280863744957934590684117690718821280898803726046664994706040549268651420529117184091721654180097487858139456595055173
2740994934152485791279487310679523113718592202955543603000629596095910676779816430444384661499397484991760606596526595098270498735383560087205252398685
1974925846539223243511674256429051795186857139053018097639690448285645790561909729029821620407759272965253414845040871566439140492540639185341540760866
3117008473779612113302191450466869325086717155389374556007481911806987594364778682776667318540866820734607059099143408764623358731170379123352855898020
2805649777047419515772649952559593171342715150872722018470488267695566165301320870757743732901468369162491746200723046592614450590801055447432477020029
985397900894243025975452651561052532226692292807641460244845504716957315921578106392494118197823720481615127817184598203147564325665644424479084402677
304881111613398784358626881920138458032898935034168864697189425185745614518485951921739419407624314006894261882733679040858706167404927664897831209410
1499730371099295671687108045885905414201410293409063235899986953215775380047459403474492691869539679655788678203150165604659941158227120605434007230302
1448828955885789982240035933623533674416490835380377013646841885366606581660385692270715706784216410212799644916098027154069425529000095133589293419555
1985750030407617967546510024591325621680955571298190941469327330855427797823651945120574355049433343372959188132014986309789619102793250578224464063403
228394042447408940218520975742168552386270804701965005553265090046746372337701811138200030963752511306169373074321912710107171470567115883213599024192
2123439775918634410121862379635936416578212408326507693574599617420105651161613079556946871197366386329510844290498953036962318202475245399918977382796
2928611317300154660945240819489258835923376828677215195879535358506742642244601480035731696592544649837135649715478154530127794099299263086098435227472
267029570044021501186624079481399051414725409972721851403229496798627840454234086100441694235230581057566675109335519109659403352463564273381313736809
218663050358850468983321311933851621628064038795699412284635897650867887631716814596632148577281235194858176650489665645523479372829318558437398686241
1209448106755705183451779383209709240487643255305879544288932859830658886507793565017269493159514749781892039601891343066032332355562106143081276559072
884364402989480895825977962940875162076260877287921268361161379385780499266755942607268675890505257641588679593720730783391312713427430990402764228916
1186356347959757671502597114973577815123031009704593706304998538195911040042867861441797052835563088530577185990252181107386401555187691672713689015921
2467344019500839165542392033767958041522648930441128090985619666926812055792897664992510042279315626103658990828044436874292566988223200890693472638868
1873530422387620423520680619095718056595431707173154793579450032057169291804153180254284848024413015187575687474632789146359645934366807518140876509263
1837682848541896344001963365567966700802116236479474247337237147750669047041198155360960500311039687086484815443744439441262337772838929719531019901001
1872803200353406071472769719302666523376107359673063753211488261884615836200851711344011651405297210717732484555697948839181376696146336413037900877110
1963234975693865307958242109999060455670468491809936766348478380148157637457498511919202109496953308969655259556930128986207108816194455177102575599115
3119344640511101970981477161164191803951875523994262683492274530295046987388031335107371613626812735008175970737433205434980930825960879170714159856861
2210582915910562230085728282536914168563924352181526411276453293842615650016499098824041233705514147249215318343371477960850584625522750915938843817004
1614614961706753667322536166403630425116421021100702286628767814491785625593329291958365021322607194839449179012135568016440052927277381610356141703432
2178152402996287788868941157479816021496637776163577230183013328817669177688914703769798448944502387709806404984033852277344190413671741828075431298855
1655527476770716875623969078276742094688912036390786864671115561530279905736481895520174659058541972657337728517920275409161435788622374285145968169
1969633038323444318200163517959349452152280133278893070569985209912320983746421541227700290971076575279883220295919508828880986791373706621807184831661
474057092391907192445100464201128909101872878460285641488236862903176244513531117928634466722450805600613044656566277094339181784834533083561675567573
1457006244027821906540751199189369900105708942929867570293159858601812687383035316757649983222593672941021279355849528741156357694096428725999975428351
2032047176199199169126367151979757299646862537462315427588872422880526259987502358630858436179216040910700101481209785176799415978673865123014122621200
1012863581318718893817111549428196298127311460526452457250227580106271890887248947339907204697310703859090503339724149009796879232362062856418168296869
293112998818005100752619962811871832076286817230435901557170083146533658421535796292085465607396964947311803922371174478926183128102236604269570977472
258897971981392423417173415926114291218778256820203999136176912473559276189859798857593351989257218369136218877964609889370629859551836226637803197775
1156444121751364174501448728214843360309022250843797793888939163666707366478715619726522770111507860238993086123233414022198375223351006217198648078649
266859774315834790443347964260627389227158581207809419624044810058008803736709992980680765597912013371861859165694047974882176225908979865880430127768
140838256054052268308068973511138433792091685934007681983416789960826500663492719142488310250361766467998778712268453836095737128632153010459519184159
1239905655655475123250607719902062027958994633812825583119260259016821163905426865596174064046964748315008583918526088015680965114641480445318700800928
2178324424376057500226256788047201071311444287142787128395391052984751362063219689749554289593110273639756592223669832679129793739189855336560559677308
1595997696783994802726874544743449054311050231958912016096002629306892744052127353465048089394986562491532266829175278301838064625972955892740666272940
2512815238578405980927849483786233386669818275047071926390014022199447361475476198321435926757359606784499834588152553226578901177536484096012353006741
2492127039318641715183501848856455513019270461680033984323698475377284823861260991962296256108780823652853776956843354737654875288233828583176288782827
2320051997429712993485940019692387024217342813109411784478453750582052991150684934418860014247507611830745116674093762994826267286816059779208121800679
2403358014385434286410460245658679945984529489838575995519556629802580951894661354967993165317059643156385716849021842974817256609679198734192034739753
784263167969686331045076527435811873092457146612433397158888188752974638971641731921604054131925907284625384038593367542817533583668127935994093382213
1527773757322280054690153099747585486901916967129780720863877214281870630872743791144167771818687793961313005637087041814710222427056453236595866989571
844131370581388893174555712658700252172738290645854464333547227515105868383049062104495235731081920390645866970604798267246998593958281773441639287835
1110121245181376224342181989452571206819093997637991720306259813387942179123752437265803464422238518379428896458979856548542592184400637578752741088558
2441451194839604081759370420111294019209997840196270611826178460491073492599620421522709132695475589710605386015421977913421533454273099237099625265029
1409678109421173788545925618303359349487433709152636989294094972792752816232095194954660239971970785910403502670626959825160603333071066816947459380643
764976663294161084521543463080228542502685112180383302094461474987946893907545219767629672994290450184843849046573011549963519578910467411827188791710
990558186599314455836526706266560487465619325617543014940453120586147163604393411957229043927485090211086002793290040226992775933838402887317580419838
516447112356439483834818412154354952507581551988310119199065054914471454660844552376135385530882098215492326962841472163565394563614794909388423815318
1020432189575353720123246499484642816827052471189307001997854470580937844543421461127549731555930307758722189429546901860076879105795647468746107147360
524832765037285966505486732391854298591041675845739366368698537433875479199576764614783403250189297754646940978350109397677058299661666288850704181763
2870588100847496311132713922227294599712502005190169419733036338236686069989068107261599547261877228154848236058283101422570703904850644421081014641102
312570420957912193348571935669437205143547559627085808693960781636600942002744438042315132915547761361463678080746028772792699982625577115114745370469
1968471157459836498933657777091955577587158848208035831385449580971798565296854280629112374171333797123526247939396168190333350539541974862651440640315
2443234632013030012904145804610463233745889188545246841084698023684455440332324536913060287506140104448501001044967146780825452292517949193178688414887
1726189466165479467151046087414237989553670384248070851917412927810430206070669321914612435161717989852198496754805625347831744327928967008896660006875
3006197866559295416641404760553591317835008369426232312992953975211487007612187492828784040469453891975377349379978760320570469343250636420096884424894
680048741465383193729781257122315250550263837740063575879079837759286093576767926868429825520928976474109216302997693446508188706720942353111591701186
864042371114099656945464972028234133330221364087972238903319190162557255339009833437796087405533148995486554533332207016888110660354690875696049118993
1845491425327898223542535402767233493918720744007248649697415303389437780867049364860739026518102477933399680768593800030816821310940839168257190769254
1307436232065898252772949940762683631888175253375961603600366061092360061933032221279189912974899784125227329638910185824203587420762592018986676011784
210616062028760683225433226160575840021371789012171044339285871407290499161182885453142493411153478321965192164976293173718484904988870875307707880947
2974731866947290419060506689144994800472724503255465228775082244723952304293163247932339849160025571356409941808644541256758831880270563233031181157814
1496621527808421902423957284726826181821685055911092697543625907238303428897292068265493698293621560942785429298446399583846317953635222583475979746270
326253671386015825081103679210662121454902478295191536902221806358389393200242736477748130316891113123596764360493017659853774098895447826413626239710
125917239922634157832818608062924102621329057361976104197484561590501988272785247491995088690609987782432978914766546267421119817773721683722679401417
2998233141171805263058235305576706083986609065154281780335417615933975217325425852979955927484172536936400809197588767517992238997156869795868906091642
1957920143797172661877665100691380967152885670549497229233310808064390054356610403733001695226556486353985657834101811508032948864808494407376706894701
683776877526929357408383801733396564302087137361207734252923419875552227229441200240966600047995233925907722695940943297691445091089511532689166012955
2867079230037955595459481696123177989058968729810038758993953548952620853137739899996265211297188211241691592106913063391972109933491361404115555528072
3103328809090075928126667091573782778496251600016709841354611185698719681524746669719610385456700630878989121728951062555310905675403625678436562554401
2968001452461979517297185336433217912622133399483984337344024804504596695421840547768908652397325883026993224573739627406142901076365722586671844486769
2115604621422416223971572367756738492790497378117347856537607814727357669109607354218590449714077108268233964212102717801598056146305541586802987023528
1999680943367345579756258657643518276837919347826239638259550466370366436471713678632055097771112990906083613065326659043270206541358122149380534699632
1368737253447582636351915420292236414736899690414906023181599521999128466164943110875553606187846270671681079661194843319425415994788933348806927698123
2736282493992103489699928283334966011444041724083030861477529252834098173962860310981761418856319099501881426537129847020151413145570429588061699234235
1273972337531451765206526510102660430955426368195080557395016467191649892440391352570546122757851834067880094775711203608731739296310011718287496358347
1183894307977747297387453126007622430729634643614218744512362279685625855121735226765741300403371564599020938280382481370838960457816654753863361016151
1464299463429577620510885949758620588966660939821930788146971258664682085457266578875591008289598420044562903920543503415975837829906799066219118418117
3071492081841967194967570508355962276695366252912669587378069485350111914839526251408503735297420114682077129795293506077862131271312957812808934690981
2207064376435752891012355895625678580237904306560626057375453999947842023701543834432813446223838630862865771216964754558055876047266987896037350417297
1408491976825289227071665127053926016063157348976470031339303462869093302897694432420323790037261018468460687552338763656684459209741985560864316262479
1420957981227510255721934753285849250814685296449865120455087206409853205330132289065432309719751158062130158517105306404621639520457879029059481452379
941416968007892245209292396962709822110218551834733544980163690713096026245501287645198816824229177501956229755655390493567998031941224746951627367320
2914971063782416121679672072967482954832122972931462328632708692179147975022083561138258197116411068490645220155137610477083209021657298605844204280854
944783654346269539807510947162052204085581620782415199694516406350789918312893392596952944095747625158467686491462433683758442694099969077757731524734
298697280842187227766559105569096853250649785800780487009301640834677612064297462207224326612802469788657723898331362616886402267779925569647369860199
2052597910595677459789811739685715350402371770937555668479785989797990685956836364871171540823835869876957397464554550281076806148579848042627829776515
1910572531946371628070297420057272471233888174633429812941704175886541837548195503432782407943423910709109034432602389116551517283866218150370679366475
2052603761182873006778955278339483787420353632820650837730813792882606827464200879161773458649517202218795873382370902419127519684182104095399362786315
658115963997754360474676821447141515151768894120651648483285732459701868788476057118396842275511784489074250918552328719819135758882563509731728290786
3213248008644017156631131804493919614212691629714314289271452755279683399498689825679317301262853788670337936734418449459550261425201451061530632987459
459811509241824068296402062738590957447326922449425124005342713989368227232827743205158802696712288358163506948512949501664569341588709051608218506637
2064062213671356708158260142881539223187019508274817679069289390731386853086553221644895289570190081189491306050196558389738832423056214927042895230992
2499232441307607695105045585192339436238056164430369672126478789393384312548127541495356798873656256605001125217864775733922741487373126570117554741519
1149751605834439153919474202699021359352780344940516944068415951062895158500616795276050890268358600955780230194582092452390666126018691915187466164661
2779979664466298644627924151981000659850147415133121717861446138087616337394580700791536586890879656956736338833874554009297975500620572110439025034941
809059977521206211868042053180211522329277937111684759993438117682207387190159793368498938896513776714195662493650041170308434498018736263424070195118
655248189992900194132122237608277799875066515363748110545603835906054353698921342377988922608835029769816761669700616004126993049169477709716352112961
947914629953384051685772013218146594370319921451146310023690546970938158002222311895458763299333089510107046453191160858284939444693759396837868306550
3189250521610918901565391592911487417612223899352753629211921988138723050201000642290964690401213400351499692908124022005030121925281710523105457704264
1505757324785655901716664853094321660042213753302755041060682181792039668965055109844234775761070450049371915735290247801096474461359917708160779373111
1188453056984990775659319795982988034254005839510627815479748857828808156693307165547662087330281025933730683629718711436135233008814302649434484887827
2733277799816086094693347933023204821137699367316043133617900715250514916889761954072598386353568669089883865086252884105423526859131461381612793325557
2414545331415618251952515322146945984504957347583961864681669282817909323244402973396603820261037944912440139965949550341184296271674972337269478941990
115984704001667990634611920674204511841182433300590269651455349866045387938063874593500951339225489776742134021983177514766346748269579027326101045450
594370294214997625544374270964471097364720875118631211559049060521358339850241954333356387500629626582515964865403908973244655601039017029342437810075
814800647290640511922147959820773552932380797509289100655778119041659022101917261789015630255687965578945664182657119071908919820295678376567069788318
1885330695819796530593006636749766562017792151764694116121153816350741893472218580452061265381774295424581222894757673417135950984483641502474134865223
3050357047095211645709066008323089297085250373371088167124334809255276400862048948478764143589155192160049444194931927373454440366716156566724269807497
2708158549015845843907208228559285150832816202782604242986864051881084171259905011795272063938861372709597172917229777249007239037511733300051033225170
229660701298480137609743034425497991246291922735930310271915018751910744929855462105606646318395624757182687477141637883225399132059711906687507577539
1724299359331613633370641475182056995691461911153728937997808326222459938216747610427413630851603440511061576268581721639322276272411716322943028322813
2132476881659584063282110739042422010435522877526298559350428229004465289925059255882087106577692220176355823054877741936778001964921840082966011721002
1587567018188065492659046878464262091083603227467792128842280182269048135845931959579310733507147423443733370039349376703012049056972199572525688246180
831766998095189590267350388776606049428290831350273004453019118180295121316191657838909956804307624374991086800627237409067472764209804117607445313536
1023005367978969955804040015443228228167957509197731401011403905295743748992866366057390097898449211128614258925028283524457105811698005985428475510756
350544414941113898556990141151506532405490409695183762919845358446528775854100705344108200793481724526310652397103764473618995359842366799543476722626
2875114140564195936327407389312364437325632740074792145709005059422060913776421291096494510793692423287207151506304879684979007305018131259461349706327
2969994972889622273394238865189828381977898522660226495248842080523110879348343489045991171050708355784382806955918289782007305516562984405377613757322
112987213589640315200581248010788514064390184792663655473014158911933684346870794613594838276264331264731257032681617214634790156762790619039120314829
2769418293759571263004202125918451740301393265634427994757379515567777227662468035701078352892499268601901680893788980937312643780719088911354352752097
505937156966222935366056313391951650562586120030091402835365140856388311722762661777960029476081353140719542357137111471410113733633156424807184434025
1483836200480606282845573831163810891641047973353059279797376481518864519638898719272531743535108087391248975387044432114141552866512979865357314735387
2476839034312355547935718131371224181032095554114642390776469832013095619389449533660096791535874207574932866140220770986900179318355034083593210710238
2129487126447724387992666167467091250832913504311636982874506663102014713647927842965446527859464084582285430020878182697045744245422596737435060529781
833157404531373011575862433323145500459909901324947119089728235278134980775686727587509631452665193976202444386320640340386898392132890518056840119024
1500230551263512899008082535301460555453268047586537579520103160503641745470381113814132141591060279295748184277609945321693892377532994168823036962512
1428041171859895503187871685329998920505297757264646342149149175223953339431620412747179203395545146153284901354433308025841314811215755215312699632387
2048996313337207954544204019031788346726841651039729308287018528999572332165048042838691037126690787384457527846993873596481553635347628088042135907490
489542556142826120600467021635069723015273909282594720738191901570747388132702269860757905388192982917067457841257017380927100977236271381543534711959
1535443390771385473745454924179417014276609250181112390835805441656639159682049017492300990577291457400770684466996871317997553651846905211223712645466
2179689055226050707616068349682557818420629019163280955223153786312401422093554660060618941602751580945822322696541090114509870702081700957569763443509
1293789775799503278983110494041368077826409637697765350601091374297772206052883030945451515335571250542073634889337851908141270403106897475292112626085
1843663618544473952227980387203189516376537512498081767729848918529562304725986633233332123840621365622384327417163772546788039415926801688401630759178
471468884443204633315287829183762467156614888663016593206922052007471287154956886768921256308061107209717196272313480790136992742168177129406017818568
1694131214257725202248252517511913061226362503047171710262886944182384028088447550055322395187015237405058960044101100055193591543544084430957624242911
1508517920581015400572093947423161573906589725347350471118864359690836880188936121082263184383907993787324039867331509986766375488058342906947459470100
3228746907746092968404312963937849364920023037422059817601582982116359163017010798993850888070993207682527712420312731151168059790378596998369489589616
3093781971642773309897997214712682707547618973429039630088715417068988833626759705716399450290255937457996561671700219229065034521477973909545355653939
911967931807874477764786568279172321697070914966258727955181488040587512894161554251663572699084056375300628659971010665285803614721795889416121267646
1269746874911084391220958247509402747446004133531975837875708300759649514426072508759759389019088002975937702260161178125947553835336227938651868399505
1955857609457047585272775965765756249365715507924963263756332463271211258830698514530046236511603559002890466735607299842512739028582824474368593877665
3036510270218758286907126906232608903867632787722010751838767486117377925685637340730534407590325120361816762516507750429548734767065222897016228900602
2712132436353149708912950013382124927255460543249066875905098694965507389439794053722807457999736151791454486481858292572181238580216473700617029538467
