3600
~
50
~
2
~
105062624051105
358313796323520
748881119456991
865717211024757
982880410927217
458111802040460
629994176538976
687905391747497
859925683300240
555078765062739
561409357952461
765575554668847
950942738572120
260496458179951
968885933458000
772620779874503
48384688537752
1059698631496238
653490605175492
387425664415168
416763245507360
359041122565530
965799980470916
472032982676269
735701560958920
970192839931511
392898395574945
824374765102460
769821752467219
447236620550433
1000677750173605
453699490622134
418443428285662
658667883101380
323282887195879
525209193274179
912892082124273
500168075820217
627431314726892
474956836454710
861948504593294
387832498968398
761900343051575
570878414643066
271100858336164
266967273977643
1113361669879165
401499757835593
474302750829036
884208516428813
