3600
~
300
~
2
~
938423310316563131036084852510025351951610248501405095812240637463108865691288728533980219
1600317144956944842954266792656167190604131226980132070685770717833320259154729189688357815
1146072926024526865893293659018705488171468615443697438420255589327512046297692470476820298
1633883454487349329416706836291597309193815114522801802480492990269454918133997562008289825
1222991257419389567322964877000760180443623857396536150108586560906905800335530231054177362
314649450028646391692105927785726892804677717964382487274344473971323910569296304654947530
1312733648869658343905504629166157463401962160459741417009138480201612167835141820240197661
1158706308821473732782845650311897431936148734052372599726748824445673054354452658774620210
240569219220985479156007966268992944952890940591237361646542718684993488537719702270912877
1648595568065404634911269497400923884220189341635521094576143638675363017125043578869643719
126846987277480770706905732724488670767382915780868221438890461575280798923554912404207346
1369735197129472384118927026693674050885861067500229421610008588778546017886477317304409014
1880027748363288643134482212574811920261669468156064541813943426983596770831151233826054898
1880414741154845681501212072932930035696289901212835972378454670759971077472834035693824781
1799336672143153976401990205765292834581894586746493972230592452698722209499699105157202102
1186492249659185048956318624558176234791977353736608311257184476057495202565752541963764672
33242702628177003318111041734892002343474184870867222234187636959452967677110961347379680
458028829589920876597140075842685394882605133470759423225212380754703809941517077301320658
1887560074929778682997470329263309446856084486136176287594915258817691185834481196779868208
1644955956112468122566648503788341289000136501205725429638791314794698406011868616855699271
1473908874364285073930463369522870852152922063665657146418672343585533713859307040855141961
383173134096388482861932258545568245003504492566555213119893798046759191961526993012258285
1704633527082568983813125200590800669921056688647491495359023166914711525468079525762611457
442413551164752574636795540176633809901420710028909741079530322815606483040907624264051288
954886789356858197019524216297063961445896706828942839553138711060804595781597662676175740
436371924785665611618562339958534372966186908868390703544431556270856532256371237309903661
1718876164311442976654909313882114309547715065957095866195359141814972936444349446558400754
1392563592757034137022104327075107929310245031047549011866962120628573428675621453787467365
54900321454260235946690511407397865824049632765327879144355494592555313684182736501179177
444167092141407507196227146705948797978150636008772689574477781170611864327066840223768190
1824728863008266244389893902522039886654049942698071724492389174321411010257765195273734860
764206756949955265204468961702335867418405566299504808904978706615477137077494986711160382
1301424272455142249582596364056227939473546854638370616966756482917599644371423388394365775
855550528524476248856716070691230589183776688831137805040669130355298108023874999864039772
962288433099962358519588420138281993248949456641149220364796178888929315918106053090552127
1604773239287334815744826727249643635692967220705540291850170166722563816861452336405838294
1947365566042262509373629477394850095819044963876338304294259171919531977465667586367156470
1052502355689381637262910662549344200838446139894048377505327392887631512105806045035622763
391982977409003296666486836929172518893197951473372917256750280122928821493672025974630893
1878963868851292592756188522143369554714010401089510401582691611301196154101904746933380589
288566791950294966086548593175855410340658121039729814583832127581035725049827250724255460
633394451530074878439589580812886389241090685422383871679583909014296302273424423322316228
971420965712642512559541249773627819459830907920897884117367744096492871893199213032986430
1844761163520570034584865348857478968097223919659052678792760593490990842347360034216707827
1990298175885961408965744474369429484349623206281079838715272675914870125551578171872131702
1824148100467742583696005239987011420752912435691060342771491365026019365521863742104445114
1717164223582228823654623504402314552408248995955797921026994497388598203647228853314159157
1766228068814508448619929639853931074781092831308279072293311624585600227137986510329386509
1844875972154850182904893354302330061414203336837154909060789614251100387102705700112417524
1640293160519436090872327075674224540068721649942240726585053538699766083679668808049437904
119097480056487122012286618375513120532292501360950159154614231845028993622988697907946307
925734290088479696187718851198101227086483290899476845574186170824296520541270507168102529
1989870751024955701827136106349605026870446372026494215102045445069044649608818440313963000
1817963203148863213430416702150519763647104136984478363071822409705329983042675001846632068
1178592948911464267495139955126887783304790502953163131692192491881274709339012675170456012
1448305953241397438428310358635642891937488299148888010746597808780951648654940123643166747
1709369863457356131783663064199887839559609371824690757472110984635969367657447155942721810
27404857686260658126117678240022313839131524867634085475684550175192047524557455025089196
2012561503618069491590159411921022646320939568979426824479842440667953816729791126744535370
1434707161447800031985488262674971165385246512011506387250523212890552878897994853959024728
31662320116109753417798390061737438415326925508903044804658789889897082516764268645270879
1002429287839695615571525948265398740091743501096859698293221303420988299035659722060322978
1913637729912157788678048753072484124438986903575326720783825021414272075929274893933497803
1698854921762517357629481700603142052110488157647161859569962537245740350675450012314113153
1482083997063617195991373323284922747158924269267286312864667765412724855702799941211565680
71533200978482157946843312507897219239304677070705151281823773681243238816795218353392175
542330922907706000203482890515875149614959517463828439256497567151297179229255891776576621
796869579306125644357851268860124588337625695472497499183690050151604274539824055981050726
1244644967554705868054991765022744024216479988531974306654371851874160577387063848314591809
1763532787370093593502574644546618251904281847305444093926305153836636330408600356525339194
1127203280853167971104294792377927319189416036741441879679500877112722855113631381533624325
646495576344840275162010131834022419108878517635795091258791074887373264407809605369907802
578725707889860102798967256285755535703728498108296647230982288522481479216656875174736066
1289902535160987264316080491653189000278199585089467659017169757507080924099049931739332169
299485645093371482824848907174887696676642499012599932870260732402206927249090408993089308
951086639492912211544409137299739919278080320783051252615739526379503645667401661047958774
1161651001608698423786811075251012391575320493727903375112989620682717827010238703003325335
111810364655020094991981164177185230845017029475253171473461067028848452612152934097070952
879411149115150950528612416912165179485632966721403453012899342636135879909544034708809197
1701972949136994814637244017416462720302076581887787894045312972336832484461865623911241361
518855508671592026845878315240411971783457680516160201562049282906458719683646940891386980
350371744918716102760649636650464320686708259732074845990164935264810528698320025102320798
1911920478400134656203935671395121846538867956841077253853504838935271342548275580753613219
631471058309285733979577186743346052752547651454158196023122331476399386898772539017723860
915438758156194095204515870841649836385155088292933091011215310961100945883373097845116480
786078221860442797246077576178032326784119303043136360620784596127744806372592654056672617
1302877407832448176201703224116231387730493414574322844703894330514217222778147594792994751
1734470231323469850633990168722532344093286066986509643132253407212720925244579718096857592
6841842159194794783931564062200714931666669354247836481494250884378762985513075310785950
149638685438558398103824721935753271608350837627944134047609985743192707459251173984137738
1194403180642785463602667875034836385550849247246625014532812328018946651438448949170144499
1983783003197937209297315965412740517068955889755883901327897730690286896639696971918713291
2034161238152007850559828157166901818131847464849189875193519738886126428119702264800611837
1679123002521231409612121631313572105821739509121383323953828800539979071720376070129313720
220893636672200243220532288497003865781218491076620474377870785438035521184590146390222818
158879706908427714442362078917192219434936031275917287010692296316107037008597616383775182
1699636023237908694084363738073527980772524293233360945919827142944557463997758693450707216
621881037063245346291537135909760186754341904944068465865853491054610636687830562499178918
1410005538108949730520409483607596739484378024428225150628747231503054652842675907943235112
1855523050469423173147135971517238647672251435509236683552141449563124128207175894157589070
2003719793310074322968790562129254036693394584026174678961051670928360621027490786678069411
96628146555658358735199655658909933213060831635054733172103162529337115261084413784024903
464612159767365831201533699015449027441623381239609212962371686720842658315251711457404260
1871289312768961105856596092890703603417140199165199289728632054493296959860563442708644974
2013966636517256063868728203204547836962277721696469552549407305988843726527906582361959125
883964344144934743838101772320083680988857752792680300336958767786337021542054754398564516
262418577877489123609093955066199459239662598785209163171732767867289017377876613694604184
228654969925792168894894447669824561165608098691034586891307155805026129864655360892570787
1937242066529316525565306299935943777434889326559662631396218454735207934818949365545168505
1125912076226169160936808844666146375733099723834438970657194644509944874361631418288682084
1369124614728375497684224010767351157942216830196258764699018891462122143450805659694717661
2035864006622465317642255650054632563991599213927970179842723264769106370797371089171215280
774284511818374780022570820185338026850713924289471595967568294923442490766397370747941850
1993101480877823773350086190888430842105753358002894128502651219554757108810643176831672195
1575521320975826451816348989454071203331868610441567264270114090989031890792328829252341378
1151686094124753738970048944084927770008483237514786574893523239829738961901988634890756488
1318308384012627491716263762515559392195153926650100143845831380822816548021706562022118382
1488329602811600766648464729536065353663636265644063463261917758118561833387260686463844573
886621693059620561830014812555212056224711132746792681644708978692723373206282084735111942
1083603761365519408655944617869454635333415740510479082194667047636608569996682484526016731
879221761849539908999107350871452186923687536516492809552497485132563834620599328103445252
1548746795539958926493118247855611187935820376136027684192018661085460585562263054296634247
1152725725516216632770801059684854660862845422886824962552363277084057525474003075131518803
909874741780183510500479233332401633558498076273059697609972723952720789142745105000042494
1249996304810120196019537736822660888864870662160827016285098937480805185605907956908881819
233330389804073631460182068752660370816237945230909908136488067371431471938359736637985509
144470797315411689866798084667711626829828644441922561926709856020236352645214919974248669
1795270226500483904313032784404432002799577040732851988548799519274071939511305385894228033
1673903277661606429518460539019000234865541168615619575944294273472072437425881306287939504
892781962168255145951211311102832695203335538422584343251485281528884329171774969011091137
461726715705134193336200214580450122586478771342830406036238837099007064049431235877188541
897632886307375896617250475866161234552119506278281058617295167466292599401967276597709700
954165660844811334878707222547414556688548394124340088432847235357211047868736129990915999
840693499236997397107080292355414877826545750079568478954891907468787362778943694894901866
1165173233145126442690748843468570848918052364994614679775605183895317220654178537825732127
1587202108433089547391000861962978054091943008582336352797647929737919759958814912300637986
1409789091116845739733683601444826024628198979534812881734362666874083896075435128629989933
534033650325741145032152854630168749870023681577861017279421346471066131863986016611238023
1991336098431942329747084792692663253092198914820518991496781075810827941178698672604318367
877457083996022765882675327875174514263502325327992079582492029495929945563400321677419406
461398928870263423921954307842754924194821630799450630901789284997007637249526331308386450
1625194503798252343509067319537355161162394216828870728344415244633038260912605021106999278
1870194751300940106877746454440819893710515959195366308141472259291838024933629423696423522
243063320600610730609672258583625669071907699919052160097811931341385629359107976560089929
1787305195836601655075046611033525331002431281249813547002320074197278766971755136574643242
1327205994099895803772780373946189376248375945311619429138820264105174205079093156532920609
1638083873705988372951769809496432235212916707070726464932195605561143214010294787296386956
879653587654758471582024496217371470426219634925801025587268321253456022049136900937282122
1332348754726649026329471243901370195739586716397877096626193181408107880753303736059057509
181387981592669651000774987847979607399718739536301576058987197661688891170141521094356516
331226705482576751882181423974240541186482245873838788118009580397403886965013265721349707
1049440395924098455238434974243874283492332370999811453530256426060512872728939516273053200
1070875171323180241949160538196791526594063905346136637131295571634222865730724401914196977
1696263566232183318974529452484968885793036318090865914031020302363071245813221064524608207
1597964130937910219696961880778672802917915416926849295710035652612301517371374124669861874
642183279070297216069984936391252714935525345185917496378740051529505642444468661368197072
1165419854857192693734645656512655377128103848216290797778899638815956481436599575758217502
1793073091687025201564770040633222368351986327798857770911303175691347536443411227173585560
959488893272101245847326918975497844605849845008370398785224738896210271866909903908048815
896422908428155024877163016595807726010753112691684767397959266313984077540103686341246057
1720735510902635552273947245053389420426639096690648099874239455819858695221962343292581653
913035074654014010124336235015183627045900784929006481711605726884391402240597871828100790
141812240856947929647580644616325102840083385861689264900594641426944385245792182323849635
802409033523286758871996989581531788542182766366612134607870425551058499087700443241340812
1364040253874750306542224417976899714494471436880616803064101184778005756403757106980526028
1940716109224706924080036571892137574133183917408296259687812815688650876792302442466699121
1095517149320940721238544600494175463400958892311002123623943860630926543765752778413295862
1332524024878108253364114406234737773215205202267470902199993861986029953845544662486859650
940653973152840721553840389706618257502349019100986141051856216680059004832725075944458525
822277099516195164384841809128404740879383634957497948057882797377637823954497395061993519
616929829917051036586494525662271539674902742155935055902562539191983516283950952064202631
1918247454765968652978246503349157933667980270214419624270735306913189457324160361507311526
1365508586744071350028406616050811879969116848725210562452895193707764186074123687605179689
25061316157768699228942273629303223591684028481742002681996978340096180110208851626131519
1688647015372143192670555422021917881360844346151256782788801451445435471921911746076196343
1296296055838663275385840319496107737633250169640191593460831550620331145843370777363115406
1737952573294424663521302224839298976344143402949449251319558920792626630813603774153933806
1251830104733749496785565966226910166978122532751177534721662522634451284451104384079628633
961092474650631445357017858274239310719517568063500896615570758497333239826990738297146982
339700280953598143352040409216214961826497459079402290541166188781845141257292981725554526
1972834624464324211437530458253415072063571608234410673329464299391268128166569815308890678
1481049829623764810864800369465726218289910475648490307840156093658683022171346911866054465
785146941319966740347444509318463503455984391541373770961395338435290228387938995911760177
1376848417544349569289384987633266145351264174773495432056342909012146767128218429335554770
1910018208129114547737997541701697124091123377336626722603654124248307463901220155023625415
13138651715613963924913058580738566533601786800583969101638245844612047713970192628729734
1266479979984577447806923138736509030709898507678570142308440626239012777335412814482694685
571838231696710899787135728898557529587539274717153802761495414599480657412531538689138366
589345643314186715840669446760959803323209743182874718698204275550849737033585836126442417
355350137268905833764794849850548509543618043803690227050781429983176963934707157790449003
631388708673255827041949026589356805759195266275514155634992751243174129542905823351843550
732598815489395725856220838062909702606783684333131874235529077051025802643565553631742322
131524003901978799941602854644039354025704122367129476422783721657637308496881741427729962
1098631840327108697138415705048720513493413894318539972998421120838344569093232486344341433
79363143318619871399213305692083433303329833049213789177162421780334332403898868102917510
34679832045210561292242844270699964367639226809169311285778161357931673769388121958907985
1654149544220279992416275376480689119159348712762257144655509306786626465070921012965794868
1778757122605933149246046580456679196613605998259792060735212469188192003338227478017714649
1503651124923382710670723754483874545902878469786328936087933744822670955813527164636886917
1126573016000634320797936293957822218539690884517852057712288641709059979722941783561134889
1987782334652715636987562759918850736470246999804686574302124046873889304533971423472453968
1154240432881351304100389523821120296292187171320201845204559786775419803432773346759128209
1874122997237397289978786248074745832660362494550858548343789771620743597007926245139972994
43387260810364967377023255227592800936460771162795432816672919801999114555581312037885483
730589859558356893410558924100126667832726128570743845114686844502905359328469705209918679
509704955858296157042397128544742350329286871245633997710000405080777388565934226769460998
151165285066242424976789487065580876899539253822975535038467065392457889511521405662166321
689429592691874433717073785986266516432168369227899707982946724646818013279697645074976012
780961047962926645185479935563840255698887611345924899991849234985815817803803052477321191
1554253824338995155483182058642135372385282382917555108491169729451027136859697595980682161
1556082964512890722462192993496929665525398144331056861629107520779767727146304598668323268
1905622662305673256919540261851057282622202573286660587634482305241222379647641622074419680
1581909161848149750250995855623114654332589228920989484331987274794472155585624611530928001
259864970984143957640074372548292675500965387816920087235201236209016970520813675633113175
560563616176196816556456898654242379486427432729639170324121911934737278302266988130069556
440440438755789583146807952686333314908068117064749177095264490828777331772166636034178776
1197441184910320016305929435144901496445640969308985051225290063297481404548078346493588992
1892802150366079236753131605190836437113830436897742359906044678922266785254914595443863734
1655753713787928980675744879791924579375581692693129669375200786084411324144504246226182235
985242126513569808895253827620512762299780171983873632019015093993950868765951374878047314
993319472829578291159198833726373962175808854145852122527428872026848320631087360356812839
685127025592128213542934627475984027894342641725105652121524817568318965424494374719678865
1446524041299453565255172324521017728137669456593071241460799892507135169364681522442494722
1578287210371734724353218917010534140727890364831199041041136314456897849433909602804781367
311183392143432780883538143337282753460833657472684023403408783194217551198650809875723066
734013302519651369226583177733398871099696349855773688601236749368377765333744207476610206
1558071993882178679607806339623365648455715651991763579472090850416150081252335476842798062
329475463304689839698136046367076095050810894455176000170470312855637752540640641647110921
1903780544620747530291771474758285557344451341763054441635475291339974135823922314847043766
1642733193887423901467811510106029719152875556031557562191679824172236621470782417090849281
1476268241067831929614554289977580873774053850830398661441229285367660959802212150899248980
1122593769440563853417712885264965001369880554237292307068760430894025900735335460679692483
1320088603826521820892629183979789898850389777478166192361718943017802237795099915063512238
1078251090208418280325547127563733439793307503189478545229651267661977562831465923786684603
533843667283521097239542558278397826564377214480850367175140934687667503910983091894637662
111356805605726441568520970039654082583196759837238988480391656078156265785105948353733088
1390484589502063368536545443772802017155738904283400082360662565296707644605199033888335780
177183646866586726927251580000481830746688751518864950334242223273799852586311986922595697
1007971597061534738035027166457985311079193318634083997916378653088822229805431647223482975
276856276763239390560981475610258182742205378434052915091414531579607485709503550098865149
107277149408091442833331416166480773123098083211881102947367159772687993166777719743054432
887666982099692558997130448221441257210215200050332611980951479471841860934807564762350868
1793147091078988969758175737508682464075980882673888717417620028048098308725811256868718842
438079925926105782230584834664402877901548242001665014426638095243018088199653066368538102
1935790308036598178051777351947198399645209930551119164399600519630959719900425775136774410
819741963249099728438527392936474171486131419030215175445233420800808492062780309419201397
863698391859754380631251563828939208070794039631882650980622288519912201011209290433659364
1410399893899576279113387463084217495582051478467770478473333252975048442443602647439926527
538397943240879212375331369367924225818960608459666612730158278680880515476684312139671962
1512388511848859627205563315860455281119330414978659460126870911200193052718955640739583861
1076547164191704984873600470796767291229789386520228097334896872945810552531780969167132524
98287135722581071013744037672608802216539715293943736391593922617372479975614820526312516
319959698770390883011121010220700231713985706278677321743313990953164580826732649358419606
1431659928447951963775235178155395415586752209786390851029492250391517788466387637011837757
1844257733736200530573949954598308756384000416181767204321175440861995934825112085896086710
1751975423295624751902062186935150740019047555566778897185102449501212522619180147016076558
1824073753175415840302787450486665032599853400313985768722647121145765806822580204584671174
1967630576900606843789123039228881135696953727849143940541101597161042039160866917454434693
25494677200644913729195173595539034008696442601873351476716637243951036902671692934864903
1991728856752785917382671794698757301433689157332547773503486591794942074321177038141844280
934066140236617182585348340291955056405007918571946309138499940029530792077219526807760216
1622714706262390257403943606171559278050505455610850142036352344643543801575900412634928331
1442039806712162971596374392596363767372674739030228338864382219477813663191343969689521956
849143463256187239809938369819093234292832293916453201508243103883595689611596231017477450
499884838984807399005312854106222654987620108218308734228730479943994401134475155068633653
817382370826296998327328026397663446403375412702007478635185959911118480378988893559903364
1920686311649850126473972242889219784657252390829473653105382712406421887649287226303311828
590280023748931934852830738034042869005513553977548917686262639909081720575787378329052526
363293399171296665734735941602653740683696162587282068405474768173785826568663571564658559
854227365752084002342140926842147689214517956761146857925220427770688453234243452995163650
740047388340385026870982397885916783891137458394095087817971741566298355241098481539954584
476657435773940920255372806032091478682826440905678794927446935952829190755468219971452481
89468131575473599954055275204208374128772761165824360859459150875877683360363233152988002
1526641769488105576656453822347419108210116533452622036403580893995107731037142833707204839
68360073411869738996172809396887763394942301941382946053535248876647282495723291568430273
845905192856573788646944741665020970393427700292110971383211855318095721482888240318498838
1226997468765987257732723702767977155895887860234072804963147634731523430711060348650892430
723063376593493720699892392199442269806943198697135130198832875602805957810845013462321073
1881034188514169420409526036671777567601817490623915062496903141124497464950787078560652922
243253168090995370071178680620211420326015480654430262935282295656655122988250279471505378
1082997035916736876134762224516024111851545523181144181405090383346895802051523316864749555
76856510595400347100119154946808285858614359481006271570180007061375086417428214930348207
482880355674080254877221451442523834190542418225121979274075112700730970861108154139927473
899670439601356543559546976536690653400507986224345760650150372468501354566336807266618741
104303024572706085805890687813515821637385737529472091270433580569164517244779774212026764
1100793274996930888165027888139542406795912461493628516375700028177021212718374190307439450
455477647763207191353381022729470496247745286083817533889482736045021302631529086310056455
1194149820041026459805655088322540674066494151740225971998706648457474059525978291553313792
523823110753293734978842300841510750154282622707435081876097051574338737018858783688931941
781420627386059410332129616290021531984111264933232963387678429876485281272279570892541195
1637828287234017089649266480852587906251582354061412497511472935122481216629947590751604976
1824937921476876474425456075533839393124190228871692038627452767841385889612470958311950513
1176618780266789798033236314744582894726515672531320582534776316583977139768705980294192776
730843007292978945010690717389918067682705197999843111755395906862888702140643116782195478
1585839105222435410391632368802964862448591992925581695860178611976845532216205328974162010
234482776283805106376431479248381067661445906576811790865896465946854868229516918842984457
14588557614484655660260577584691810623374186117587034206902211114255505792893741392683665
1589723581671410528193002005757258008559564234777869346010703041385360809733957149731852586
1873415445019229507034280188283507985512858180806190160048571697925386560103556611138052218
1677780520455431623051236234845508126776334946197731852147781465822906666652009475992803239
