3600
~
60
~
2
~
248489579356257765
643302092175321938
1029302929160135894
1143985888527778716
765086921784831195
915457223696206570
1097197770790661269
1006887844199891287
778772267360722698
623061585002910960
527060464420342220
698978891790531064
290574053344146490
228563276340271470
670694103480930826
31853217520861148
274872773487537095
971779591928185154
592841463333477567
159686420829827790
563968176405616721
98555827342391225
616413288328825305
197035695146010414
275597232987211941
15899017877129634
1008481842744190687
1032493337588999359
356283700151529506
114078785802003040
220495974540107985
105792956202505740
390985433500301044
626592125616506776
733750529248857307
181705242243908756
901588576276584288
14588385384642782
688669918619974210
195001077864578507
221095757035798847
185422020890462517
247153849173523885
661548196003328931
1140821673115430960
1060874683374655091
264365408384885328
678107084501524310
356911594397524705
258996524842703122
822022163270403805
394772296838576184
371281582978977168
707625007043882807
394187966609124281
950374983631649707
220524975102644855
662846922219782465
639541331997101158
777223591610807631
