3600
~
90
~
2
~
814608202731648749297496275
222022330470242117099034778
193471986316049626555878337
669332860101621628831943611
378466038782917234087952249
749916527223314623278493514
734040524853945866613107074
1227649218877551673570301070
350884465256754164217668895
553431955373874121417823504
904896136601777617331175639
668199952812655646289636445
774388989273529617766299238
584298878109173053574225208
933658715211487290807466481
872652124400532077013044067
590159274428948944567615659
426332633400304916714072058
1161754860845625794634620849
683501336907762366220603948
778394280298190462386943501
187368389188668322767484213
678930574789161412916738600
568274692359422218881228850
553829937442001099672662012
1007619863037012775101317188
753742445516729069048488890
430145540268844188368508101
493962444846718624181367600
290727689425843257272507819
108510637236420616581116876
536734264711380286626608543
1089329121527265904496819135
71076748633342676501503686
923309126198504463761117620
1230420227474492179176728951
36695287588029672973373133
997688657945092704468691076
1093560139727310980059921739
1063454930126087548002848523
215288886406758770341516164
923717471344936582995213394
794744176756906595554237457
587621006171270702356675192
668887127281010572846833171
1166427352577027899575453149
97974512616451641793502267
720638278635298467865277214
332169038142148175540003548
315931469896267351764789725
839617853214589585059104453
1124091882201027806880394613
581606001906465646022106597
78631507297197968684572112
45074474259524195968822850
611659352505199605416256639
287955642430682878611839915
660621120657213791249683677
1226628400348003379552763562
452294218237315212251669672
514228547611661157176080115
114025859416488536671011217
510683425708573403633981912
354863142397736210819139042
691463866679031446192481901
115210199833725593215001398
808920949314465149687026724
392388390096353906104890876
96221191205922405894934695
934757571851258040607167881
1032197743746451336198574285
916649899965586754204692171
1174250243863994561363617386
688166753714783716910442823
434487495256660335076242768
545351877698511188889989673
635625204929454871682196659
586571933991040464760416150
65404017168121248803307037
1005164824735183306463262281
40064558562367524071549215
908328092450596537633909752
28899045719367579674078180
341305331423445635812851018
213527007320750072030399537
1138957578092551472849073096
1232580398229901906389612903
958785366116046185287338873
294009709816682716293218666
178762347342295637621458283
