3600
~
50
~
2
~
634153708259037
127870708786030
779253476656870
321601299353882
352524781884557
55897556141743
159872881048402
174367199623643
1119772508558240
850675155119741
947923547134382
958221591654852
1117807005456476
607870179226308
391815670604056
22505869556560
508265139503131
8940805287562
365038547022782
574265569048305
811849045839749
787983919969449
653035697841633
950226308880072
932767351194570
345179374868938
1100270652901991
205787930488670
608501292684025
1010414863404572
1099561277069138
671732800981413
154173004768074
262756223910364
1089204854214790
936542287317964
373326536469783
93748548436526
691053078515200
755142517237218
716081225166257
69970150170548
1050511787649328
195164486479707
687177579867470
881198387210930
50854779003706
198795361966964
676664902139139
497698160167635
