3600
~
500
~
2
~
1300571900882586041147190017460441225886145622970427430746154067383773534303437637553461869119092700095525668664629821707355806712675700517532000700511
2723851868276608995217668268590669834753497942000269803969185094282812178369358531047985509923234318372538744414771784219781860286434222342857172009049
889665538269139089395970094411421064872162074453589268624345067983620927648368309076920277932202525029499272284857249364613192995103280368678000324337
694792393842879884678110599580339665028704763243214132245277556688822604988434124304767630553068338972876965161287161325377540830725762111469681230071
2498228541213286825968642305057820898882577277775480764998609515381376241631080557058582116507600396155733542131517900306789381163421640398423490157196
34762844087805776801455208923110937518947615190471534033078603136803782479420475607898370317197532687318736092958009051454223601924931688423578481983
868517841078067431993547419529075316532961625319237087458654858844785307052864845412690270299489916439718952283986733139467627242386782337016237390286
2566642766311238836272509323274492322645718537544856111675216668225828768938258840194740798045435780672871225562171190647934889380683942736357017032685
1426187204392507937814559965330377573012466131704249259156118605674221246855456328873437500578725254604432152198391373990856549753414712669163792396519
1782733835820682261968547276574802365287718134750437716130666884095657880432152269434804585263153515894263572025177130162703247820100900449477569990410
596799574648624855021970803546131446284149429440800267024849007809172284209179368442851019318988659564295018698928870787122571712007068780162646278226
2295388936993636153648558057258770651902575569293066029018403039109337623090435377004385696302688670683371252559219721928161613224899242068494002374051
2226491751085520548032807006620015558159689152081628151100937807888203139392743241652152830851585762427906707413869191475863916984333820558299387531861
2833098269633243720521461502980938920715416958834047814002277243468198948740473802437712888593716079607253082521356998359847139811077302528430154949090
3074635252491843462142162609334562623262218578044985550065773762958092218975111368172844197133642734709364507900346941248038945046119964905909494592203
1785632776307449619850370602239480038854924477787199485112053825846425595493527652483817498488846927081103934286834322783672564398614346999304136869368
2008114261906936553013361182963256715873024543949129810165748553641710400947685232075228554455864353691963483436674142973139145024403398216523522276250
614687892928241125003362086755911981791500300307950037730400138792443147341323688604232431652563509021531200782238637498765512056028771706115628741839
1524651401214229320265566363748211427347964235842267328667219498601729658342791687874978504542792107235066578817121249218646322823942313783307679664902
1842010235976457275585539260469972101185726127777205883348955420118671987399771539298695304291919155120912534555578648305937027038179114506593164359930
283140032189044146831232062900146711880317646114876420069094291016316525087879925394659196052655597342045003395385531685993260714935157948127877717153
2528412129602057372448890618060050582421129832245281570103924793430664106833843252498493441720499848416561832388955424698935477595773600844199567745035
2101668255684296728817098274001504883704255245721625280642720667313997526559375855372514386147080655134838914512903150754935167988519646770272939325582
1074691246178699683094049305876049327220961601121323300038561253295653304904069158758194276567863299245157144874753164876657608587592218885503940321899
191501964088951411010949665818207483030147532321990451794605202460216876509259809475299882417216675693872449152199527843369721005385281039690655081908
1155909474321895890787138228663682018536613131926552067936482370017161558927109866143373592145625021403664306075442411720054175303110187585077746967518
1778627761107308316649138663823305827858247781771185186977083252461810034299974353408169218262286059788982838705091447987246459703163866300509149506737
2168791440891841158015530287622684520409146660593624742868308375936767565085496494116577486249981205732963043749264475597746498644253833603888549962189
329957139416124841683636765192826275272657359197340421171478696826575246930112130011674744543239056099934312339027238439520090545618024006879937372503
1888541889037277924664202175346063884532050530235244043819398811772775894338185428533082459686800963485372779898626816425294407021312297931950751577125
2952538772695542248222595558253501966592564009556913757956968164174189204813436467351163504037046656274292277032463461000046950606131664602103573381782
1822329954793819316732169539772417352239211078629387439635609917702042809426298846142866613036592495786379567014840159567982421821583630728120423358932
910780690411822411332984725117544429495730181608269926035346392134400602624371430377097665177535840288124032216333645045968862811586585355949561501637
7530092639509491195285846252873549652642596388913832559125884667684444566693454883697720548472218049071351288987492649860723886417112833934076191880
578503934230383566937355583099007186159742480007819124470132314152186020765502183728416861702023509703092070227404212076406534166291994486971173644667
267247761563497118216750220579113574519888153248604241198324121273792059122610724128412655762973634575103636299287951770752031424402192398661327290074
2152441874616219284026648162983383722635724828076668819758022112571046959925480670167474537591063010522950685490027309048916654281389714227049710784570
1121400755195387369198823905309971266858640641539030902305872644640540672828230933415586700261289331871831622536296311796189617094242769879527641735561
431047162620031037338197176123440116542949173001599263339709597767163219115658934492468976058380564636363965674415735340302848776687202045006144034807
1079126868588714019525061221154181044907053082236539071577997891818833313383841514362915568282985142947110000520759379197030253092661418234922375786606
2281429409272566127988939075235586553388067054486467532803374019798010727299950614275829201570800088921948743584100953902264391459850060368565367481787
809836267181146521153265811121111820678767605216753547012903918184920966270803967517031267764457163943935248273324173467180926718414068415692081577941
349164360505858365650710906040273565818626656595884766707591682542718500587435412714444654309963139792002834382927045064608926418492032313801894252056
2456406964059346877210241708953868089616082310730618015135430653943873390177203636838069562043597720751868982649436574371862477127271783095454219684639
3266139605622073762048701428212832391794259057774934502738982189187931585384296588480266942252680219583364871658310271039441682947440957995382882849532
2587336879831558708276453963422777440999223407698884122080174568795750803907845163982655024050799811751055818269367765934991053340701896940059418161041
2308418822532428189516746809185455254748434429891536427385441653250491782319696096102407051311778609132394621782659475929431899880263282219090666579405
2621252813685767531990992391792263660271428274270979505144380690319508322701321425423246130403683218973930362651608409219837643455961870328554963323989
187085732104737992403206186456802152189282021180262599451525496418412947090573865729724102856196166781504272535557286293932023983685955828807264008474
1851175184874205314566542754768276484981064949175596048955117143510188717234771556642988950181544505630521542482638188630181037249199055623681058184891
1790389598198766706239493808576078368839335705702675545236475688814514404117531610801744795194297991216498979423738062002301508715908892987388626795387
3240653226922937791739623774118710892160368370756318883422567402114150668485993159109161286894829333296592991686860631112332424824803291782318658768653
1252543833031009628015968173331671815544430907125005553124439381465395472578184548910932474329072204650431788522474029642850563943279013393108898566651
78954401680630446956038992813056393510547662247456508806220383925755465622440596404376536710989130759499273287573942467867186750554266296150086228005
2917523409530667151457174208690105619370176623100880123829773880284144883406448457897614682453691083479242304080494691431460461759751743803825625985033
1470177697743189491168666956450165098555155164807065707932613469210026405841744218689096777036755623072892649700324717803184806626276750274149452379632
725786968499536389607865748433317957865016576437399882102890110865544433430576960223319530026419530332982476357716240462155301089103185835496794547013
315289611217407657110136432617671081881372743592405133325505360793908760217041784722127178759724853861330342310383331368504311990781013694265644688062
896879254214145871096003278853055793609515360183865787148380811192669286698606601136332358053653175687019496481436830937062590132624829684551022697116
255141809747900302290517032673972752361508389827470145140042939942917545242780046276286667325333749854907019820980687502106849177525154466832260854236
1652795649911089125926012969606619699887860634003320005239852748999372970288033799720098084026578553346248589257198280841747670983037794063651360810589
207447674910391321921124627563722366160561768868943766655147229035864711425672282671091590659288531255655866652745587667671935322459261244865839188428
2804273692264629406048959986314221431870048400026482134545058762088737993310358444788448389293416896392350188832102312609682257601542592224711993795778
300704551942310288325751078480041975700853250967748797021474537998219268989299961967668662530214967711786932195746246805201078322985022751571322351899
1813121846901533929257784447189167675143404710264972830899806734574162371988445515215394009197599931306119056650213848006026128157673614162878581165585
1484360754225970066559598564125485338400562814714211635390062768393306964232265586726469120433631862005692896523122538122219482546853680904686886581503
2420539091628236431103474758337287246468011378576460629989126264285643222438109587800139733116834160380589053236489996642218211435327213343347571100075
326448096425447131880515544286271411548820133587425900147905505037362681398545258858246450357720927453896715622285075160709139311850114567819157926041
90896472322334194344764169404005606272455355902693972949395451117050574082345052190327036625795680486723419335310340170036343177047882611066433808767
3214875406741967809979060520946231354550553015877184524920142168954636860738395943629101938138631900016053721360233644951979294979996027175999828064887
1130436473102576581073366186418839053154461757771893360701456060650771662686578904423728786835955008769249170377098944906429790304255471294692512864835
699844830417509446836712052020885051767640692192611732978042838314410565798382238606568777631312998264813125588266425039888479892434012808693817166926
2425108772707718399140330297880748174044417534803674625119578362612675617708178418766992621771854670842582124352400999358751082161029084840913735478829
194681745122543101908618584785120324416100965471645486396858526801942523810669485392683542678438322422436377160204957257151114254645712096974483727636
2092144896149629146493665358345404958914628796901786378950917570787083552795323617145702190884692141652261938335510925892976974844790306357872105460949
755335948401666311286941078181255857275172928695321279811689124687964527306384821387549032485911757081989458704189846494465554446337225243360101581383
487876634605588328732057572904230805365544524617287702660617095151300038363906833813293585672817685945937717691671616429128830763843407741163805912621
1427202735292090406895844374216890526112042551421182421610862999306692625444233547622064066717122194383005329515600485230292354614821583664504851623458
2279009322175030629001488023313392555225655362427012628283332568344527179296317487556393919227479541257618538327314223847180476126372433753384834465929
1008625170837417743010787739620853523304519623898808596604340947798831926340677605292979083823313359466894605924342707348929946996400570780880721166030
2391184928899907646576135212224893716153881424346107105718244473667368009049308564168064017482213268581037653154099084432232772061908398835659718979353
2876695802641338995558320024366781410731472308754972382323922491487100214108101364407518431479546416735987603618555035002531211696622390173927031247751
2193069543905856171181018827342810386821395404339956728448042176172327138461388780665268553918048545163029207326473494379220278223359139233965271418201
1138582217195085449406960147880250600786900464845884098608129080904263108185287946279045204920850580938421035515461811464595868529513052317939898816509
2370200310994496401994726802652585175605422278038021414490422150034555309317244424814152326977396831198528178684279141124279218738444719196896025773321
994824382810899718721534912821669360204359152813448409760429120325769175168402425618853823243234156919093808414353747165747815804937700350180074229118
1495142145298432658826298672032840102916639827087658279200618962879051602018224498934396024716588148202066994685172564675361201804787999430141913848137
1541985834031749491748301680336466795992068472522659014625208721415418286689992163618632080885214869342028850560057378516373958307812043644702849463911
1520568554891217837349549014253233406114746881915796861270460135334145628920394714599090256745363850075041218002757646963630611190231666742310815698547
511313888927846218813650007149564576776028434424712137330623037000974606057857055074630251300803355760674370973856427362698207407129870170108543102243
976933011847987310967471185512235802592765438700693134607668887079781130260713797147956548842838051973495056788533817449769055950074471435947305563284
3139447469220213518568784772266287169596849508166773153516134852863146262220392727488194988211969712676026363510854823825333924292779858682031197908010
36762939144829950940655940204016106590370839675934095416705126878485184915497398028021707324020497948440146826967767151375334056420087719275274254869
2366184712191368266906642333200005493457850356538603000166362267597898466833264762849309346380178773854825945151346343325243859945179983820769276829350
2711019017053496543559586915232179436972084177388093253108798988930629604348014741786762549766733269240050765980108178299315417688529965676542034324996
660739408015328135678439412355183329125410599000485990194952047559186884146772709145337640018651798062523558524615627939877277014621399119116386108802
2758471544104341170808660461156197385526108379510996159376837319652637290458644373548755975610614547288017308266000509872415192100065132609871981025906
727324146967790023439586095884613552847328322389864704749075327348111916161498162429159146388284934877369205812357825007231490605014365706117799705750
1878173712628401590167033948673712329284056380896369463168542315397143040215509465293488124642100526960147306926126071160193460139971221552344113497493
490629428265454572814088535856374518725838725463118976459562135290859326579633704324342021106966174039066250386016404057898530359532944526402106877814
2035846917150232242763186130440864700953547181383356287936963186992359314436528683513986159767239383913537786645658524562306020604929262416671029748751
950979852223628277018743860291334597986109414974000474456229761624244613574398470544694405628363776071432247631351665901349135143577451618626202950424
2719663510533641243789848381480182063218332795525662990434984992548911894153560647307742264992818878000797916902108484165543574524737187627954672120248
1058184242492899824324711431808958776066989150754030590416778593973492254067474275268854830996744974736984112310029947007952595582849780018005133837848
2780161130871607651221708721738816774140153418806584929560078367464564541055513657128451460385505072285170219821231976907080375125909164048302487182924
264831957902765338727678353225466764375509961013985075571938406222720335055426278257515566901108151584045338851659783086096352151353582207140043035385
1761662710072168346993829271550890917873628058430155368964730207829155265762594608675550799356384012471511253872976387715979272182743128221984418557583
2963947145019102907527538906932175031196921599403371715074685914424957970820021354513131934871032371839177005974892857029351672675981112352379512375180
2980170474041805974708025471791336342571331434700835518443147533056911284438689660039454741859109229877227932694062633449407079139314550649712937437561
287354076730355330617512795688165222532074157343530316691334023516805389071982014176770103386891785893680076099847436960500651879168634102132429071394
3219941691174039465959795674252705997551771193776701497074172380739373845430581179123819881246551327308650331164349325472245353454338504638728926129396
833224094097990715188754098055136577487864656678842757166266448772957379205398129386796767040213887944179608230543634289717401595986201130074761943766
1819308770468962100391691937626754959254251636126568942898516820015290538433065274583232442088804349129023848772913656008757461945740483198286350040826
1487923494899704260522422323965339312826645147923932511387249654935864360814035922882161002647199332903596214937802251611321389739325609836589253079147
403054752289263982788336423301882897437192878896990227233576014287762269330125660820451095406490073000272637202664211048343443750105737374721926401597
2083646632050221636141270363951932530042499954928707115254707304821454625060533975390248320968185554300958619664585751913352898628499661174539831744698
2326594482548782827825039167375653748684659261898282142374286305173400891624162311280770581863490194945726372043254216348789778591753135238144852381373
178680638360183649138813429409076866259468142344539334860932321598418500541233638612404023257089198836619080741325200070858180857333075560858725308259
2384978834603416299711218423961890983521662097619916654097260932591517798407910310348737528642109011967320321021710776593484745016099447141614543315524
265935036713672164566938590764785166792995176635441403618292943248397669282367590423981854900349811209001263320224149153160402018475565824570470413400
2039547399067322499485658705409705224214953912567589704097977799223540457580935893377982117327583801684266313036727343310139417686108685951387467881416
2025859747631334481103942724346172841246636444782755705568736392149438800838006457490721214628332451852818051818035691855987369106670863729779996690118
14651298533692025484568010799853054218582710942492385620442790990029295310615111522265089809665781335678040820408794748643972955489304925479338286845
2294363821652521316591571523657999763821924923628779545167638787199356286026649328692977619667536242880949279532228482261075088113958506830254405658547
2300252299505580104014190449072579543817801937113883368487930804337617917180568410665351436638497983235160070783478821747645493334997230218321501418879
455662807837397303843121771902703581345054401505313352568219890941920754369484805072884486338775864339098166737387030907959094273629837282926675918169
2004979748726289677303111760550207171686969061743951801322072821228499762092529572931502284017939334385383600252394724973704145108430247647552207926943
2177822574905068487133050870812198857636194607629999793748529543712599939378437926042622462855142917633748331387165286782178596640265036126167015847108
843880889089629855717173271205811016297791194969286345950456629689190393860648887059530051886612613596368031054204540395480738358787516228738837807340
2632114623487432882668634490794160335532430909397619962421604277268950428244365891520629659418887065205263356681894809171166389722096507067292383029754
1074271529085208872259053554226645670591282078041912301338337289166585772444695310649352753316654423607659999706820502487048185447226634131077463504302
1363733682122668691873656596105901685844556874745899332566834793884714769202977424706767398523508040945874396896143930268214048049318687238104720852755
2746595362935197600751087870240316816288650236747777030074201515249713996378384808687950113959532452013749623170105291716636727940050105276282054604710
138537890685841461883839161062042376826098786596787461704768782434545018291737690144379888022253877092959873533218678939548142966953663935068149560641
1516384787696318139677676976352808340403995287428675604087159293684312261067488624398322048085455051525399548959970610280660936791932177830394097002608
2813151426664720192832679182736393558162787192712523761519754512065903158635938103650846135064119030623293987473464396186466707035971634850942915611689
2546724810729540557094832292511309462149167872998229372191705842646694138737585498417599860776541690162340483253446410601620004995406459267336674075101
2372356919756238213221222481132639161142901353290423240746458673005641221209822913965013452987238885307179317436939646970626107222603798090255558965206
2519452854371639322310244924179296968453501081612209404729773324716007644099027485798228083360334438295401570471380615085508526442720349735975433242157
3119935254723545725614617628318136580291758899567842068013951830222190544961102631653903881654710651188914662552814749430124453099293518915586898529407
1581038053301852327764342420987444849649077644797829747655667697232152596356836644380473013688449540218580471159866192861207852020681676401081066288057
2265884441894276952625491023967085527838035904652530110381806208621945107433370266766096052367907127256511277868882783989886987130459277629280409800890
561358346206851464849658229843140396440732933382246702302434550899455262133148683999613652210568690536102592219071611827167010489566531202660300347988
575812129851888238947021307113597874325845865153726074743744758340171968040476579696927019220691765925029206356012260814378531676240070015105779322682
1586694609811234020250055422695295841550772937748405542602368632491070253562209466138464849156027681931064299103847160268274766470690553003625172634330
137199469655414036219784009694020643495220433633047999316754623404893705574627071659360107770982828283985794512282676470607931294474201433524060076318
97662183317396197039297737415585811056265516926120919865312211556112036974867751771918497378471489214887626679371718955625618858741338878803910435968
3054370956507004558845579761222623352338236794192768915640068351436782238874217257636461307343868879064404070790407326626689241157189819259687029283685
2063800326509195422487309958639239498827422796748119579924792202361167941261348202875103498681140719636885867460821885408114006894407824710829139528074
2381047474570488521167131667176764892232662425544834916781345656593151600827370636225237765402201203625872204240864702254238376031517455037724524250411
1815936077874000889451696053517139891521630108631056875643037881028947867503518006846181308831938619790337563594985624365922883704149154856316547734503
458976201825345181654199521290683445260925065550861185504642836408640735126797316664227587327433831860750805820218105803825577768141989349635409650864
1691048801337459641543754395759309673686224899942675508243903892625664215663958579046056539573681078981361678817999729098563851527626916030126558611225
15164904069432474988720194665879582511793799825240936062592451485120519246717226843675209502599477444708827268779860592364035619741471263532692880013
2932468267057434793435499535821255554463143994255547924977249340218792787744351186524176778273956995012068721748211315920720981260745701793494469368814
809112183112619759589238759879463108803201908794749740419797865397528976864410488540460188043774686204227405483398125866519954397075613014149035324794
3201010012496686965962734224985608883295179885937868846661884963092801909046913221281778146272061386460893943195072649178880523171931966391999401275123
2007762180577011963334712158468964377639117502073746962196658790500062830245008601403359673765915767244611784291831160143527348141317715721263989915848
513536080226747019838964339520599662472818970945791571220040320521997158472077127810469619620071639601376616588491126475842931487979223946504109918982
1455037255942582032230215751832182799278996853346781937052786663568919456465594748876031957448159090301187778483194095807111673368097533860929265202823
3162502963932596782891330448711477815292043903912150593485718085478354459914508787630456281588222927636161695007831894857145329237634815778690697085510
1174958813510833099090003506080435264859333463488815751931779660069188660620282459133142269784892543103630572917207747165926628727578864381159184615049
2741436371710566431059576205618999137201219069884992316210198368963289944728257278890284734006850207866389221769882288500066121384944799897579549991767
1844950565432255214106312095499833194123696502897139035565480045996590061115090432894352918088717289605558444352924436433509800283005118712239118643073
2122647980594655412028651580336193795594173606190217713259202100660821586057862838478878668768853974319483211983933203143069239638531183021746070293409
2028128367847901934641729243748073464816776297460721849070690207774679302823594669475203257366773190720037136576833756612951770489468636401805049418262
41909907042670949685945867372166680226890773089031066210824554609686644264538494580882510151732437745470860060809334868546548682981388199482926154811
1668936676235815996829179570965903959192815089406154059443010451026205092699463354283226679650585046322320805995512192952667735969962121244023158333910
370416731322764365346274488939787642335254682823126787772239499630225449120389857333083813942314127359151232647606243441114113824951471753462525868904
1581894375371353982792518650794988186848885713948433580987183125311263889637359554587594765666964717119404392677098109699316294436721887988694548790722
897328155773823906825969458231232306880150364871806751197355638899586362454697340357993971976472221618994089547239101237998919535108683027223286492602
2571017247827429673918972555257620469128823181507614522462231514262090452116511770967952179579106700131569627603533104311849095179248833389430092303210
1305036124405976198432515260773398531259531547843011625046891592208270710102235983420651013396778841337687567420422712901465940700503288637095968922922
821116079415615504749270319131867742857272692270244376877938872866110730071098247838043394774720177420589167570454725836580513870540812021299724654774
1591717498699803019208886136475317020244231155838558282432885578811084407532576501354769069291271276565078671091420336736736582270475272846204136512257
1717486890442864375534426063108859133644971763904619159711266251957722107055277891403827513797224110076914472782179836939997814416413030798458580820042
362380266603984750954630429711604440848300615730435469865492407887795586797271119364467118192572057916949200878015625584936486825692972738078302385943
1240189731049535658041087470603329945220650629987532967563882618689797968236499462404055749635305028908302001077035196560790047861102324307863160737695
2312111466351045079525069391891927981220378590950159612102702604371757934501528767609082523824647807935569225453561039691829054018431738520121454533020
1499386132265624591070686438616858233809721337009357460798386647603779918253871242237796604973863383746784152817731028453101540762185189610276406687920
1452715432201772157750077228830354606037065863909824270329613870224887997252847691128768054900314532114939371009720099612746088311534123715223974198949
2830624135175794172488532998117100764402951719734355828886046401310888765783138644942178185091080583543263448059052977764301407726876416269786952520625
1393997255526922644356685869753687009059087356503673194919605374445168508262104508173781886210736273693962149301652453552706733628230862883869426798039
3064134714940867756283868305764290632792540417991844813298706409906371271516507337487266464383625965584621885431713607756347939259864513369804265323659
552114284296672102799988754758520511866662905239013417147200990466420752319731955025383006974653638909232157411278120345287078139420593601774798290461
1877831920263788298679887556236582832305617963332200661405277545460818230504300569940648235741775425512721934277712975731016462136470313052805960561435
1245511411163563746789139575385039737128532724513408489138058014869384858514079464376190209090995873455180340027806533699641396294668491146377371759752
3221613333933559024984399527149559194800834595366233699720797467463031327998888089607101470473479311481346929686947435258379644242004561399894846389302
1534706334448965571542057486534793381756764522314050891165271024907159426906091521974189249372633082695787558675346884120003497837503405431596330606652
2281491117179425830154889345015771506047729647080706627433278700068647718257598197904302231061490102621436707277589534004050333093802219293320342724595
1585345703294470668540982486047996537725454661372277885075818047120735339782254718402297926698134326275477258470843989615369916118092715406764919681598
2876115622889649375911384845152725392830794142031650720853778086769934971373948849788344190189261878920815635677212557595425094411092356846286871354963
3119236656009641903041815446079833572809363832700150006070504633552474892388259629341871893151003674971230664538937245435871536400233817014939874966669
2693015605734962766044631799137418375916169579166418377373513246328383386182643578114907164607721478031815117999206491401067100547760304765342301763390
417119669413253130679040209175323795210300376234610101531832444320835774831463911414468727802811115225145999949509510709322938584400390222194974236152
1943842415635367028367946994727834334985772876227015248844475649579951555837919483039589652109058221026427680013242600241493766971788348718014239817276
1424950311119032000431336957184227973912447326955854143632029559765640426772680974816943247361245110245252062866355609560060350087510422162369235023522
2684259928866069876670726027641124995965587677048152078828715897933016835571070611954136302236860633376006387730841108707068893788714328358614112727190
2034501930418408690990896007560356523658833312550167535014608044382561639692571768948349024757899358395104551549833374179886272037324271835769902574110
61468716883926532902479288404265546121328242755637213638264118545348568513230724085722433365594517615736654459907894021063588312337816986149963545207
2629268068612898613800334528368115082041741082782441777464290119061044940145700597205642772649412936765098282331954103271404550596285828023305150972074
601789286785559880386651846545328316046200785505117874198636765394144416591821608255580713249302421453033051659930007126109402331130929683384228312712
381845364170595067525838576269118735058680891241720654583003810144241150176177671676560957680352354706601324388242077541465176906248818342183618141908
3252241757484613114304926788059579865948538036997239113743320805686119282750043464857180620736281480986271340030035935035294984311332475466553628740416
2147859034322817145423965986430678626867745662472156242751045594641690571414102127310014318202228578825737101675238508226961169299043496585105425729388
3270272600517146071088821380833734799399084974533225562458344111426642470420746149743283550765283421674552493856157194142129630060885068842399075394169
204903786893050363647794179723601722500296723529274182696591305783843730988211663928706103955484534267125062093835887456060100198260456967339526232240
2239126287047205306129715711624180909931383580500951940692238989279034536815044868724560473961398545509321932660793378564204096816309473737320105837142
2000710168695184022798857488651473118302029441406954313276664511116444514601971080736204336131216274452606335848918779663823588662539466002824745506579
1209093403608010281928549310441971801430984038015584754146810864177251439958310493126141278657349690838114267324364298665362292603255023851878877386915
729993817962358132967619411120853010049431216863017601883414211541660602931226225155230247938944718443830559393399545251517669680543817717451125741074
2985096582147433644510985431796995388218240979541650520140040576242999380976357600034726488214337276869104473709632386019675643972134428509665638503670
366254652849741935845251995770967244159527280726950133335831499548055439164222226481364446720215689016076351769415883039603827038613663170108376965268
1188426684672680104065486181232780688267516121908931842562429964224418526328291081742911809550611783247292575883316543710144578447348263555808973314250
144082657826999849302139423112332427251657298178446000745542843934337821029011394116878553081269382448516412960335263142560239697256569364004210897065
1852914103573966956627185410076842579961371911691635391990376697069605021519869689635453607143244071621232018244185871442476684456527475655210845588510
1398500822688886903038275211530909050751959357121759649975095619450443350915547857020737519891218475459284774443555065776161639583947752544439440425662
337911126283743788750702505621806614867615645974678701287673375060345162157293989400388410837311251376214179213745658526020923167552349487155984736744
639482291204176999011393911935373617512066516376786120260418501922402327308208944593082616711156922397063902855432266406867771283946220150552202077451
1045979809005543570403678573318262231456343457624011670377176827289536223312533830979163795746175705667958393804607322320057783074176418234692891703374
2754225100925463641257638865012642601681186524648939932762497858488671983076097247152031582380587266702359268121547971848468890498358703199919840146945
1731130944586785639429571631506385379058670884458270726886573967127029932949830551371323816319980181253790410084847258445205881742885223923811217687808
2991771838323742134676705748193323645943783185457006790614735085590063234289052700640854574335290699905238242412434130563439099758750986468314256874385
3052033682686969388941749366380231936379477593234801468934747601367991725531030946426525562973235774667495575942165164148045957644361914908479106596106
3021947871577526186815831286395180396629987136619706976584948375332510916678194776586937385001645567445467541563972228372556184857854665336529494686496
393018789743817083426000327923684453996113166978076257994558432430241556956783614408176879013472823469288882191770674761794739282593335751946512260808
2396010282841763053120270225855238012585626582333274239705234876086617276847571362362381931601784677092585840276496617253252689960441005492490166727914
244470632116680470931639290169829989702909890403703886928453699534102907136642069834803115639317129028870787540590108377575655264263100673951024890665
1512815602596513391736986879663059196726215755614724629012642627622745524414774691773566265496791195914848631950739339688750705589525604234829556942486
1058946642336037553521482112335802779649809744499849710074634282891061094010637074276090433137342170616416609219419749222779880190805027602478365548829
983977144218732868995449136956722764142351244308759325958553310217897302300146376322132743572573494482214687640660249414792733313357105207274032493264
1792966673607981436564202271315691549232993179390253551525951375714638276953196629855332692893755120627968718351318188438263045352645864189286551205776
2381423114791724869256140865914752118934475096738557076894644594293464545652683195630623614957016884505578550420148025921296417279273084314204003754970
65058158759716978184170387737281123529205555971004403148429703130594783164977943544099836484085463537531584219970794303018454943314795718817413140965
2888572114124677818512805529039877493132225443550695005916129435636897079516433226807610071638854102845054801396473503579358778873707582590171277926984
1815540727193790695220399468012818440093232534757643693857790151107013742436815218758588782864547879527554209399060624559327375265833626410674246717309
178299631480110732734106423873041569340511856882857670422649206515857761619214894062320704956959616938898325526316484487249157433175424176181921622336
252186375830769348069196745279013718573618995115772040956229522904494829165538271252909907415780608816622389887353335286920071189427459799045281757683
2018967009847235955813495543817977500557312102241708123509937568052508466477359786090334641271074331593729084643659636902190875905100770181723153478695
947863671662054714027925770730977833068313966401821147322687233056315071658067611718605337027130770366480419676157162411158721547925112858110206536563
2967472170245131174900279201146249465862184912830623838215616917387871262045553709421995919419762884414059150914136395095767904341545280768772890659091
932312882940745487270125375573024806301750719426364009146971770080019498477053888627422014794577693999432678910855044672563037975220368110184536020707
2456640070210893043970803217949979022840807685917337850820358903844921085745018480564495567968864950982630060311441283793999993025743857722942105388616
608375137350110153560785484635291121177443129071515661890051222135085065206633181108858537640555068850304728018264013814278701814482512020033793337700
1467605148587289537018393650570357435684521528816125141023897753752650531257360218638319869204825657606612635233506070833241089744011161247248220669478
87492909152105581428171092995629571063156219321222464582173641906915839821561656575657501121850079586072583423221569480158719222179629234607609409034
456936737394649147966713965427221303598555476505733665723088113778138686166693237769060164691886672418373680586592946689864235087471303255892904315728
1918434862290228485793498200816074461365903411297760212646700550715228279792604953422417437504802486975449559177665922485821178288500364568706454712615
167436286028824424182613175092221557146751217500365046982988458112735115161037536612877451141983166539972576667706916694777749019830863333364836389919
2995939055688977126014968199530880332454572915290260289508776162466288129586966840035771740714644094193282045037840422162256563385254701009186780039492
2579038024176046165802059310484433088905414928368120155142313600387212888018254898235462157293794804189688205579817713681812266498840738952353294654225
105595294105297754099251905576139195201437117385978059355944616091769276752824448298362213698810463994921639997982183453868635920380143012280899164798
1241315146544507819394998189201982496970618548924239911264199843196124577092497903194335274319298467500815775037012276835492210428205216418089622285988
1439903358214705118146421529105310722072243114628829497341018151304120995075903640697032894774324767227485547884804630041002918791357563848731362733676
2873831473431783253854355176436163606159206156527005433075717270500541627534561194623748036433631967929297270320725632539304193448061291393595389950412
2774638231701724531365106518663157856921527645024101428930164712350002489280313722824000957395615183559162862411060596181722825443178708726923412219391
2229941493255668641502828970590684528918695527064561843879092538020435244744489785158386561060040934203871450737752612135405556981210513554340064509285
860218133556849563635422666202032244764664275518500047673951658473137901956790439124706372383909577405988854153933125849416997777002751836860582812389
2420100911497476095815261379549598107805912500800366868939190045232238065551620543078046136718782698833859463279522804327598764609231799315591532010143
1632834229481772557780707687804541647801416372050252958525459001360965910367895041939852954143293655772739120081611325489658263110066782821938771561365
874180472925500750773453986960900323323245334991860393275423874791940153647161887917958466657965847463218401438928108943663129335526524519607336009570
3149732778680069571531737156256119294121159454337968539006289412294047312052568661059580561879134555815230310307512207734505584173702536404981939942607
234625305806636950693597473329199599622278191151139726346286570801366940166844229211048494561220511246976889771244527427005570738153216939791811113426
2124757815850639848559354828274173432686359648325614200652675915580072684265878862307931747719234590003963547228969432702105535774348003482241516193970
3049082866048070445493778896846112912960197173384100769831814693154958708702140327709979330194703728120054515576808550025190779280702545795944768243767
1799087537074514500854950672100982118843974624400950057219734309809770191551755400077576394692676181514277320497447407271348050146833762939939801311753
3239574071883633529935566692037328195280498810631321516931527414295096455557946795041212808718662412494573166853950623840971456770076154693044566238805
1243422394859038320790877306624241723186932879320427658785478624843353840721235823534036955534291813716083441996088391297524282171966300581729495716610
532383443354591490750084007373015623378403673776750659991798869509682817408543352152311294500485730680747582216063058491280672308464488948372246223783
983235500198050788419935680919328543708810446283451966998624643458402442754253674515742496315876944912723635100971284430346584464238070451414696371137
1859791714340104274173092120580127161418587576815435214059042017135588375157818538407773636201761753996354655916956726715195663076969497935261975049598
2150498521913830341702248025214038439278112540063820164698540948190993732326537193235789693325870519894539005193259268210839693896296198701696791730467
2886165322617034590259450477789172878756041693941458751218522423537303997539135068129645296838080034998216215432040496180134349318673291353922574199496
1330625182831493515386297077699182101513926233525619593083645337562780943780480757111781525444144361177616845352111679890122666115170722745141586226583
2113357095599500635570160123712627899536456826520222370989808857788512908934996109471630274930432974739156507980711764991011097582713228115168936783149
1839953373203708151177244557852934644113430260401500915705760952254574392621979051820679498024052203480809534434592934970431008764797060977989050985661
2291565984841438243203390583707202560778650418996731086886862988278275851272910557567099181480024750837100298733327792907174184354787153385800433700146
2720498599242468557050141272535811626093072940885941242912513365013515785613894007905250799293255128169384804588207809781909447274219962119097566844675
2572748181374299996642648420391736812447629443122716702239572361826213813896436354150582950757923142369663567358299285590161375339320366798282903386212
2335814275770816040494351820897768710547282888241853625197256256716254571208620098898497737778065473687272027643927363878408142373144803464458862233619
2421757134784195181332562345979768843468393923965593027652494245574196454220628407475139533685767564259684403051143620548677352048026091659786725521917
2215174959346195297291856058300602834594779148463432701798925038556956238383597641981066007974299316786459433056177899554467284406331370290697786483352
462463587272579189436070998618080472435752810668014822946864418736356559528275635577144383792277768773311838666407923014691783514040790030878596699372
2478315138084505551343053246527943352169912215769990738816306897708795360211452040870843202834074193034375683205171893727904834273148308203144955249781
2560614237246100862121545113980446049918819817051059660098341687887859941138000934272473803106264118623267998057060075806079162328462406274832347079659
741857088311056979883812300828357713455262456178227917608175298313493411208597061564827654829619558609367477348655752300903200183199636837352395001965
1922698702883446288888199481412824216029179955471169395706016479114916837446427923082861273759631652519822605681279397565974756684952370679046952818530
171707747411341844577368518709144148027640346437561320024056221310780300217455199114461845451338833054982592325119303840884897533827497705889565937180
3178820949065376955202822346411079941804290139714436186515989534614340058900571904839227784404187323909588632354231995364244671366504560907311935117781
1682547669260278308540243825041585545072226430883790540935813467738740102810640855685059732625196915143333801690320482662242867624981792354581280211224
1692339935627503896196338661179817184081733329786714727131968492026741494409288779960497227353484378001575629482742242790672604055986547002601664997599
423287645930351296296785138188495291125011862951390641720788821607399958938550261536308330812484700200593471587704091938773846047708512433591415174406
2766876664482126544723898470389525824563881778071852815086740054319221816468619963450526231805055722716786785338716651534436995187490481415669592666547
2089222775679098776377940193498526754453793035427857602144998222122386485038256874940587298372957643709019252749472759668192208403779744218359477784646
2711091235398770177361787731785061704158374476800378650935685107712641520659276581326711583204108960186882488438129141714383055164651905408746964373681
1093267412381599088977932775120319477212191290198129093657298818585110495162563778506121456038173132629239693098368550409462715950975952100042816717646
2786870730088404593015084389642676596962423179606006674445924679356093020754382459793952965110792834264971971609696565935606501334350532145125916102626
2819815887801548488691226552339157431171197297135573393695731014620559359442938749854449813173388325637749723353404970315848764259856385414532499139971
3039165886827678094767814582982420894074530539170132480327103131769449251351511151489950453447391408042050415345655255810626222035171665503255594329144
732933108856261296187128382526265660104190304917625575991413633222492706942477497688637651299050494616044300020649992522771557181013017805898421753742
2518958343211499024617943669477684240471969046545653336972867454030539878836451531729018020108312951930271705999338114568513761132107261478739926916349
1710343917617776370363736249839718736127571039242159652837507726952262522165564082264428875174976416146021330208311666113633185668735243232927381028542
618099682110937222716101164557594183855647875732630200000512888791273224318946076069201861920048361376973301769506183764161844589204331409682279254643
3174157015320575176284673495221730122330310459972379850006913841997574541638057664194119164246412671151234097682920436950358424517667765831815020998143
961250554530065629153022183273150473500507666785677667681262827911773930617833930102220398668899884960411911904227062332424245849653998594341996411550
3057821376986063217921473299694639076384629167380547045534753461261733922924766317630152064456015245710783558254586089673009292476442947545494849801205
3114663911003459383052511227270300352299689173497213774030960584588539134447437069553779185612846783686320742558164747969614922101612395089996345409840
765766848519259378652018918556751439887053753709371381992906153266169391786412549181820318710755405388307918488014818088149744465941058372845464087530
2551989213203603552733253692284178355776509287621355901581565275882570008770348734486008685641828948431755281060295980975588805785011166336104359476253
64213330669253652366654751267899272866650143183140201080343504301247074460138216683837479859747439555563886651017292560330422739555841141527288950786
707790591518011141609840155825790519212073754577038806599605964320050837295580419124637430627804467614042364980610174777360742844627497717554114095221
2281172895430891009239520199181350913813313837956833810206089044546623414384568562563189658211692293585371375959599542724510019743936940714340828587893
2016012150132936339671396401572166414811612522867994773455150217692202410930327659412125576721886967175335521413801219476592230770394551653914790152190
877972866500309343245544672990898874109533542668513073420603712707888141854350312174546993330982383462015512140225660705504406422740177432819779912086
645187169358865923194894198926921305859201073681909591735820331051211877620873826132732743327079577561227670201408952200328486483403306164013053797903
1254954809823625669139287190388296175575138847517530224977109032357649798757697460615815644106452436685352731197199325173925153443336060616575748074198
1856595538532858538733043382857443125464378547238939114744964402914967323626887511801794320018966816556798543682105158829713557980407839986147985269231
1430221925406451937531525704430582951940574526546813414105051048554169822171808664046220640830998339077241060277662541606524407373536290129243951414623
2769585460092986305069660268476400710145843872463716785021770998691096277268002857524327981139813264392011028724095184556180812351934716403815869195347
2853636738181846409167081220440945035621271751759736146439023233773836765934171194401317691313942135960003432912269147327072555028539163505974396950698
1960989904479748650526962145647876864985544718969783571007252989968068807756371510642374325007936365595782626687610479838498605925576688597602044871269
2984301856445142174256105083573407838278857326263416229787877561450998358043482560401591970908093252199319269627406353224067278518215836653772862935426
2303196866589807360768695835214902433788096505375234019526385580871252427463066447481875460973208208629461662552971177102394061936833947516749630101318
2996979504171411818689186935202481473040294801230918456879208466303968837528804488941760850546438566113627025025399657360898301908726457499400773467259
1757644624793662724181110376447294853921047797455602957933703071499043146190928686955354507551041576819221799629660406904107108453523661003026325060449
2520935251450271464684138394365673321393004352151512859604257169092513799740596236120566114365666599326863199421706015810384803883183323375335687661922
2610949795472545821070845529575516971355345451850102461641075495493437903464889252698300369898227548463916959518792864056098691889324348497594517624172
2251484678373619269587393210891949162075032048630526432296393588582373489200551820230860692488808047322908365052779126768015174407888485270986339618385
2281389074210373291778139843985880911424992146510454587287512455932900718457242660094216238781567519211291648133095708435477007844109850761292763232135
371426502736368323939719169562188697100239561936999666123899190247400519287687121390895817741316592836389376112111885777828924601664543112640969323728
1249342063948001138557374045639865857035618764659479234085680476931884968284033668682435719910305458240167177091659206055486741642414261568792417548996
565701710250922800619605577257405865284298161209142269617938279382803428228885843915867832500170165076936495456021982338819087430783581424638649492496
1193015286630001036503735726233202651061784405030510624371585646735816855407970784176425608529072262566761557296126612755288684008425134076213511322475
1777782790668395837399382336877067390751839442580246032925941743097734741748888459918629690943759716374731730905846330353692550128168632741327230400781
603217804485463469099045252024114359173432904914820502870254782725517942167807147518757025739696578922615134675189241577765062038773109083302801525176
279566159033770952976854343130120897365630904595369536657864203067869039210369256681975415817435025108730294970571210132781324986658393585056905034997
1490276476667839572341736292653849606117668849656270445351374563703007739060760495756487487333544648886629842547895130503980866150456404312678552190058
2035005944901906329773378309170819023552693967842364727744192761868193802422752688790350823678305564845010167399148932639330597847784758572893543552668
1421995510725700105916716246463475846099953671781052487887081844463973485776227104659971008366765841769626970812149072765835618593186807726211246968967
2755778913123282079284546193716454067029872686393633742297908827938551816227448092127382274230251140372175111301529680106441276881755465563272008770798
2313021873129023502269650120067805999273946082083902440799494909207464027696055377570597740140098735568071509569838606444021307420788855462041464846639
1228605888170502754498782618922441895715915946914962196313516862733504830109414712741727816632232266728990982076554108048483817969447942088136466203330
935836909554051711959827966270288343346624967463415531866374366277223713403317430027732074294872078570415069651518361366620797147023752884673270906766
3168877464901402537326097092622600323431497011916652433449581243621532315043066673474736613509390043563714201555176466904833730999997827156140577294793
504077860522058466566175829193122258975286179818350760022989647631412227543182220573664370852787677299731141404957401295520985477322484217732661313966
1950239533340103449103012143680872544067506242471082205203378319084567730514663279679344417602771406637716008251844461286027647401613996350565552294359
1010319032821494244680835533501113905536059812440777917158422544837419767221370576002333629035862821508681979606734430649765017957001227384889711417178
1589234770247200653446891393210022176488182326907913868345055056441658475009301421221580814855454200136187157241599931236296826289548388546118486601892
2626430139406599643719463778347522263477901932722156927894594770882776110912425261216476628887383692134498044913871611115586581532889908781597834283562
266591436438184549209960891618893839420029378968520723371672705939628787118050931485716242877957385085161206760997878126684010561144525628572477466202
2979208544892946716177716429756278010820172654776855109521560893937697911726235667605951557141571250578698033688086603316754928417033312301147728398544
414746783756271836233006866039092603157837000040411368415506734111050204521473010765133033995413997690695848203637794041306538051648770782567765278118
1807461546925839987316295785611083138492993717266821348391589376393973934664511615718284233364731868440796870103420048040939787597492724521743302703783
2866496318608328467202886453514303495182610221776309751203310439052472679762613256524644753101062469105032331257040421609117434978342714977267841651695
1318772426382305497424907349595115221824858088655969770270328432872726163903910156641263722413365190057796611849182588024226826143616938768939701765742
301490027580021388486083061586964146359331827319365879387286238711404456767964081639306664344213775320451351767457398588503928667393099914423610418158
1093660146173114461606989118240326179760942741543568804780996790550039216844862602371987892431687021941732946117152971576320848433183343225359050428769
533339549166537667081465914108849282557499663972279921009764514592109322753923793430066681025957478574838475315817810282820545944627030190476953920802
1529006399768852458768533653140397717523656737956481607344156191464030019410451884641383386437123314040738397037299958855129085577768495386776839926767
2586720396569209220326820674901359032803317834898088671282953631957648750330749471052968270695783505108209422167449614008863564061336389064048025172001
447031607310886332069916498131865717120651503250573530081286328950605469667753859163256837016646696231508878213207272401100854817538348401514608268365
432953122705271469728581971153688966713701884979551129305140763872006941405102996694490464806470095012959244186881977921016888413004309267491197267196
1341295801745934610424202234450774666400898189761782886557068396233510610620841426956278305861824935050391537690038836200140637460768826156863011902706
1251339010730054772450461265286707207767220918101143243978427571578210666248121476424472069768524797048517745446501482304616529231376853449921171211956
919044030880600404318148016241014629603449460588753298690220014176341967779444964492696040248630270332210726190403451424172293748082714694047637256498
1772428788942224817401597954128627506641516107630718605158383328959443927486917160998928655618552613231648103191341699245512422278336604092332183217689
1835952204122914819178230166371055789876583829270533301027578249672164018315408510115622001032716438024586266936322424277929271238540942125139297537398
2309756206360764071785682064099624049994426550473837565438378403848241641732343715127016907642442199712845759035000319324040342701179252251033868351870
2415760678315301035619953826617540576267369549881182637884544297989494644005707332368346105743310947363271519635434014737360840151801425193459125789671
728037767985483414608515414296914884902772613684006803313959893042920871559069358937018751108690857488223284934508526476533441712224825787382011207281
1685132588624442829041965462470671653621261108766149170250637171494203633532245074748446272080586012515498663798483006740810144873657042322757447087136
2359895545508207483798111266271286699287697009761369877276381384261230244294654535760092701534138514460769274197740467466545523596046935742691162048484
1811047398991667883696331253317771109419693858365786976634017723806170379958712210953681857035811031775818748301634274277317313649669158881585159733635
1542470085773625408849786953879575357046949934867843840913123188626333037387203883425734423596906197631564885939261226700143813729693364314994670250255
1766962705096377152794088295577495576807505654419928398729752902158982768492195242529449869284775746651443574091444362077657679432909246093930809735632
2462583218228363718016638407101288947872907429612003506750066436006303622234088391492603271459883215698457181280554131883194557302766273323734424241597
1451813043690672835796549634302369735428448987748065164223472822885181022094674496000526417694769845438122551399216879344564616852861022340772333139953
2900346883053167788679327815685157771737574278988250501563661770847256135938375809580847803109455767523978107617874318517252556711684679705738207187544
797296806478643093798005537699783730200662308194561938324884943547485554981142262149545768868878644007102912186050163339673016587106767497513307807356
2049044470128124904317127778938473727812023503247968038821755072885155018248588926712547524769651105538173018270904902516266129500416832512903693292420
494631415424617558585404116765787820537280287146034631386973058204293048293289430058180775013761232548622074641052435958281202719330579473409052285713
2483002864649070336306963163421007448586029585296469863306307600316145329782786644510351566515336950031316154840952673801426838311922419781803860324292
1405848941239025335406387485094983797481776944907229250860291702641367017439367665339375817625757111286392598865962156499937001718217997255761964692561
1593630905595298143047150809060616752815641675526022938319560936250506010201195931153859175278021819913889119029258527692083372524817797186499566214645
842387430769954474131643510769988214496316789807434798754607254081603521427722797848338823205015069415566426907879072981135634778032229335650307544393
73751849524791613538805907887061617956182398030372468606124010212895311877781557334970051746830670992788393498680385748198042562293382343615078524147
1101198363015224428588637686761411789741971435541053987789184384538296279823041437788556985645673796002353517201353837136865878711037287329428949326045
1426255530561530860154889626473740425516537272376565645458643380004863829094075473360925659817929685076981257883135289254440436203636886980426914672418
1687645661264862758689930929929028382079837927400590162023321429399774747676017903360245142893686655835400107463520675047868825276855179717949379519498
523771515944208915024707056517125715858050559613626995264984982889533330899000571980987403666795440709813226951244682464282847277445449396960063514440
920040442788300061656374231490781049859401664980133384077722592893275379262210761493437645858019425863832990549804572400099460847067995541295227065284
1327087800977136418276492246879556531175339549271848745407976890916605935673681960637451668729294721274991212219972995413510109816907435013140718237379
2751856209643505054448363358246632506694617739175149662823291414045157172698649604606499834062191808151124814396389284550563358132335696730305829418816
2691495708992682753204988918503150234279862677711898329384162663133171758472866703567497043288361454989302622119561998479601270678851219438412686132387
122480051208874072258759968380512627111528080994776085275968436272923632996014547957361714743363113476641321668123672499602950409959354717810424733819
2643171136962947916789990414748629826634132972987926968844168225925869301271275972576917346594073740831705381213885701316587097915286508328270236132471
1519711688949538191515268808148008276901509190540477878741838221935259991188673867382115227463390959420895926237253548011770975019888350318156525339334
3016956120758262559925279454621538994414658874477279111000793458707738901301163307979078075658514695299621251978571984612267980719009961572283197313883
141916580351763019148454116109345656103260479210727255154537748375645204238093493422892670628055814012778127666191137519947148251630147174685149464852
1996260134038682758737626554170881738871887367022762778790439402077541144266332750227182088786646919991666977864009989805836193000531769228781422954784
3158894052124704845417236119681335720571621062199334964941659674141850752773935792460837941781801497572570056294542009602022743424970122022621374219658
2640914415710432829903528230583528283525783339741016779241448149590180187642005043887651256391755570787525974806022525017354650533176022339941821051394
2758156526529977071272344485562098577345073245643279544777504559058647414493157161238274092567748061647127600527442933351176000416924812783036039809617
1317546471199655388592428353106563672665893567735176784411947196639824240282729432351858789368549884387390094104603545156507419685968180163167502648340
1907017933156644329574100094394745715292773701440489232560010278927309397113723446795887419047456584703250974673099817601546935918513520657696122680635
2824968096938630787948197120262733177419644700610787510536338962061152725162245719980820457529328481017778823316991353109358489714694682759101523467374
2921267455885617778296027224571075030029944413377736499361731660502375142384118986212299898257143582626397773022984872776023747421872987960799387026143
411839200597847440764339502368090364406934663846752026684428684550100151219694542891877170346336998320780909732530419584846852173965741103060922422586
2896653691253831992718581568152266646366255749297259030606319590752256807801354288231719873536160373555912023666962826106237270609218734518754161773841
46512968544030835374531312935331657701998144907830156375934120499393720500483561262936304910840518791713421606002724290920684985786394831220958694685
2697128735873848232572547597863666507749633947475699218356649816171998933046556075381857347554396910520054847176456081351886812657097060524070253667235
1313205744804531210164182103776797879919127766782485628587051135830433164715400574138553588233362310539279990105503511138936842650765105361120000361322
2733548049532614512471193522072470964550978799220167631807863648951247666042212454434572243022735355522029531219220646999057532042818841023634655820319
2858626871984998837175906130801802489743690562288409108241677860430399203768456098809290287682477332054993057621489462787732369780981611446686426024701
554447771895927392578160482053083294474078038064161079792780172742278398378027193121905271875779826708366593846934145989846348943744805856736181036863
2725621023277354978594786880213664786819331440598515493221949249898861206201435831996094538773001445295402989368726353242445399331966175483398356810021
860961646648130735879542301464047466612648503894870826837665112890941754037822770700554193572826313744831760736413446527736221200715151425323436760619
660452706575686747184018762409272865280282073527404260696551206627144977853725085755419445578487603004313742691933130779600593029438632086341847861515
1214429705604531578110783480086758418242777678983747425307381283851597583866367754831788204283047052965325691218176539195515162824832692250116011945626
1672946056970085442389492922676778633621741584419165005749402286628810545750167922869573345210714006353556176321174819850019158821824322536830260581468
2491957257769203112820397740703442108944251507567577041142861454157811485663236451102868111547644531373242830763187286409170140881505190318067458930731
1703172805414627046038767663722814278363713424641147087374859921233322724132447023607783714906429460044261056470031976333224502629524331597625086326536
874925901073041813507618639245145395739274018871252965889074900194100424700239030416574116445354276560044951146144488575313492363457887162192066432662
1792841150861677075378914508852337458637609096121036367944010756291914734419948999407861989302266156034092580157969877574091608357997584688216283770850
454264792894181211546926423326794527667889986086621868410927382461900491756914235340600152390746438192097593659465391394566218260829384688244565360767
1752261467382839766282165745560205003453055440775413364663798188724083068949229688817070965348705347572491032469134630658641595834834245054230751161721
2390013416648577663605605347338749425518984466216180278859969995795527941812553605655607914806660257269300072179614191906012541303819358624199056947051
301816742023495384056535407729948293681938354424444043847293103863430150628367908238980324246954635107681089453066964899143223781498415135270960761925
2307413746051464723985583848322356299630890106876314979318874281873247589186755341034525154006807466507822332404498538886270460928961735086341940695860
2811802795444120027293476594772651575637216922172719081403159074859192333582677188806379851828188580815823819679878634821625503508947738005246204987425
1177288943758234870790067250556595099081555552804713032614511784313552666155266091914846400621135204291208619272943744453388267781740663230226912433769
2352537965167947892086260846484549942418897094178074259308417567178837932617249531367476867940928598809719169204881932389287063111126082898721883842651
847241708570161936295390170535198704781506108102258657822876237568163695369181972739152493150043105870062417673241602766593499122071875493393754313998
2299841919423619795855490176316908894893344799357540804711310945079824353364167202048736882334413360964335936391109900157876254793599678415218069771217
3075297379621106197970648943220198023592953393372346691634223231106073055092801959177605927758452200902771229063322035860984155128903305319285521047938
462976445950878257229644909852910669221879260710760363016040247175099291369622216415483615899171733662861019620628128109060161860316243672343492859356
2466149949032310718403419766472299174168580515198675151132037405698441808651907466115845362589262718743566803110941789185431845979246749549543554778137
2212800543698398665948682482448887760206252435060436900152987203965715316038242254581352314725277225310861147025970353510875664018618179106567398490989
2976421647623904204288106699120960228472279410214260065946942839023121821596617419672644109736845768688176841816778759071882796917885739657229788133999
300525703585921734308656820186354769419981252973430326308686418824300908069282739514879415789760876567384180043102609144586506436774614583885214763463
14876563029218618377151578915127606215849063020437181863952867310059697678744203123533996716509498607108417178012864294835013271159655302744702116168
2999513679001360587648149084021208033057941636204192038621847176256761965273087414585380829770480682596523450861027771216335363804803894252285878701792
297221820237134528670333004180395810645850942330025224483016157964007488377498426443982022233403616012752258866144471995430664767911098525975418389738
1483813302730028775776493750509885831068905817579957495814469671444768916567047058148182039357237512881365865312859120492580139334520314871857611145795
516838890075691658919667041743814790384966920829719262794530233671462127743965773505277052395518758497739177239748425496401385563496335342240587477314
989610229121405627338148246889696177540399526301432236252473673636465448995447733304846573534837392657603945394783704410889146658330556584410927288568
3169073354578268745169882024933239268120396949464176186714016090351783624298563898541969312269463186605758939805910745423897787924374296538099551491848
2956047645466404909125714024728834695863583541414272350977739535118933406679539416287228664544205920319492030609845579961121353364648369628268643332117
575625898988245352409308405065200165485087285400064996953736802382571004605297074012381171602077501978874410053234736045780239942584726769835868787431
1142690878856904681282646057560756064047856439062321666272958248470345814285452362505950255787682322201830260788140101327345484329906196408610613588620
3119475095470023679113673871408734810583607064240430441369753913447630020554767190431431352174269236317458962507706674156515459240512398399683320179943
1293037845222216271932986160898282215188531881196302975588622356376443949492306048850876426886079725442684520203239160721399532190915342149413917808346
1858739028113445707873419742890667025699140569862427771696572895126339260684130166761788611232860839020695612314093058627638769594427417628459617469397
512858763771776127913367172161284607564428782659816613646413212923527337629473544214377915542154604964119799729341592093216978175695312186340519404769
3225833431757565314197654964797911352036491539127033293236296789719008596301875432223512767008356206065685375173580077094895306809788583327505565105935
2203291272230151228921016424226217903832389589810693565944566123821445979790320664733999597273255030723678851792636389949292732828846958824620544539615
1386995156952938501238054448251043842648100916812545350086684557167805809932365750829128414494792880744295336825885978293728803052051894114345621910756
1788563211012822326441010102035264472053725372792881797425119994197230640895863141300065979287920623634658200243430711276455049299642298036279662720672
979623990589334051071416048906659846624202981792323760534911996960349189010944296743047863173442138845865195454836711213385912143898708830998406376969
1041934556444846481128316970424791007599357908517459617952959298329090238437469473362167258943536184172939938055971544842266200317633643916938264624776
1071280385020271288202350127671437291090913159258641425571104679522448292600011089412112879753611228736925555032517313220668109277004042960146691330887
2943315892659147643871710188146472254349090157590095665524458307835062130009155162402244886934193700620570763628233858928424054482509770153823365468624
503164847850512948495569429661538455079563948984901304237671342949095387745964508484350414264434956190431462935433114148406658680030048350401106671273
839331667838567371912946542748272491372147390749122543124508664315947997753258975393555880306429420239419752284209052052209700387286127292132058709351
2454818114011651110132200694034107274271628197179001591285517414035178861557865472925556795128387064239392331638770220430802646745008408134621268483430
1943488248784283002951633261862897593985342216573514152212224637274371487656642184493607116275252606881528543838607206606397383492611949498789307895131
137645536573316772883383041477555495985873615867328402183015587978948275051613987815171169998061742921746431679429672283933534263893341150935368667671
1176405556465968449076205806540836746176309548246109792587770055385748164819997662343521178996667673594800934009230202057083830015221041950802051879648
1276382126436170076922954958928280367909533621750819767894645142786219752145522961883188656543934045059334892376188754680853575653017766834201269258789
292558590840662757974690178220345669383847561509476054726571580787604276509064864385255764062927552863628814320674352267345407548143844625636982294615
279264681743439718095374874829608863516626250843914230887124980274712127258495796379631911212386309285552270304949970840007621990993810874465705558182
3177354734402534975860620114390947634494409408474882009637060342678700939889644713134954068284447354667316031705015830889716111682305677097520960069350
1451557735803102908324944403679216401137931148599531895186052099708671023138065771155730527824152897264354972116749717387507275401797848189324726108220
1937056219155260537311289892352243854226991595798289560305680630933638986513571039918066744444392526097285803397416766416005178871603344467515847881861
549476438771611188233643728511896110565479825309868594723657806790090314260431173782930633750375625914184724948380699235259243122506376996025065896334
182167200834050950139110013455971509527805512089149258646689406748874612154194960209729239369890218832272253646119828385003243078089587528472975408082
3243914414780571119432711334746850793128557637801395872778897857223363865809857303796725146587086664194681763032347835028600242446129957904593380033251
2978419819161094678116084178435237628071755996521044609886613310841073681657376608137190448534693460929039378538780967993791656193331556087468642669857
2352464785999179686113069669226155577872090737368089700591569792974232900923814660853835062466685767997762353161403156744651197900072333631622783156192
280079697988259753317597071218403813172774850283968874264763004847888913522778637589452272135635974150428050894983749568734994788125664323283662803133
796665950229100323007275261932762602981889884950536701677461682466384118164973537664378077933205068590385133859570672248271927959905012168321075616859
965253839720705815088871299388589239088370898084901181573083563214699691108556882601483677210476605081010605645534456205253384842891035315857882795181
824840676845709896547697938579198218373919874445131064962461607244543345533088620465043705535119555880512344575365725031263391224072740079129765557614
2340580864274411616694005195718574106301851992457424511344077975713987191758360634340665259288105300021149766255904646268114695361115770652412289904507
1352645898332428275329594044314291958222896468458264834324292648935929483547845524768399393652655060362228793790047518281583366883607314251170505482906
2823078380592411539833111194053837963725645196948783501113086433820420996317287936575751848815548264289037062217648894978230912153326679780853958850500
262628859901202651500319294396466588081872837584319476849744608964084844633895808606118991012885186265446356185891371756021371460867105715398428643114
2338976816122307089532432887751061631647451718965913704302744978101278704942236917914492066708424774127725201254147986350877221093756839557081038096717
2893790354222973997050006649308373573279961192819846767284031768965515785561874741358940243654807624542943835004720343717304283313894908555352215469853
3113355049414141724881807687458981451489188057220298362038031908549158541685921459343961214956709796530042607623985791941576456479634122944515748654971
2060345617568630123529555810827741609365174427388609569051047631684367742210784778702497530806477629379414082540055207201049955676830849403431537553531
1391815314721552124552973951339428830295264114763842234902420005063928967774521033470539677208297188424716367095565988314254387311412662361723316565715
2556886443866679208700609924555874555922233483220948036058332547077075618907525945879560476851710917236828105377652079264209900350436746732765548960973
1624562534483484205137100167154897903677201382584096013909006262641211888887226040634933946987180201457260767681458644588001451514404201250503080940463
1804850407631788102000202194779850465863264763970196466291035223001451377456978242344674491252032733660665012855608509994658374714092106850240380884026
2782609146821819993277916072684452476554212146985771394847475700931567611212485012554527605482245410908759347127947224795454445382828071699435197602833
1583489781044046739318371903060648484395521799565968966071465199705849041669795035942665517343249412140004131788068643113387724531393748164586263235459
2973158696963375090631777994387723979914655525743330399928320939788955732843952707517921996223489532985002097079034365278750196286270365169900566957399
1446464419911804044499362212597868305283480584862850462040085045182424192928729252362719473134560071132081557549919609555106731191924974847892270055452
614587959367972481338476916819168827463132079483615900005608041755590862932854819032816612194812572597176731156851349015088597404736334695135455940315
