3600
~
70
~
2
~
176682662048624649901
761998242268082347008
360209212699753689142
883768075262689978638
359793429225170899365
676836445972358372141
1119501728583346351932
658745822125251402880
967805074740384481331
1136120677512820575891
951942705969288554223
903873380886249569732
1123836050057454835701
737280961923695997011
45439499459818198868
163678129916879461715
529093517928935114335
842178745684468081503
300017642529369971984
1044354540607194616333
666090431631089239724
485142227165516377770
55274932294580993990
4516603929505539893
316561893489936569202
852212079307964301369
924128559915729822021
614652698415869682573
251690304423600166641
653001786122140473072
73597003865991495265
457263017137178447032
100927657513392008878
604495676574135281485
824355619904359362711
939788017175551872133
106729601196377937283
676844187009754547306
1127588763943238633920
628000807495271043100
191683984779482317292
317300050622857130869
871994340203201821311
147525638074514604988
902503448952282318169
926626752841146990770
1041786579783657146398
610260260219674444525
1151321893844796973338
676686257982111224932
540895594617464628025
99312415839013668118
461350346993163119697
368462847721483706585
190383566132580029725
868564669126801051893
105933108134388524597
567480575895586079068
525352415044978891329
1041549413977753211460
753504194446746063345
289870017952864878450
619589435975592416944
1107625057820809270904
939262580278695406296
82826505288953795441
777164023310189706565
421258284661253606168
987447257346139385472
690980177974010256776
