3600
~
400
~
2
~
223434413384980337471239720923478104629654436165667284091036154119583981668874311154806080385267838166290916645873635673
8038994717423911325569980427784904751322455102266120474388019745532612547507966413090719649655820515012827699859676347
1287063813513922530670839767916493671792998165002382262655124767220291124506701938273004961467356867668401093910198600033
1278967476279008989414706897515744652966574507174170501901456110913496525255843776889066703193169908490539691374984032279
1475353715867675033892915910983128029615698629472751679954605978127003983537419721779029365406727563711578303260459682425
1984290002990918507404232021076863212175624453958584080427666829011681804344933463389926522896803327077371087222696918488
2364931519376776166870194274318175976638973082492381651880718171345720036425963854251588602892815844051735965746057734358
1906183900638295967103363963167789431830248652715497391041515889113905818697537283515660103978275816635069246657104608879
784250160251015982915824654126589107265966367415582251964476364572480335849067941525665808778027795731310820389641748466
1898204954926611505121642020702350158715331601570547628793275058311812476376429374712089591201986942214223423971791621625
2547380315168610492106794875421922230896346646824374335272287798130441701884132874524556993987877536987919203792992304197
1919213890684322460685161667955497019019213355332634690961324230484972320083341895169498256477928321091896723152668881759
1938954733060714582803026910395280185627479042278203619177600464007585265098011504454827211892671471627127293832768455342
1492752942688189799785407788463946808810060246476794723740138157406403664122460525790767754973933372292281629270107838714
1567510382361639910696967768074825319225064728037408058074948170761297788038311749077981265909601601755143904127680179246
562072657081469273067083757616910685546783126195736888355865942638590429085871565233571680632179792083140031392498444893
1450278355123534271990560527533432649694045229937576413213528828308067040576744570460097075403448774386333875753443644309
2077203816875362166565542830883966356327852775594069368866719011960695994810215439966526571282534884621640466156153886925
543080232284363965741389399295724638348489688596503680292062784481936901011881538085053996276076948237607283606183221488
2405636938271346403626170120444590070465895900874652394887214163736266707325319132271179208005825869156117187898739897690
909761958880792093082071452819971572656543796930555412566132857009480760409636480958707290172996397012833968335344174765
413393529224468934943531965358250746985037236915396448360147798880131568689664438707181492946580869499952536624563239876
2332500317887306620150574147190337469122181961956009352074352220226847478122617595529025134007665601851025289084714697943
1854348218558928080893995087822134255787002833844871971794609093194174935708468952821810980966098730892566190545733571863
1270790819783477419045108209961563700701471398396559756208164188277892073568349578373497410638701915685768520178594976012
1547798617243798936426962089495566103496031733063873476659433454804989622557754102644992363210479247667290718513968762239
2277778931961659065597840879171324007058715772108143424990895783001618007486193928876222752226428661660777976186824395744
415435263685647970784262899045812872561212811716147426296118778780463008373915582278731734511223733388851176911896318255
1172595098673150257748525456276118247062712047069650215029936408808865286792787336916719099604060048653139348947723310948
2272617204800671019416322694539656726108689418096645831354460559750431383413731114704513170927368232658428863607798713487
173244692419957045208235107625302469629982805880242850376236316788264264392666964652276463725099933486785228150592285789
1947671579234008381174481601811713629240560807289979918627904802241884836009906676484156471888947639317386777569628154386
1760034239924747153367791367319794965205940544395766594235618286632660132382079954478691748460292405412158310975421433667
73214472283267954467171622550873862822246673763408335812304747471538628707545997528204528904725348501847981049281298379
859196261479820030748326981963792545969467052256744213953866452198551887911094251776794910863698559843820585116036645708
1740175714623085374836707761221304606712501828994393446086163539865928634219609384666531747346362363835647637288484498157
258187417575657032641635843831655358022875457159685273828482745870669572105303689172662582179694206448807852005312519990
1188123839383652311393814051775383816222599117208283117656160998127157230317519540334011342889620643675016169131813382427
1649264985664914572789028675353612688878111692910867591847965316766210375403810130108743211530761628201319061452749629489
821319177287627263937439127082410531706883830693140760360597164095955746296911041031009662473503943039903215787427951509
1505648017641888556058799462630730899505070857531310241482173181356965536974128136515695763008267949843151248760490230825
2004204704321516436865943979673405199913489342096799002292082525368183092162521069215316374243611302177837914463154990957
1399855086605677192824256607752555110155233477020265358552022723104084575742264653988716840358068441553104899651454708159
2488406291420467166710481979529275332613844101323419989552478290019465289121020828558164610481590936268503027348845616200
157651665986195519763228823857355563310216393337350836892924342896143868556961244540673764957059398249633765834240074551
1048736763060932758072939670451179696618937155020062783021869747228074828301189416091941554825460238626854041565937199827
551635941229914443579137371377763197013739250050937590910811146411944786715258264319112612387708655410832546360888270493
2233931622493958362030861620637748283438874655580541433609854680661159548179924697675484632458800873473465520352110451170
351396228299978608346596031229032970153246765581459434007494437752865676642368028664166481067250768871667494549169046738
247798710833786952448341758435235836618566961572389559816225532230272632511189858158486147369936666975291668802955942773
583430954222018715104743725760255884353321572929477029346303067125479058447943604664807512241458927974465126005053725944
2079903794343057297844635804007262062664862485264474135816042179535961036522151052674830926959265406650571166333078112794
521115252095093712841488697220350025888424293440207472466702772710364663443201396961985116893071181143159959195149021661
1847107254400576137860007198236502854592501642393182300900469901557207320761184579761184465017272855145372712140790055132
1394023350994186530614267786097047027772211553865392415104290690919370200195503786573368052068892087305109950437086192748
1276042090449262556571154152226715038921476393943583493683889059919409148751061722895772003638602030743938133272026010407
797054050954408884884829422726459402101110058216667846901103917235436065247777362797918903521227444949337151824848692771
1826716644365084348013900443024107137708469555027805967618537699014952949282547951100350251882328781262327633755160643133
144409098674248262765114022086131249294473967648160194721490835761195014157199510033177674840916639534497995037920952388
470770444315016314609559133933174694224698421791409580464725495320344185159276781041651461056411825454842371752751603356
935779715020559961008379211737853831184018016190557916818959880697034721020005740422126974532381135116416103653102807658
1832150760405913426057939031477133926610856822716592177123351511309240699314909330447028512802311429818101352073499229980
919102601534559139445545966932190664919430616770079094498201193789748067507370170187871701796996764148462891027214336439
2500906767712843398140834568513890763174754917504296649096860033319260757338346131463928542725741646415126289912914237721
490288575146559998288900538627788928534739644411454988087413968279384515391165413822467849891480330117809061069301326159
705466934769283852260598524897712032917132845618115851398890282807500144435520008735649736639699964054593148900764465300
1624456696357832344280597547271922876883802620929897563254637267601643090274822121113070899659051699045488878974005296225
2485470479730134573659182364308875966458758787858862518090706305552789740775557284258583339515280159496332027729068990949
1454898330064476829526047733094880168865351877130536472785777796609684000296415156161258334820046596861973642488942436891
1840387282342743898962688658951774353483763510166655040772820349667880363088330650115142265679111881954859948095804657693
2004187854718230174355870042472293203530597643859713281554697905518394361079446986462460068187722853079128401100348831560
527913149049530350792097452422472991552218905081257247342422307367773258941794122584771159575138493047513621430458104153
1312366183469684174418569386771201589738736573130928290505879777212610801797937574508906973169206758014802856928007885038
715060561476976509740670006464508964317556956764058009271339652544389013629253880701300382791042975942563704873303138193
517588596723684685634492218948913582270142473735798426170146844678156713759181047694838183821455703111823426452130505976
1169550286688338784217884079717738145126986673032517869853636574446225753592554032360126547588932517435015007988121484161
680504295436504027169204609607197779082110909849084943673452054521666641876080717712676612276657041158768768063063667749
948226683371143602987238168747541790329197550394980325753693190934595063849214650051981553790114045086293177781109766609
2498734243444815787746312428547198648485558056986995381110721542467625484022641560191760753450862731690082156053563667504
250544126169548458209311241637558168058556375009785293957924380040315851698835708481265369749762622585601545107985342902
1413448723709556227775392285100157722599478362975045079673773881291772039861098708779054997579691121943951120620345356571
128631103686769908582965618790745616923369094949883757649030486131198958715752073593224523110793420514980809816935893803
449932590544948077704349016516406205353415749374684086680285248588566447179709767805092992568220277552879230981730225539
831498211040531788907265367299772648418682058892681982228172389079528549441026569288965370954037827861800118006037027734
2439048985850489972561115364106424539480128113065099404239214834932683782627358386985385769366534114216888514513383863469
1085933570755665197025717951908301037803306143320817784152907160550102209541048259304258837499183807881137387871442395107
2037094994534192151920254037056929027883051135834987094547659743917799269243256904348923691354240845037864540842375245657
1283269112243262579986145297151919009945023210055543473473854755663845236125190439958786061433159344759996199985255322456
1243340094958584677615211888013878451284273945155475641075521159244138620359369325677615916645580814847097627932217715145
1249507153674426210416604579913324429585018493551263279812594790230914058450140120307488706822543366744840508086608335862
2330966497818258198262565274045385672977618417947214281364116960044228069548752054919054452475690620701271154446876900699
1096308368883575604991669129370196794292833755209511088982354032552261938135913448163918941822282173908832391223946433361
855753715373625637435615846037822376301314847793903372503595422606407826392691567049964317832298768461686298174025391611
2459996184476248564764465565988096355255593802102646332178915519736818160433505456467119998248750030153778498216927431630
808599152516236998245285684139348685499177785501933452680326524562209654063173842413807211340343269718619826589145413800
804969348260921670805601550213298637750793142404751274519921792495811007253194701567286640574147987339911816623225401793
919430098250399178089113038376616378025384175450347939143476008522581510371823168688228030560693694513250188072240803401
482081860492404228188013249586643498058911773736034549902769743465638963345686659112269923082240802211745816653764326318
649114626031511036579539192507599230163401534922524966926270215439253959952987433740381272011452472484870898752263947341
2519198752049186473593606661115890609639004671185145773036384598789536646288874279905100397198365436365764503792514910877
1311383812463304580397120677770120856552654558959440324022054496758272383390655808526663000751117722917455951015621960231
152114381850381913059525437960483497855405315901717184101570188068322363209320448996140600839249916901488812407017413844
1175047433939704583803769331687718811208031849855547914076769640078023881243201229217341212507222809826862665856533591160
2005561338838012879523474912073127423644415257070042406130528664699039465746456931967096393856436134373656480511410755728
1014234254289119164542461969626074550103457706826935002828130753636187622749076488878469694901634066878273229694900118364
2575714570263379879074549053710018835604816310803304070343878802220106843741709385536584141176107241124739954380428537457
1423451484525902744460104163471787705285120221781345623191624713871429011734259726095484017927174645121953914013956326587
41513418440182120772785280926622651596624776684251040590323552346027027352018184201398471537284728469679594142100529311
295323124024264645426546923530918108014375501211777260776174677266494461930435876146600626173306236369544049524915474297
1790106360916912636028780352179644899731015702372636026238032231919240185183553892300594229721419509062500191559873938434
1807708854884275440674427050118310502488215718040882750515466408989867598604610824076572366120276575422822507982628949798
117475058450255828536835723268121156835358544629234204397663762248008289370004003271918601546754393891886780214275959232
1354711188721818689818520640070363740512916073703336444037614122324606322267194918503327143825697018949660030232621684173
1814318436010568708514574475300600732873956370076075084666008805713800837226854456174134871642815189353377378308458494848
408894476098367562022360968852691932655548504145259038224442333777589356266833557665813941498231221529381592961404983146
1639910370488034099474264422220617588050833044158646521136538593387038334778657953785854919592799569952791598470393313852
1606971767233436429676432657241985840485814784476094274866317694072228172328930754755022238409211341634275030040402206947
2013000577263742717445881713976708195799617314997982158250749176118489143419480794261949048406606768045585966455767249314
2427683740864671318007360978630079858401373547596801937562854474852287702027641584014455737382844585127775959996715010402
2406334362976278574655881842245298596963401023324162361684797882906582178919648220837844775420449240243173186718119029263
2351827033942987078403788543966664276581156449343863166224068570198983267006700305025179512667161732990961639208059791258
2400566757110280296900599983747419811081000859104812725539784896888983141556730062644878543094779663462582691823595639537
2089084377357497438085329981865337718734092015194172504492891889189550193921247761475358938624248773250960014537836626121
345382159150441544547919179471800544827058205168087646090519456859629352101202049403839299596465699102894046470177197529
1109740990981941451187233894781793449474981635630549614330417554079130160823862319757635664894950555547944578645664348276
273665998144416529551708773959274607458999486872608145195558270470821633831851480241080264228830331323733413712611086205
2527590625167084670081623068644852524695079455443464687012655774479830773279109678961062489512575787750452467311115870897
1827115344409483014917656518492099137184430847350957067785143669617543071212502898658028173229940805327172258873063111359
462181701914302777347608665710423208095964666754147722314756851897825183390222921536706259576785863131559124399744863227
2075309440138144370389022830885343364055811495593851949211041073558475785944138296598116651515729553354238542691265645052
361861500673831420106411170883552698479855948227224070548048362794491339993690421303183932714030635994665912734479715319
239701492962247819784854911076917740044257812734342516301470752549110078698208565310441428776698274282309074059497539623
2562133521544118806675665417847873812455799245472653392888762163645893241641857666435357257890846645656297507399801839645
918028446132448908320761614747353007994458538916263221161553045013470165097045279200317648253050720749148601422410747924
83384948834327106088564768238349662414192346729224104686346944784361823451912903826553375266355049156322929188962067618
1985280306481102938103040578970019743812610373485898789548233297723971235192155955074610372252232139478951857817760539071
504948365660674070284981182604253307476870285037539906480450301880280572657635215475326619790050564014292935353095962402
2345928340075611803158475731845305003951304404120097228390526549201232551658336549463096553406313032716242691924176239092
473820653491413757646685348522535758994914333731742902908050856578272897731786475162320974458267676522961212960271067961
1045574851802932685943118263090298760447124582995801521675358624363872758485772805975367070256632471035513841831211672313
1302146003522876825404094899192106414419881578375785757435946802147995469896940348963459333034121627279246398736994141229
185772357172137462491892996389871061614654692179206435519227381306023735560511285035750417588364113974154359312960768825
1619653496887847480081300102942011446812522664557196535651706869794666485506805397637731569122039637362468159181865461120
2476613081639371634287511599310830187577816032448195734971310364921936279944654109068746344558311488968005826963297835336
2581171408948411647845609530430765636489170255652170905565023451389287314778782641637401065980793307680961311375526104999
111002397853912431164473622418806623192379254977892994036249041675689265819259163127892210550199438381366099995687573026
1580217050663639855066537770126808714143767849418628899415684218131999374971892925758458652843331813981588821553985419297
2551164792844817407857739082198142919030368987130771782021103689681622696369344754002979934218297200092399382964918981694
220348077627741005454489435136204122081710393772713494342308342739893386214791705360324881975338583524216931853274280850
822574846286767290085628895095044892308918436968237455872479037449340136666261856147487147496064481277167383984160794069
2128915479365877309312497899407824608039286637719267945034997312755852280739072499624613029654528885275621872061812691575
853994724311294128119559688498163774520618579708040927616801105254520867968119720365165643027043584911328689777022760345
1474033453339367907039524562858942675270444512490564421266670585071378577375997857938412994725484734960498725739198810681
1510379469819642278055616306387820380120363968549787649934735881126612279040071257877809624984604306963021739179347116681
298151111224338110461107394975164183697245863673665106474694587464064731027427115998687188817237988397970839785114451843
795117951114938641052579217582439157817757442490587566582267655549925660223374290355587398674538930895528023090673915256
1254847046803905189722250566813304283066442519787325640708207050025883618088542405920618373887019074300328210203795014417
907680343542435728616624114583124422178016338158674116301876042747212532430359619619051572674565687340227245005146338285
1278069955195463034056927979796163771861910821351725875861198367983209642208572164659981550010395908382102594216346458335
417997233425988642675010405978068486770273134133079834812338221174963882027779419592611815494216426979073069373131128357
367732980844745489107718514072436118393067460135062234295164932931243398971072311750861414581253144502167803394171855669
1806181716283518852649675309769560785880597688680440927762036833494496996999095070785820697905599962556989508312688808109
889040648722799976490662582723209268659330913927884194984172959742738600245725312082414301672448235318830165517983546247
1731358722089923201515474895617272774004659976960012074345313587481867460044268762927614565226800026875215290432897986564
2373926387417780545719545725496107655504246227603121448495189003142261999077328764615348203530621404868050775056739469516
2447011096482866650614334654395241145186891454289947622480907049681345773818204988728548058977746013051498736210623996162
621305215903170339374430910785192525041180343590395674412695295200088676564442687447030274516463053400492373022713601738
1949442315268250439979371630238421095391819150978114743112425865981951138678459253690256578151179344480243843107486540075
2483348050529020660608944236515746889537281052786371690658572877831762419001699653650485625492684172201796537590534278419
485738142086865297380583286924227250639690558686276726575167918280943530064819704471906402108658105233972842986129322826
417799079481391479799661164353809538857196591276106370384479975502233341851820661698199837855198732452494471168005185636
619523508833638325229603971912488585432346727250846512341602082753758525752825436099140060285616700736773482422258394031
302199888884205433433254124036725847241709961783232495649666000447789644827937234126642576691239521311272350512219814667
2104235512671022535542723366241018404893750031249769045159425431800395629642891906424707771648497051932297861061025306602
1208663669440375391627678565405219787569396488859685319166343144910202128355371698598029438265100989726639168774047267787
1364956525250530499494727307380187065697284376235401236252784527680082764873274993830538134766920826870058449910535580617
1338635010145713809746654368789297035701581212878046752662322021667724755656388399420772845983615378516149239342842487458
755680624659535332917092261516355606528298565140590481789338237717081776220422616255439100418802412756457276384630295512
207835163737293844606144030870970687674713261611676873283140883152562484660067929953298656351231847476012222769883907103
1926233120769011934632615201144871252941114063017803729953289091277431843461077870954866169751832002214868907025157711678
1587376799302413540070699315634234757445233992280244501767838125938653687365156740905065390691329943856215038773975196355
2572014460953546465687084017119329181908784918701000584612781829602257587237827681026470461218947062177908694156813518326
1323239382478012871253300263805472878481888185714196258874805843826924452051633728025292187229094806230889039293353824392
1699377295964283622505385786130461326494624751033944411234541068843702376017594604980914493905192339726343589174838784430
683885636448616666416007804093062111873424583155720174790510629142844341465738227215402279294230128038462732460996345709
2071358792575419383625667968537455671629523801894903173292159934029790867287125260950384572349393883674553966765156543223
210322967341235130643065687451027938733965022769576241831672942032242295838833799512736056982092149267546378067522717646
898320750950468254055386120651839793572944884259466587379453438518208076310186548439303315806959190424186888668790942294
643424416563208382497862969831202510853774945025089849259002153970381722075569040948716898037089831187366110334482804310
1612224183760412377640776531639111922303915165910392567578141425729622266550187760163963415130039851494875372723146676232
2140303600447055173802607418047291066288954357597351732930028234764302591577969175178532262991909819840915935044601737377
524169253898796578543969643348769603646984173249714749593559292358660916738585507990798173793842840931095930582232379280
1567995738469104240004699234918147545833201591714437924577362705154925223874214405510250961953970352150563052660221323779
777423702546435146327458026950714847265414736961824698327766905211732283981888135683722945275328272624262409506167324739
587167543087109731263410580897310837343732810038391366452099856273145346722180257186397462060297206366514890402422331672
928903123381670872568114574266439131202676205774889310389115334838408469313797630169457494734009742992351930878572944698
1549757623257145620641464610415557379759784038721145177892982726853672419004498340797646106620284422287507079994139232006
1379362879073545519313938404736808728768991581228224740401086375708759376203677639108849900986145935261432152539563827110
2435170328024948211259516927363755504619787893628260935967513559813640031301365806063170457241840484716310749771851715551
2053968666615132107849190495503991059980705572138386869702517110594852648486940792445082762408891480060834942649089284343
1132556363011050492127832052138044089052013911616423226094924756144462037996178293930194158202693347609916572820323730197
338590589639608580373250537717468403822490175627418289255747150073158293852307207209266778970672199780809409735569853606
610506241491748017356552665411306491671495759707845666191963355471136329156630363368849824927546619536071927280388655991
2495095986613318215059370709193040226952871465881401825431875886948754819460585335238495540898530784384514119646417645360
1176538841425441296184388719640299952446358402700694554548413733986949194196955255532150821160184869568814828141338516008
1350774755059600270177597650924338894431422876445928165776496126740835069334612866391391818246930260017034422600421312247
2016168361784794323615081122776767917853188099998516213071384537139579392299632477112783119454742033018502365838252097870
322971166385564747650151297825419734284317133363851800602975733006152119772101394845645768687144888750387327829284173636
1306575054440356536298295949424680953443973907149499476679837634137201439318038012545350873392412109261486586253027258640
1448701155242744512787860187952248928036355383121241926982105609587154483971724552651920918346568799520439086220562378207
299049005564195588381765601342580464801907895542177962905757315285461839018187933297211390790220424478885173348249030585
2041453717152039153669886685031748765880419482039076818247470423182938229406788742349905880314530058804317353255135591431
640515719122825497240212294884684669493452692202910467961822436343063501333167577659456614587321589681075974586834684238
1891238512619907590296943655794660566852680342149069996431871876359145372979724613127460982433135254562494765833591764968
2224891139815532799680635882441061431249631587160877117701833364129213006783407274718215767949975407546728124894574589080
1910914475210375066521690293113559293714375416599517216674982198001374016625917516621314785396828558607124952317585195272
1163016434620622021899772051297032089756406614326194678213081111476440106911041643107763333055056248657742770784925720447
410033479132218265748168585983824292247490308576804841035025068385927654770049071291811390754702973734745294487431661816
825267331119416551999955556196304496193930123131631396060343329450744958070897189803527781355772426072412973362170748515
163870497970320915562047480155365191606942120747063634312924710019901978325597874363305571023453067166067893999785980039
197037646838247700252591206132369118502016723979557103876967750289768943122122706415699837663432044961809520930087707588
635584515342932589588407930643955017961329224724778483670177583743662786462354045775217376837242076986595167991677702411
1844619094629355220200829060314851012158611400098694854866232736730518046716293025848956063886136708277860654720423952576
1540266087132953307100033529600709777040148586160030322648387292659458676928772855203932266038443411830114804681273491007
2031739620109295333251768467047085102628307214574406779550664542788801258967082452862118448240200102670014161964310619766
1165057771470731053701907840653160118870051269958574815790403509809042118361397468122730507010849732671702457924712043489
361547285968827921836096055090187615273187684696624252387438591833064966807652281687964267056775668254040490464634878843
354084050448626477148374731158408198830600534127866365837794077209448632194000073212637139918973614879751614691498518566
1064181017564225286027146273916037572124018742849671055383943189254368332541095644892987493877702935549622738209586547668
541611373332077681656168688657778166634572781269225275840161399960705581989884514548520458212253847583252136906138099982
1609014758878242962947549466042568339891443810963916532370929838937351181868045606184578745463503679127903415767277987306
1777802844101259954392419500278429180634210124344058895907930078947967623650794390798005018755362045474643273880347596897
19391292390984169585402959469517887865092987701444239308230359142858011151835523102451513026679604623503110294836906043
79320875374025032644672423091531701560040898357424148573702110353899713562016634295892543317721878037664159523735795932
1932489718405598255803388246142976752617782419580852905616705143981671404520114130324767446846412097780241984282840462792
13821521222194769078508845846735058414768285541009361180851464159372376071047140170793972380468858813163668427419925280
2579934782188349471518807337437074366721629292111583183517984182663524558545893798081407636744727017285890892061236404013
80191564752009622525793060740130957954623037349750478686479532837955037839623802737589435836927762062566366131466941848
812804943418294823038310650117239551546428866345358268220087746720193318595968205027167629337685605564545334651717583356
2390013442066920272374397842483919023456190510281110030542364298032039611035502970801783400951931568810482415765791097057
1083378807898547302586444982076132876557320139196930283300893414769083310419007783810305237343909970320796654965210960973
190123823109720256602298426876152711901595472178958645433391695286232669438135788517921349834434667460234832558559749747
964739728740159503952661387310447147386571541457054051118178520891931964253498564078372336863991215205797319607687369246
1574469025107879842882508799553584709906190973940363968510840794510130197887165530542126848342634049915817396519308414275
892476036558776574051514285914855614796318819793990607665444375800376337592904482319691204178425664341387589484424845875
431387479583874342124567806238455352226450284578364425089204118702848163001368569941757183588003871070696364812156758420
1222579266808404242977501588833291842795411594802173573894898955210713537159279484688310746403846145263223531276660528309
486281650058101595392829304394934045428126056850847457306197533174753010992870259968780391322266459422970974708184963037
2249573047535497932087684625151397258940750045437795806077078456361374309805818700499516566607162410746864945847984331248
245082401789315986581929993036695299255637531745280296863276444572930249839219623428338850166080484121268820023832370066
2207363294318434492627904531268160757484560322026028949280184391917863891802083957331110326742406355956138958178289419303
1818301035879743608133574828041555338884818943942211786709974215122216070848561825635984862880690466959756994670402725551
2168958615386825255610332509349122528270368254231952274842063565619359917374856838601944211291547108066181855997151417318
285625418452696789147788838485396005378370332755668217995761697617197208902217487709929614894260208840359316249900467025
2067501284387582443358349970296765818177337440232015987277771440171403482455249128062212224144419962700845050948495315729
1955948231631931573558825579319721241349212681507338495686013218793343995587781203807780845621021662482530582354079320786
2056166313511185211892454116204518380276291384032658629897293654297379036775641350976095537929119884061875940772923771338
935986449253249700129647642775241388204829616493526208832906102982052462720921019952479208606262449494585464831385447133
1260293350146380293899033170619730771020334934561925669641559569548959568605397318784415390226614730662874455264587053047
713537580299400188949597669134476122189999749421157739496429379365415038657394019588513650768745668163964077952797299184
2150717342068890631766576703390378781264740753058061431759331127085667396336313730456869338139612032975823670483568616540
440182424870817052290727368284278232556261938898734622845412005503924293670093364345014768804728787456184675682827436742
1299183081700987260692309358661433933094653325922769754342697413957736872543309879016426051816766625249800912921891242179
2355632667243875119353209454462903880083607945100419967084702594146192031563188352336773983540762224610853753615757040299
128169203181671405225998933038473062495698509013990964511184292581515365239328963678895126148069029239618171526954294861
804405596195185314403627862320445336082084569610726876444456750013634362190819185043799286602601094058438858791890194745
810719391352161188321702780620558678807275207146833345496862221739221431335744452721078099571334879074842690465956752256
2302945185831753519063095622421854254563171024456140717937419102820738248406358172606792489760424412088026557468952983869
1833180356423732439636843780294178891406686015832931057844741768530523092513299392621276533316191347353331700496911601554
1636383491134949600853198348644996890007966726657587534607468974793473927615371760810304046511173726350890792516863652068
2242386078674132275243638337553953532955787855731524398164624324377601028747046910484303648589364641709709685842663097431
117512481850247248068160418689802689548089202982054885734231538538739562634029341193006373941945843544472427898971769789
923883931312165299352886519431784604723328207005300265930060602368174263790840033267220562178868360891267239616551760159
1886480709541270216296087404835851831297615354779606696240111250743930479052874590361503264620720065508310691467808577600
223934800830744536977878948866594563278731684477574056842245636071176638305234406279670475869954701473747605232066796904
1660555873399761024159992015929976887796809120619260253718513062223914439586444495871168081399322771546579133013435192103
2146753422253682833396663491231622459683658565192903355479713574073750312150263530497028757986785636703759752963453577975
363880507477384596760537790604904229461470163606370596251084673588704398164958178160764079385334906353627987052185340000
1608351305138356148926469517374808405503844893155394163592813584791474766536920246892751081190352641843273949082477507212
1393299344501995023301459399743865153322974709456231821532847445267622950560613452321313006085010219763714222355965047407
835035717467091947845242011956901031492779020543544603260808774416607176612709061502711916084462385888203228740435702804
2434098454351537623324950212212470678276159246786560917354915981477912545524884414207218866777072050272140161516231996473
1343123966754426132506565589223962668861540531111640942407416769293191826377979225494725137186330323158652006541210909879
2063727677872888819317222520131105028297991215825183600897706404435508991599608486610904722302114905244629455612793694453
100418788572109060634847461850330893156844216053723234836046115966595797294162894443647708621556698187596404187884498426
2212720758622683650603559538235315200866724748693107491372028430307623081493887305017141599670622739585732478760438029750
2278008672336810524849091593017011318940603090433426922484942673785962029878372497547878458253474075595620612393789763761
2402281982738630831501396864904478724521928534529581488529589686501350267117754527593578304047929005225686238307869102077
667426262424633942456941463869006029121999897427909933717629418816534537943312942838317974076252375082438082535824155941
990212854588070606607236962013506352081938480457488376767105224317941020771979837417251150434450191289262677522446586708
1420319260790931853907705309224234566368779586708849611925608355829865791024122037911359649995965100697041764604861603610
443338546246307854704187659411678974976032009141561743241643843835809005079211529784990423084308164767711443711762944994
234939219172004161102559740884419744352937328196757856580389407172383949569620588383888378203363970140329581136924359371
1356261564874510507293880213414637230147504407161584643582279811393398665560261882566749504274754295392349400635448148704
2495716029218238090830625633186232103874444832620411239451141728377081758004420555164037705823160595336009546566144108770
1449912887193544497343164895267370281402033297122496746639103053791873052038188959469322265492684327305216624737096394069
189945431982089262665571892461224262275516177116115252591062574745460823478807918253941703656609759769685091444140681026
2025129692795778479265243710677145608977893685389986302363214126110485849324463384397828973941418604449629408839331883864
669534455918592459778665046855132471064932792275866400080321896953955144484261545370152168104020653443784915269675518810
2400977581372284107994279334205410303732049249534381872209239473629029052543487252867192499610593169057056163420321820559
591213853961049624328378956574222160608137025295597877310983226010726142625013042689761728967564357050290801397981255211
900408835852793972674314908900399551484115270248026539564362373624469529929624583459977852201568625646381384456821738637
929838025826440241828069749404163185336302663280194722172133548558089386736439976320572689789350684702764968244751978234
39587625729315977577369517928813149467175811178181770937929359628275917223351135345543424889411433456467166349990329285
2560031662105332962517781384999222849798037659439694391881841361233466566268671406285806279993752872488230809304115377183
2104473331847294427101277193482944944488515601263540532130945369220932483618345693840010986600549857964777428759363319525
2282092732172276561486488304816096718126924445856469307633603209517721560220536049975719363044286134912801571148986185204
1023170020514924179110787835659141797267192062085571028293219037320938919724413333957077950063619227649419104655865455117
735380184208498893227040382387583328483212248753195516700779521139153540111361667046477812477178160241671005224887314476
287398598953523974357287272764444567528960721079142236317108336893545979743436992210009968763971765589574225264379211239
2005152162083634459449644385898996522992575844452555523424965892630613190584317661739503917638612922946805501110169924285
998637087548141198604396294213396832592174836923440921151214325878629049084361866209007626120832460208026943026810376564
2109626708342904638599212270364457065244014859663040591440348613104823067577631887316413662229511888944526556052472316974
1349290523405457470181049220401847219887097864162406726560252589298940283889198347958623305524009854562757016819501248981
1929890342901272918155736015251073287918525236647940399175490581517189495473253506029941546573731431986037321253393674044
1831947508917552636251480089089776095198148001080816629705259527714036668837106989596732902955986055166704036015996623091
2480709982337880069568039609071310368292535326195156331871677748165230645167558727970875046294973302124125262195076940348
584192114171335779169877362497936501071831472411065521907284479089009631133461504325953309493025230935995905236931076333
1634725146889991344809496333486085091418591108217768745532934916213629729470157321620866929721104495671974816977537323727
61135001435057542685435927595475070626894609645514975792516276482496373428748698454885918840871605390819973357267356756
2557612813019629432854334007004133395463566256986852151511261376286555185217958270041953492629614040825748991506739844030
77766629394690228883056370457531714931597550512210842677553281567721363490149872075215659774021971244088205434750528814
103225024498695824652870857072674875282224895718476423449382146252581460426374830548535839524207820124144368151287450450
2355641008186977836283905858026412850438191756475220087755784528702946211046186946801531894791409908550613243106846828324
1086641158861154201344321163574955165646689349141761413101697440032340649725367635268043681140799767044583233466171132561
2110839121811656973954500266695662142949642189846042303442489802356288495999318796344781415434918981484148696466124171978
2570861686326915032598717540864553538872055521491133086487365637805337201170300325303724915909962795982280617955494051382
2028490269973806874202358906954973317827079305643958421906049846084124690423346647017399197120062075204791456132984706563
674556854515945803063478684726020660987131967408095326908276173087404554723868761626837142108909296529447930861934737747
2377534317961858198784299035657892251915727591528922148370025527946441028207357348062624499281869366774688324421972941727
54125868855946017503687843795897227387395576896488962012099935626769313497303580346007675466710296121815023040010719310
280308111610142565258190830526188166096446280255355676387844606220126068370760837464563892524699814045267307181601990269
211984211779867284241063330084837377408105089563656320500309107921885840494180995781336768004371075258000013522764179387
612155967379037990579529993169814637987054284984492035259416028825895192169911671745158783672508781755427510416101479687
408766727856277004830578611461216552904449253625298926815079945445025790709764490043860779612347803684351028957316345152
2447378359169196279642465112195861286907135972285724643051708957614155413941979450399936165098959985114212899836467289842
1583273237163313512127105161335548639453598591147529893857385677954200219865534262583343723810882710455878038854452868534
2042521732572333716055134529442350914086456523139326562519767559736504606285681839113672917953564401779569355473187298841
387837228321872884121524725323792628083320620025743091408381436939877086103646251629650533246296352569633014840767136852
1676286203562682187417295748215750539394476554224228580766711666407149165688463848764353543356402295463022405213911528729
676654100437693852430862464729788906610406780511849973131540909306735983925647526106837498829262138825384905582458753082
1915712868756136940695582771464870871094109013354356985773171448559340959430441853861593833728889480340051036833683144459
1137240008827701212277685897363193880341122773999643511887801692391640170012952971889660041847940974725840890617796793749
1951311616546611503374775910910869769889777924357837209525418987858118022124570432780777505103440970144818001092107566519
1244120553581551401564099911409706579436364295140285791090481588961935920213851861692870816414159245882466375544186382042
661011410577024939498126458471319443128735640610860456417408991867912884689149650223541813569046951000058399307503459322
2444590331432348054260241016618368732739844676486336575679471735089102913674760129404714221283027259824341329470491653244
2226396845062869570084535675096117908005654569186481348963572977821018414695659000542233832321349614272243353908176255141
1677097122931329913778291060064441185707328772209319083776228721171426544148649008071630282795841556777322429569619981963
872073576253096873077530851139980783892640268336471815516478450485134320941428415899137284786350050152414172334728278413
2503478485047576938869734899786693831371771344092818905234975400001587573804966111485358947554427090670363785932117049004
1487981795336494355254449577810669707994441332019614661456924054686567031960393408755635561628480569699608457618047256399
1483011267315222630137467383849981749968495347567900676371299245229416562531832892029946705045114208306330157405118180798
772261346417471666322213223525888288136186201988065798262603769637581292847118878308953056036992432592006803301636261548
1756702606539892665566547794061828790115221337281529412936769721019610151665660335219502558570720333065305665749274426561
881437538791136859483428260333078971180510097638562116461483858962480058556975148856669372072345697122276021655115507849
80076039833615293746225943169191456585871995138774108867706115761561831814759308342914199564680078131155488349218034528
1725573362172894272694307382625921681248141912951617544209451614453305163934128081843256619705456417419953988485550440518
2503862263706604319970253215162910271851422505360300491507203986087455159659709458679250142587284332362960902492992079948
796244653644306561311991059853940399532928799181033018579740488336397731861514377537612034587995960992945727052202830906
1537760418635220849567026555728668076080189453815377382288929007130916175284474774903195821504933125146120541985502809778
1231240520561890372603299677286112576019392161078290443907748518815587407844388337125199142621405532609766887091099939356
960202488123734615672771695606764044473052273805606980863458195584085494206998786105838040608115832444040434181786866063
2320782638948087877605130290234679308399822297306463173481993444416686869680269659678394571273724868407555005875724965899
421995650493790168838447807457827021416648751947313701764031023522931826487446807410886109105223139345719694184391623658
2538031700924301446248609059405102241379631317648093920038983736124305741791765149452648400770702977603383681293341388283
921426878270556935490652138815373476421776118961834209841583167192399095928712585841190682766092630697547142197582417385
1439515163608471301634684329542932321746718191201637617590314572192581620001202866215662375428922047118906110310529711277
457108872088065610234547749653477898748042526238149166999803965408235163556820154901862184006762866909998639493627757739
624044581285997999612842872551002733493369540256058210338583076580174876203937991000496264623366746262465008137858039239
455051295496869306815061356361322468675428254323899552425998459164818320811660721554867213617767161057035569256881971534
1652038752791016230251760725218684827842217570299661826621551642604686076370425739773259647258295329184085697837153296264
2068519887394810258071342129880072823116328394591220717922980105098763902650481852009775972595412670420354539432843136912
741057803604721502227825661683671326327719915681855499805485285933679680554914029549944658736925364809869437295908807503
2226896195844067100153753640812355246820785213354615806471761662509244197663393002169895347581445383656813554750690490743
509618188606620138750141166389847482048157429850558353560371370366709183868507169204145847570750471207975357934536006260
1410452466410115992480793484037941934590720482541086542820628761230681592444039825394770457057777416013528104269210307647
498459637669987731433978353970681527521723522195060507682506122128411043624655430007333485474563076144474846436410998884
1149315488479180098006230035383385548651574828487922745642005632510719640484461835349960207615602370911770749698087172592
1782710964867325479010687576985348205331388324533889266679370891949665338457806013799831555365149150582492755108437749140
2104955431845262379024070094114589869265740261829921690012604177706150940617438828940799476329174041080345240054274031979
1770747964971468877216500529152804853887564659859427963276176857577018088018071797771846299130872936963504290176310870168
844995852175474713508815409447889072388375873476834170905189397469255021188598093622234763751836553438811729797675263255
1058349485915399443485198855412946540224639859937722451076065571643305628590211000987373120930062165390985764148782487000
1678975348983009379679602136668665051626287458030483641124917649786329023636500131570118389578648920148145300834677323336
2437330756234903723102883643017481760896344666030013733081245960528187359843779736204864162646472259723442942672176763940
1621518669942635465766269343614320176295837064937221256973277552117901055711470345951930581685058891072341308448450902738
1165908320471839196957367112907903066680463348471454703122024809593279580538161786695417339483989355625846138951513763916
1779829459035195232096006211653540990788045961843910394039800312947703634946948789625891298073371686064567553905208838241
2305879505688229984548537042008776745725602558112260534076358406132001208157012508164328972380229573200152911775684811483
1169894421533812615953151384655788242853431329859579761597094693342202935277818649579833123696168872783722182957723791330
2135902446810659886164367841285745023008619394832135963692613170475907969303886507426220293978529695008601221680347233180
2268139066334220281112911932022875623600239378343379861906489842692175314418766464270664146059652422673141067305389841626
1778288710971950005366920695504683480504648125710111855612876430072797583097795723049936709720422557909329736445559517469
1241220995574027134391278287176598690590502043480933670264400356495698813531339238973240808659741279662421395173450462059
705180875560087712695710626686945105305779025197240654748661277782658338286188261134662571309750372678163558105515469356
442660263833770294503815738880671876042782755988606673918530866062526185062040981155002104411452228412973142477521419943
1107819593784074232156074273084053838026756399336385996234696488353709759362352882258130841120141896322516632912922779495
1668570169152889709798970236421113018393814421910665480310417149105534119364318893201727506608601150164680050619333598535
2132246646257040155883235149551261782771046200286013906458791094233076012092864164775889553270984008099402908563652464726
