3600
~
40
~
2
~
111942588148
756999027902
284055209879
766470594237
940878466796
610349978249
348177286792
422250119612
454955945075
916177702849
867008491211
79115867240
1092158700237
496929816932
621130798178
442046392351
93223913211
344121125475
1079068917539
879911940345
825842873486
990493977875
500691030642
269777607314
718682968490
635211984809
60190067267
874633717178
389427733302
590715967599
672649820565
603626964461
987925465883
473320515311
870686211761
728466866511
22269423386
544378443678
763369172508
559460355295
