3600
~
70
~
2
~
106585416801144296896
337530914697144193336
221200477756796777862
678090191830225375149
163063140871406608559
1152017066931641588875
1178096459586274641856
762055181369553244984
351776338089795305547
103660584143878315403
173028397669144792136
970875152735215725981
513845302460076131052
594204098939958464053
343819937007684684564
76871098076056053926
1099219073200420206965
28661290286866716430
334220137670205269276
459013970749397914170
230589272669057887211
537610718537883182696
1032624517834793261637
313407341232702254174
837133983261965185433
252289036156718262516
769630223749654484774
535721778080663403195
810003390598955222373
94630480364069803243
27617762599912252718
11686006429792585423
423711082643005548614
29724795141726391071
1052088115334783332230
686728174062315583228
608577651772531339005
19853687046814045361
795323095154454329691
483317442552355062189
940010840793563067987
49588239207914970962
253887787482429194078
520935892405518132048
962982253676031372837
727364712415076529227
350127253714786826667
102877366346980421868
536889031608665894918
1034699596125762827832
597546813783540060395
685306578274926789495
102191733429262490439
132593065639139984504
354195506915191805574
43778700238996583963
854010244286750187892
862241597434262004954
848818064459452332385
726605408072005418661
421640546133243512707
959513486465159260097
443666834759457271633
1084856061483979789990
505296709809946381755
801376488854627250087
788301131434589274933
640820966566636172772
290220601683264957679
669519847942459073765
