3600
~
500
~
2
~
1872706143547657740369585690011565392873499593032271728700669663117082053195224930963201709248053835555757262806197053132811804809359712380313012390392
2384789931621580361679721779694879291923017397318775398512621178639112533480092996099341694290300252779631342048658421194257157736987596271870797863515
564635309960656508025630087068699552620291125575948493201633010160474975977319677854723129117001012017423035988219002017310350131970209356831386490375
1581645394878491068867661089468841679458298656744038024100081280404192546249555943042674483731300685360067337842117825172878529261707702501781043866565
1463422222481888158793863784233022679715617119577127642311479973132981779002402697660257287699376320929165675020917301737433977178268999591061078501736
2405730285661557892354031107688245725317320428447032342356295504421431548306643663501101723491414675673377204086194993183405925864812673119946836529913
2868645852796090650286644488679732867716564088771834388909594801981563981725059637372774718207409559008042689106974042250829151255815654436114331702160
2498916564647011295790993142011387050328032352890629458141291834267646214017144375873942343461837603054463746159791688207199473397792528951816905059755
663835011209027861719806986901509219730609684356318527508941195320936199983704258126776403913533488269631251263442924304767746410629022326814180868091
1127364395308838865991879271154777730741525510878527974429813142456386974295085052044041532948858572721432385406171298649205355430839828454002509460578
281755432524870483051475821995241859470230341690983702879929817062109597985789738230079858775249531060362814102154209050793367236445631530007159035784
2344566655974442210092324249874319807289334678188815149035994133694972676408455411297511845222546580192898586576490987648390232274086975353183845205966
3141626971329602362669369348669743850679127638177848321520161424808105226881136569333359259190421656795923263331779086000051061541757929697968098948293
1298318765220106293919530589790481876354245478992961973947085110943045224947286364259328053692634838313530487252545694734653700418076960472575400861254
1316474329992316545679527541757864379291602777136078936179991941656646538593589731582582632337509776736676342907397839952563124343112338747755759465204
2730171805329606488761308431119583538427745063324642360998279512814028465042449878578936836163481553876654928048369158428979015326418148815326534489528
675084586803728340326746702463225214174208300950016891938047436215012344750450483315446048755570863490816967575340453641158687673994377014652847903876
1894358065061160479721216592905559615478740029269090805303858929907232667624430492967251298458427663534888721517927021479871863778963245523658415800725
1598751820564326613148580793236381330577082450977529685110329649748342033204247046054329609395997744930450133780049285577113373083843767134751491489265
741557859690308671724839706080241913568904301308445735222374458012818470938740947355631816867269889851934733664968667546198631550944420691568504284643
1661472248905854042562571332852905047310477678551777501083430471861435599303658424353839771349301727784552647669007172798867241082365429193593307296075
1610048247068060102481720968687275197291585858383056902477355912195131225245975432118308824480827752056692325216410270764676951494217510406339397993795
285387056432885472436623223666021861494945147487455707757327647077368840924656652900350623809924175406244666682596230264011587417250524400550619520398
1202719446767090899004503076486599735427993713928020713824923706293111871359061620963184850161888635734720388307046227421378428148005322009374478047794
2053569775510689892328346893854363307772616861473607904639071958810906710794060125935239927801924280806506064457692528230761370575107314116144869898630
385158877472951514246266773112058652694043607925623736204963364172104522809001452257790246792612840155611966822675845514177342983883644159401833811388
802102323513795986078631547970933836797170026507272147341162202541683212066577675917969206700805427845134946856418380902310963662890777320593085036661
693513915555756382641457338948571863625563937783934051865518787135136829909251856533975224398687058385398862555858457753491469816852123324209416606546
3149808025439749749029096003641361627536132483759811889931368684713201528732928363039926836883269544601856643655049420246171831765742237713597724987106
2537836801433983781242277323513076580648487665878892526088263246934407122369450079255213754167188988776535426521135374378530175583097137079021000637412
1126680539241007303553650265680956908567233678234855657856385326372032542687632996189268779457232876571029877604924013175920187261405174500569626560124
1489752710354512159412468045212405549946091587504435640304796572467500537387350275794594515624885273399149596983069728554898601628185419649380062246977
1254190900889646295493496653661322727550236684114157996098207134166619480914510525349817623162415265748912446610191612322922128340526831506219711758057
1610570347659343890215906818043545523174758389309856493054820192960754914390593341034284930069759120520958036535123150050592615797586576949943821448613
2868212421837815336250272300563895888862460205275465220462788514537856851020801605173436703609530910627710232527571751246486650297746503440160455129284
2426042778183925587767732051702460713036349671177535540534878787777794679696729351707773362634271308743126388429896239788316058226125196871374225368853
2980595797723244290672464533397218185159303091353265677614845431678208233211203032415381144456594928452185753696889541604250232320672773422641928367021
71943644477588635631206675652036130885257214045828086267602979975930237280743574888992339027916348477669984500226034697228215406993657361669770502153
1383293380265362583139098904272264163194038909712766639571242998238867553531251675048141857589765636740334816794349300523493444223486376224680739236284
1647348763601423875333237707692262051757395829672327763128928645465240742825232595948443413290192223970202646898247966251856767488892555870280934604026
2448098513089646359179609598522207034796378887656786269814460970466114970430337296982468538795222560736862488804548119586155249315598949640311829167174
2570534351569901797306996701307951587130670523315553284258124877001988757980955930801795188489688831708863515225033313249921905264182249762659363632146
2361205387393601812482467253022179774171176817810998775646436944214529568281250563678689378622627876691329238034395118955830887451180734494825505324391
2039660205202185941858202622373769162147115131749173644345007067823412529767646499618547461976680680664360721597939078261330188770618889334681574548622
899206019221787125143148233033335133457715761757520236917710522418037374087507551527541368357962931122665127648841367770849482039886731596041170812338
2308669828503885326727771517754566180129404868313880795172569199561850019550927370037682479477335342412662999143278463194393808943127568545646714653508
1157413561137598675377878732706173697888663229878765952061513509963207757697048932487950911611994785460112590231787556915247626274082665666989964558910
2422820970944927521884476334035958519636362556365553903411312222420116189084779207499387707443562227214890374595555313466865279621745790551358586258563
1828903062554772226141345556711125250594876693466735852672698327391319601411382690448272788892086766658076549600699656283760215577131015469962243463173
1130503696978320760723213296512965958373137306635684179794616260673193818383777965741959824473292819360589557637538413757638304330046966245909543962890
2767162426827376087406611303393409315933471300914977920615827896578767556079753157220080160765671106825888432175556382374575514361719741887373775541283
470104514282453554461674499021119875448010479288096804158712335575674877936801130010496745418569991381813069338418847141227109330497138097757447559800
2108243131304961284882238510800916010490873149332859354312101501081442368619887880188306724268764399994016131611256768112058919403485948722510437073761
241725857563522903621232821847268878184536407732838291844421813155699586834942955417259432407138256873958141500301394444337316290654808582252342222672
1955929990140093129705294714332845966311732959808474451431422824694704386544121592278915591306182579753940846067904968093301137791266801902785594976775
1413851993891936559187062395202447547114499156275743181602314237399873162876056133054167872070526478306152864149220665599184402744352559657948796670002
1068404793087229239558279359503050906974474015172598929763261181314531068197822101031294948442073250921644429613232374740893821605398493894810404959099
1786321701278923764278245282547541570388463441603853454736994368301811661591358458602528048272847477366661894236556175161894586474282337636650946917232
851627150605375349913738234189782050694509726634365767647519274640207569756549942704145960096655987020575405093444434771363827782154125433281450434611
631585285257160351025019577366135190869187989690811283628760751433469922100957278681297226310983608509660083933297165510847166072639738294518691993802
837711946881867631352835746483713090025558257810473461168845567465967760492216894258489834122701292748017879297082143914600557620044894264030541226519
2069287675553518215493583211735452810556090578098270130160030092538129084676056682303585086361073007488387498803381142685043801890853454031893219079050
36391308860704055461161920348281947605392767853337646571347465736725227450144303987291271821495046926236831842596824487984644427165656794982899200695
1040909639276869838099528364224008886848992247817037668713330969002267784743060320635083875462796453360463304344052514162127308948035649900726737434864
758696639613724854347995586451473078045214036929487028929783379215722915462031104181583742172214405817942896893766585097194813265959018640699821992734
2097068297274058987119371192756574211306648131259046188916699208002952454915235432104470866746078478803466586781915591984117006848159519459688603349335
1965405312526862313521318623478616630050529385598197577774964876189140035397902993802580490569797553045023628132479118894236051182142597978139138183676
1669573282491268554366588116456864271981775808696726955919645220137942147265749668361629421373297221542026269017962096599982119508042292224678193959554
2158513396452954052556808072393854498187098875011388779311368188581474121272630564051373101522737860602728427547403774538843741253751711786387219808515
944770057143066714510409102097749113676502827906651434047353831345101269766918509121911659849831550838626706345275884435677702690169567275686470002591
2084870330464762575740836989612763661896949199206381305475613416933152099744367691934110417205821252285115199410279845317505652797193696817448546789285
1320279812304929753588162297030621026244951690576842016010255260307835659122195436706087231653611403047372510351407249680693093979694280757639173474103
2121351571740113313121605265306879612822383197851530273277590033846238161948232827645819468347156760081939067577641839747589325917557091433598606806145
2705926017534805437128893591901959586961374987167576782695631336869471955851720960239948134218054287691559879131266747178328748459557540386431836747665
2588492426435110602239227186769723734413551199576844966768284575387067922871685964650373649258091980050218550148612444905332054202930744591475363679192
926296232093363792790012904687196487721503031022752548049965516640977385761431192437709996858227873367572056922015316334269101356844486060394620127749
2751045146925197628282939686893756106413911955031198862322527325943243819777210088578006290850788688565643527135182976256800004178016495779948005659810
100426755178342481501203252148601534104343353989960937440742286580871578663309227887815318367008996464466299397092816511397295109118545994935033658217
38396678465186196129118166555796900923031158830106160049297228384638062726512995984799681664953037557717623333120471719871384043420464170329578506327
58736842951050082402823298832613510638486894313130870670222321309492127876986733889792824471874889024404200051339963915339818183756291154022986344546
2811483329909210426171879219129759507358604952678655007094563617895935977916834817059143165592057195098504718341013405203205941355658872099231756426957
2747938557884500879126640146797487412012730107430847673914263038828678774596032166333116317620630710932566434193336745799788425759894398169960678494752
701312871902713502406038961849041078998768039490319131372062202097823053929566751375619573681718355425514972074190348307726000777810630637348399833085
900788441741667280007359796618997592551882999622509346136868408542924510958589464846295699846307269415845539268524221330423791297499195192695743563498
2040205205045987567476139462330802040212053229983056789811457583548872620110173410786681991480368592481172172375155035440580889388571218590408670256798
2773376125447143265079389452406780441201565555376854022010737020978474049536315082382014102511540236446120309863410469509605013555501739509259596729234
690767353082433218636846732979745178700171825402465034080746866025775854470885476484581529059713869191376007328573608660369708804372697680441850509143
2126749033792818605585130304823427963321804637659887992027591482182248301737562437530068743967975649272683745040991186847006480878561761448103227967234
773556138701008478636653042964632873249844702259180276297783258924078775498282150002812538343570811104606504760065782588604296942238266929159613187596
1302460152693902125734470036954536022936985745280320416887402498567889157932002516026246936526152300513870236710541472349625969310367392953752299053064
396395478638105015622620600379896057105119280524945120326519411596352646175817623389830783952481244473524016455021904057281828613030916362070346354719
2309466563948114784823794200059953465553714287939835567322570751153449486660769262362291290594160168782107485408561318040541881359006762588029357628827
1758276967009989129395685602796625957013146253529942094431645586757706527521662850299285450749578840337733924748956966433215363355119769329771517561075
808601370897488856993175507176583216137544658307651314993090785987276666493222689953682764023573142610765224773936206909498668087083443491931204588349
1168764040363549112731878170295010795423521709943883076486717202293925409653799717438178311569007495873196528547759072464838507097133954830111351988360
582009684126217530222261400743204024389628987821361328416842788550461352967279200000379421658528387831984674576343117636053059422228331779123339312893
1481399098073819962652105684898448910100167984697016351813736811800178085280874018056546319277418525136769662283217276224232008347248396090735720231335
1801860933361813488962407938314894812713812726643766592922676985046491334999240557383916357467442698693423206967355297034951114245444846793560129375758
3016491674050213784849880403611480402887072325052545238141647113505492156038257205340932349011528787623777381589902176483453666054216122156687783743016
1913695299683215705306262904406490130199496602084237367197288924671630624695526235354856322137347471455860011156942070788855866005316279401272938931977
1888129476209761723572090157749827014057265435234999880063087421498193522022327140058289309830965412875657287679989191003095785125107111722963363843029
2702799364410461604428165581157797348495074936523768101386886394517134819751625601764814246296384265417822093249718172138041148326009421166766763598217
2654287859014747876477968917594417534678971393400531752331514800426198493199491475699508104454245270297249887070048569378031282585628314396241911120423
507173113402429862160246356808792785034838933731278927223671197296337487440823623303073336089072105722876178306601570059135434874462074126854355817355
1044195133047324866229037857576613207027593574186599123991836398109363449391298761152613429638648993629989579550836524820277768582415237464129949665803
2811979907025814471654883799806399263263919715131386912283354842054305341207736145122909864080269969417384270662216464226594974467482046019771151596528
468926600778657619632843141632468748011979159850802592439803242568238994979736896664559560843259792548729296505471840388449216885264220348740293962716
3006515187102776371264108155008582317189535854812174217317194332083516012397461416319030731406302562068773517006681492173196166144242908709208352379911
438572566724948284417718825508968097638081683330256911694378330913962156453102903971162645832895526468890438464445935830061546761444132468122802401066
2102292075769027912075368398263361920601921521973498740618411325074466362175090186886118491727998793120238636251063069205363969250915567440128959397636
2116538925029853700725118051911877665181693840689001444932162771168433033996301186292452422669669424822767091816925919856431787756040956427383687838092
6231351839448339602417127039090746709338493753586331143876212165492581797067150504518672750114299629192622911435428111586520854933472867237428207255
768728371782073296892497755150601045745014194107503481948288714753895658675458517962215420742360868824490652042479021868876290132161780205526319603171
2323568837363457193453320490377856851433923464706155982188983616072482125571329388014357741804438691131080679853077013900974784282526818285856965374032
455549740529306881851020435567090302335677061917620248221693134103531415982035527932851406853841326011810199653202921977804912412120721621173145851639
3143876438603188914452071372999773342114249392769760071219541311732692525352140833616926964714870619858185964847269840823499564211530182551295880955472
1846886637354745092742516127206086011874528294930998670152163517468540218082834268250365094463075855380505823698677939747769417549027462142942909553732
2909610472443760142121254670210127435457807640601692197720643465941447195484161944210633675461913627394205207083981761812234770729738146284842077842230
1756178802223127637378342876903104963793195822762110579693580373653297372163463060564795715118536259920325687820914360970555462382453266997198815018817
2705526385602941198534345799949964500956396947397949771235686405512031544467282062731650405914775582994414126984975295411857863862233052763959704079037
800755297637768092707820023580886800161743099629588248209564316621139670347285068765541301047933897124877267499428450890234285568432268577787843544850
2898268244482055293343693128174503747417455743680349484168049096363277500703306515482538556458171452109484537186626248407586026773225273829596536071205
891349416428740697453506873938148574609684038987957477519485867597848189622728262911511476568978085781390087957471671204072167052028955532549383881589
1853666728891029068423394859913699365120213180942367110601929484137241005498432886450803988556772560697546531352063672308959774432306686397742743625258
1493669364255286527851345857778064988219136500282966389689464096188516882653463754937654105368507195227272429984528548186862722934745411626180130475355
915809452257566081427914244098132225474441473145422498557243824661544418871189839457359904377003582268726424797041086681900677973144623965707481023913
2599308959187664285398798440620437106572329320715190255308179713511257998457579138748099431798185660971577792452133912840098377803110821701374867619377
1840874159406552332275518642767205469604000084443125084491841920918541950161876828443834750553884301830864511157897760575074399274029939574069020864072
2076211946678107882364655816740586505829867560621859736176149501287573744008941182329007592187418572753326989564657432080938296416091411409012257447827
616086361716418535024083953188144633842679560478275621767238506166602253899012424268805215859884615994454727910589881589967693023377575512892315076232
514935280336546266350012317999654765952261953065211362278225263512359987604527301865375664382223717956940369996669919331556139709847748303192125320250
508377152272771989880714050446676868526481960196555084789523715818376466547478656965167771764371367618089267435962131343742509388386167663389048600259
527165099161825479104897014547362988973409286403679097098209211040984468321787698835437615660474819999380651167994542773479575768938136526149838810344
2263763692233178544870628743767427997234707051915056611652725993487132693828463474150865101103109209061810052066487450984194579767975154369314052979176
922146373880675429857796898580121135251515801517676825340614336998496636050278950876128970636399239632779136012639848948068994037370106174514716713923
2748143299754002939639381028626474721458910471848791564253750081520906080719441246311683123729677479042645393915349524590802590647854630324069480899802
2713655436425436231070807733876185197173830637999862214884726683490372991047861076660535851531770556927305934756985601572576667339256406196538656581362
917533596112832420190970040338477206800426375926217053866737207788160217931799573989625826131959782491495280675657180562440380263763112613343308912733
2291762015278497889850004199598662853138386756379324238873771611303165172977794733398898736531698677239325578497943994305628585243175297002165850720866
2108350132581797543619847487483993695001761005164657121050711326125172030941976840436842710859789260079778046593338866307027459080473467507469867624092
2018984081874600894631312560767581478752570456050327986502574903983671316415739636611100608297826760237495435831181384254837702828647323777207587222915
1356783680505908330769055552657813486229191485130599375177584260826066399983316876627489692366056070025158441518446977481081559004932600784812722222004
1837184404916920404767261250714082861973965748013647494377912163219135631328311800835460053170910691840350327821382097865321777412722124317658767187481
44859698398399036483985247592078620304898025059157331510172857828921466955053912772518858212287552669208802814760825325362575130587359590075332792885
2883758250613356339647021774256409526108217757909345606185092709986096260546905799098888289781740194654370840794568460076055556560235269628485187911046
2932390196505659386108017008336826805485755376991767554860044347451891885850308692425873908667202634184551223987834595314758491056138742813724287396151
560391561707577736612700696070418990242605411985871090160561240566795134120577089393943064925077416101414918629090159982595803947413297149289733818450
1195757575824412907544848051396581684738242987431681430179174951997637547559854326779494633763912171087527881633294953768201246886365965677797393451248
660019035435842416531073074886054191205632827939287575775280633599932677215046201387492124241385692358676580493004126644036940473093513789632380943713
2113707067389586819534626298239629794466793647349967211381496262374186473306528584639470294009756066044843756513491094719952428272195776364794773985717
1197603168986881582785669681320782248954542478192054462657927995388576558313666377352025759308556807989287206965979048494172561986849036428609705320538
758610610030708680187481819257715962765706893354276844023931041112073292150490472726110557736405128175232679835236794827115980579791271628695025383793
1929171771604753631439685109406886940045462431629597453645748943938331626913131708525542561899402432806638304669743891321487081257030790020953887810382
1337347125330113193004101735336023919210549632735886994589144469699786283907604131417880976827415169037193312783367402565594438388182800266713626006270
2740687606173796039441658439788929208694256051342826639362884209285139112355105178639438925264148828441118082486436251009316057370820664983673237812157
74882580133573235908226012398836344684400121935479479432570165540471390320469787534661270084771325501693521365972307131866279482507620613427418922797
2894677071027423732039001694518942353542389371269835354494996456576963615175989475149940209838180514831212892870371389970369217225387250175139561147907
2647613084127357132344253402005430450395693598545982361332162629238383168498359254941750459901425128127966300717510817335919653858962926624683027814063
1193301210974880721570634298152315662914798077076270352851475783070919909809026072737951735605870376523349047998404509477696731176390014003319706900713
1576314602111596498417468159123087749836547674923379282407728169517462267272583933705633012498290579230004147621341066301154806629225150204915692884020
1361107531138537926047280905762315013309455241354750153480111990700778181226295290290395741326729635039454425462745027520545062738289449374271617448151
1122892080748946267483081156363185006170117486705035099225410094247694212584454666197911607724022138215414261356967551293414248132459880067253569436822
563793980006788376886910824355237264585647907347877418868068534835885020356933574041776716289706918759341303947009082058734151980445602404181354394625
2041241433339343182448490327834863326263515894817506571929041240204674004885824967464049912460395867921656303362295786917228867352639648781825727315860
1639181553732023176939539073497043084916162998778632427847945867891268590544844646865622045032442176020611864088847284226704528793971140728218275662944
770474530287706476170908606570246023605549582662711128977423491828528451589597962514440006259464148399434316961740445061874413788662646002505042248840
1822103783543783105271425014388194007904341809825679237748039810408690779058389882672985157194153752116142278925585328435870294471192317367045581064573
210118552836292295294253426013290958924022757282246035009388478272828083832009590687182229131917962286088566444604728052128194434869121894581300883154
690615573546546737274820864935508681142138725357743883749372189018826766208670301257089768898336342158175536680098126908223332047019278952743437386305
874324470823945266348544697316029348204855117435496689872134226439727515041644700628672856451642679400083121272012246490818778220585810093423967116055
2420847340242163433740179914265955718419183993655962294587571323982159650798542900349723109634265018561061091498317824428289920402134916922267652528384
1859324705166317980376565647086716270496590485979726535763900689364551282663592801669022704352193041002463972516355628434447901011519235896196017338595
2256434803138119851005987339454630215832652971636044748413207918972192571829626814917610736421427513673120412305014424717430649419751294686213866953812
959655275640080446322557844945860162621096339754773731711274142586667754800013398310157542509023362803068318836725155539922946621942098513923179989562
2777420037029433241038645196720599418602206357922373119039578665180161243242140692691379217885077088905185303354933927158707320902619941605631054916037
3025093943967841468449463360435072223145042136836549359078370200637661710745215949231314113892287691010017736439713291250976346999325066896147607743682
2604323958804386447964234339802110151618229610331570111375413140213680223450341793913598127627851892590975708312370770555296167802082521666678304588917
2210726073970940305823758126186410722417297780730369405468801137891145603764787507972142503119359222828577271357433590150470450189293992243026980658981
528654850050945719861906548338305588545452062047053328441754584345330616339741215383230089988587950523819764461759454669351472860755624254907307944717
3205056439069303627938421579404796630046981824004757751644905878125472087537442047999138322145759517419144743582570617512871667396219837652927090985660
3256742618529738738576116463615913386171221363181555557733045067956980597210992542185432267638056554413761262156114120904741126220174778185195077785363
1832472697150772946070071486807892866643575478650190498805884277823895312105166920440676484413006121776227217226047363131883560012635136974159029739288
450876183911464286228870144986959113976020865517375915729415360005509792788341435036072172672342230161364334215680740175315252470988021863371023169923
989156370217139938681400285353944171492542973840516557762830427022780577027472626819021173416024442515933538048983602796230140105501082982716799316509
2393897664523121004289839368532358086105848952240935411683193381425864977366576516688314654877714538003918305511704144452378693978288969283508595376029
2273501330825419504305293718788973165975811722247207220077225877670334563529713339235188304810427710039505133876872721073529544778052615441275735523265
1425750238315218782340966827709506116346244869609407161677447073725480379452228115672292028820072593614841257600801882580489885371436448956403215918009
1874900741642238270648196633077916158958581366350991566439613642638044463638815208563869382287797750452046844645620471295246924572497303678657018575699
644274955482696090820857478144230021487371672374677951319512125825996768420493205067868327476082451209563565026912818486214486396980287027970478415200
2400596698621594947222617082733130389032440376687196073308072866842266374302767582574698517015415428613154237334244408279142027195416153367967235970749
258193442910247570726797648648664967342706698477915361612428612649771045843093065487123196017202935522377054940742403289196091368072886705094978919810
2817957207287704307331335101296239260655443778729318265303791075210738425443354507227790151011329782739245312485429863133124533573631937773206747028913
573349945864525969158621387196393079037988694549186430315353324228261552818731000730306893981488386219045028010602050183360145606093238942472387908540
2097083865267530552494795084640874872200628369765436241208915848800882666847409548104090094110391670236541975399010749684558260396046595429962082172273
245174237139174737551303530405639736929793929995746931166232257675454916354592284299621419948210863920129085635713021533277461932125539628415572564009
804120657028210991816912314777952517818039736847759663126755112274450077609463768638863358962587108340438878909912620784210656747863162280651940683974
2849117178290999100230278383429284467860497255391331519672807804694307678108093274804961783553851810513047969981273567941085147344650965939029802797864
3051731146674571480236431275363216213136139406706329405422317711554177062894543519734359197489982209744299339031066542294610116485948408471559677952058
738141607702506873417833823195289776341706068509430518188808508182162444392857226429837096304396619666175185665635018090069545199664952088445726512543
2909640424579451460480367787035889820198738979776294750736976916259539070519882978794264559166471705565395277885911532902207090973417373018734388849301
1049331849831093060639071395741183373768470462945517202023222981482821806933096243003347393162536924742105087805482319854460094947829623814534004037431
1714366898699545145614267809381103778077004225104891752782162457506354065020495964128730345801853141037867327529269938497431282245791991582236474310839
3092713236832207987966991837892476859028094109040956855381885576854508324302239149450502167984367826895107769281035348489007565057286630873347053832575
1932463883487172867230408992760086449352811735305535752825174561034307235098308457415083444614123459202266387703316891593330129236722840953877700399639
2578248376617682002829411633144647515461601651443219361941258654825837230392287093814198469251816192206893434886422758268952856461202777887429374545719
1613441215460848989892054179331782997725470111577599881739236413640474771211026554173356188356436377737542308237125454232393003203976482431649080626554
1122914318060824301515399839740557687277269940501351647703057832762545061226359047796512377445832621848477958246691054790885848094614317147578313150937
2200488632752597924695452283938391061972906499876715390182003568279066784619839643521475341842392567601335712823617376926248031548125415190056315217862
804799287930990418352234006918040757636113242160671381863174213609057011969670559933099720518332490841862825654539190122573213236151692624273061365635
1018655508583016029878264892622449294624861879519177744908924620412482538990841459327846722313363528062923220667067375475091404724096301787005804024712
2777519521287263879760984345369595234513889092767769200427658393027494556974317048400096093878611658860435103219525477571250598951857030256837662884094
1676742082562815614809238913281816124078507528354128128064539282850872992778994002020565784718027675957770849293532167440712919735863351502857733589741
1071259927336555036994217758196803909173063252384371196116658110490190299771893714146073705361975696555591777565036099705882353102991074692195480184844
2104024520153879569382033583441088102829171353008782995299635226557123495140270304734879034391232497019575880246870323498169282534226760890272627307291
2078561628624302266253092352840992324810147063561335031200475188722147560382419302531654853712171002641549689752089588722528890530564040011446163508914
1748233159213878231365536394164918668630533391106679483733072319181910166006556627112100011999015698747321737855445465831307506678701916916484327129520
2698330801747809957917316698442876802837456756818762556171589063418295965051920018272280208252499705511116746697438060449832833028758683042197921903490
58585744949687370610122154508045431206304017750706993747021784056750818269075293602493600957833686281428954359427821145089187250449332090937655355898
822551520535673581147704707465692962557416532205207269007190684528269842540085623783379647853139802961381924571946911186495950198820176822890089331340
796592628250868268435062228074548351495325960735884797990979931328740153137203499645112935752291866581376540444152792578246826454786307932323937803516
203216312087008228500054319739534102940661512034656564146265987213336434325491528529295995717744869667753556365322922360657772989508175321926757466458
1340997624818631538138223706135726010782367399294336575387394444833080798019999347005002518356235904303240313772942593584283960761755776727268544554489
1807247490910389183971391151878107041545066328190336675835897740947909859142763178943908653731027035732591894329895756012115773327845875728775020106275
1671974153964711257988066536208902646631789662316130886972202746122553566663699056609402749215991107051640603341720317233913114223066360605503118045662
1694060540508892401123902293780359280708972831386909457141647560356769484800999700650251912669408087580149831772773319479490032002832628909747672066540
2655808445331126652613818681001849489803425646519190454379636104451768086763309422658218398740901586340465332932746141110558067790987060081991573941306
2459077968173019530935458619594690339593801054546401009857846559406075712606058742529721931926726349506435564765615064389929553122063863520950885464267
2084842131382038560862885022760382096712144480787454565152511230900913224559644688796400450151266167710463536565145637131105500720247414040926371787950
922098581441557677096948850225766755791899744112548913092661009057864196140944976626967187624238183782971642142600000542237307228391235933684276891977
2889115375893750229585963207221182569490334523353087006021520229628131952920090013601686181744279236025566842113100986661675667214474722652179217470859
2467598588546592666666299230905836307785698399388222353540569085069977900587986069247099396108992011347988949074729335069797333309681792568909427594366
2146955691178321757398452948283591174690311790588998070278594590193574610713881159602511502425326197047095749738731264911977208877855410273941050315806
2965266720519235445748312287511919270025585752565576415778303934778441366789026129880955449535109510295254535877178483740565784824943636040743837308666
247950605149516264614078838168251917590778191185210801633122331990392162139604865215085295717686334679257214390150159996365942486243274038706575721442
2355789341453967689902490716871770960603139058691440791075983965834127481974170255977161509978710420258935024291334700464476402910092588555263723642832
1939792976175275884366880714926138598495516647326572740441069326289731213508347777785896590086456999395158923443030762814190824459956238649356900360229
1249094261097968556595492247361028404205157939483639468292999056929863702863894168413011817139594656217600180240778122009182880061904901878105252889791
887557111560137622660829580827511315401125907786852969635230140992371764354356055845063202418793761036665924388035653477113771723246765002145302954445
12216210199143228874392862040537015173179680040802333370891737975785127373388036785848580538049673251539168375153301786222331792129413195532863056155
188487266516387342711590038203364300586358447200071550339924227854533456061488747031814401529901822188728915332393844861896315960096283922010559318208
2489590441932162067911916131696137569146627431505989354772184182891237044036386712991943906387169415669658611484534672752867662186083943776949807742327
291880494467600358311757538471191927391455374144981081911425301346450231548279983137635925034076824345904764247273618453074949352257029255876514837570
78019185899417089878857767168255380363133446837082567559910025031675864481999813264884949070111790205674162112000520318126162605810002280608314393707
599074704112765105058770954971578438464658335572613859353385941698768662275963617450130604644087356188385817607674697704239604399950852771256012582772
2380954575328579324945872464985582006209314005706789429083577311011208167419119036066805886216639662587892465383103639955981694836018546174444143957785
2343809495733789559335322674361823593408763099037028639666532180027084873131860927417223267876900466356911264464468719827372056168702042099131837564504
1445593084809320550318633393869524484174973674103470254611262031416152484130024169628651801862747829232585230344593753214903095416909830983149735149587
1434917534788924235564791526689105713878081717625714497793865588619033972352305587902320326312856876293406616816067700871743917877449939974306588580238
3245958963277831871359208288940634028387311348086825956860850983685887952782474875631434880129644736932005722441682860648590577059070896105239650616607
1968654066527734355055585185685207281230643210254889693156333987728381434084912513343593064319639400883202192978540869603644259406625818887325260256802
1318986325479228209358867656197048131850215656547171166500606997521514120351208250631320339754593359470248788774693399574467865191683689795485934559890
2940753729774255767869889149409664222540201754662802954179183127965882917561465434104000220657254412402615806591716308954225595244726225657578199136492
3248452113393457539358126474204316039740041618103319150636052071545652128036519239261098545234212509790754136863444189633713273520707095736753655346897
2163365648601964131903506152059978384376043575087881435246052099787338126202250646207222004411486930978144150469280813954447791711837105884117724920909
1654386455615184931047550596448239433357019126176858358395231458718412867178716824001087451414580935697079901272870906011261182735155958067194512663879
1269412548926464206191217224793229882851530209803691517286056730992738333828961856734835050293510162887109335674860683474943479169670257136693800373709
2482488627024764807462477286119870770029083573244385458616639492446286747593760707209749448612860814086603025510664819059893728935197643225161295333822
907168822258039281512038603153461132271476107992731001763599172077525388543180158749607612049412318466709556654755990483063927978423182474488577711834
2306342894128640860059338778388400246547707069529069418625930292169796433901817844647137203943913027313625766847383326879282792343061716790496106880672
2733263838389539530878292862563456040793615390311529549128495950399286486151113249017698961470163306696422756655976564791491458683291529720014856052729
772911874481774174731873956665211391855075282246208029783217035992942059685884980899438656768760372865209463151970311509968396785178781693247256925928
1942767502232314742063751346731736311472020760645897343422532333283281837078503950523085726181402667517006182283964946770050298118370705566925593535776
330615961103455654034897806218436862375387167482017799724430417279935552234050595466293938148642156002418261206738870122201650963787810262733737934710
1928920269307008327277586990979204099025631379434487440282739947894154109133497577404722603895931850291183962785294958968296387366937490055317232764955
2102571250484295421887732783975806620621308545563010729403474607863949990084603821956294772937883984370139303395575401326121313654288279757975090789290
214137136038247709849818873734789628228508283243447328838321156350515041752810520942523023429022765564970163243321714468392940262329296575973988962907
1292068451884043825463649678299392886604835913562251503288819066732313790307715145524423833215835547069837247220689248742702798813032077814822325797862
82861659864287123493999852804649086715083525938280704015311769120323299103551076929828256901205036535207969350103459248725109047910054579708050880960
1124730427268908200702706602973875125012825924601768716586778107857818142261821272203509748855179119469431834315253183302312822430270862196630653694049
2953662297661034230993564790901922214347493349927352382219557585023579199994382050030594995244076905474292559998764668509624031597213399229606537441199
529615666818481187999568001962632387837074074636156271819894328102962479344885419273878033492231913026567186959981535948770225269561672838834724290687
193177794250256828719608656137700449498508737078822685131134143980799020795353160275572901155794936967184934936592977189609230480653027450079686463275
1740336462719980784223819515826066676052001307965551152517210964551042953144430335653652020117738001582405636952363290575945803173090337271794892861388
2962537167951121618145109228785923327453996028280264336060852501275254695625224934330625691894548862285643036815899780251469555696165684406933283239912
257990726801913423961359870908753607088203755863361395246596982133860874145328466986236579241300854961170403351176555296944873944166011521031780354127
3005769123181655438247122446214295843390700260031765301583279879069992718330930941758957861760015375662389654705060264048786149198385092344860102922397
1507828262374270771509133590054235380139879677028287998179192714494996731269474770575950325995676874274869653975420934451049978389916004787053580925775
1153612373324475300148287283945022567103791304555356240223327979941613148500648696304221331810835722008119516622799126768383698218259713763824013606513
1951315263666309523063710672536108805439164921303407553334935860334659396499687925559212143796353473106691035536670748247555178418335831959444997582284
2360393482430195413195585966778293588147761984510337666847865026898449287098324136705174116704153979890870852197299351805451925406231052142512707096606
597706574924031864151268977257331576909277078182599950236678703696594146914341480836612082989211766211037713753976417169688171401791728057688849478791
2192779434877335479251406625989929624610602179469181128470418991661427307283217793293926491822921174922856182001222804379216685168865233445434832253065
2223359985573401599038271585584489774163327690873129717095992617219295136552192245264644128281361807724636349792569646903087843931851850489105296226275
2022197731772701841827219636733118295087105323291044200639255957748665739536496563083145839189500230820490040850566991041354541724070500149692391396685
356342911262191242615159021894238937425914148921424348886972749828316468538759049971661556126353090613306023624803941320169690421242018572861577057676
1735649079015503028057717685040587024592808625540436272316495543349479927965195046753232427190815137832414025824095053510467303166223746592394397354298
411835294899371801934195489020838946131453035739286550312599478704113961567533934572928153417950397420623366949159035275715297429059709033772906388427
1981904494188439425673192088734213021801004422331903212426649876487524179650230002574378386050944777544354061987147461420130129474355062379444848987498
2049063530691991976360509984221101631182666053247095002249886636406133388118252160970280709088910166505570371676587572734704305072936638218401584353315
1655228318661783504458095115286260711154415917783515203357685817164523613809267369013415538006116716255593817914456510632027790137893029610375706917272
79458546029972622415530489931948941252432134088028444489129642904931199031880731285993769133178869504761433682365326023283353253054678119423378949961
615766174412401204787101574084162446184883303074450548128906588804572948845975647087572434248795699342100046987181173104039332694072660819903519741614
1864505385692964580453705074276037358903929822409426125535602414227457778546575831432513219448877601438518017616592894171610550985246651381419439278582
2591476889773790043168464183824205599015870167138934610066399407656772837731924578966213427947477368531253814578231974019235283052616996039663314897060
1209183137038319418507430808751550765118737500687447242456957605495032417156746569570156688434206381133714771557988519818904321068898295028181135742169
2334417575000584030556742946961645577086075311149066975028730126880078692185782650133789891340013863233825670512080208844106630514813911705271429432956
1185738328254940765798259838259704507590106977412373432055004034314459428003938238128662592419296463331476870458342215839098144711567305123059628437867
304403722258385935861624667940108397272623085115944791791717618303278380149350010437362926826311921591974077493377373453118963364072948968407324734656
760672563408529969317410964944231553436270019827380464034536096581872348763181087709345053453512616919439795815071650108458640938817639277924759113357
2517359492221435058629143839326223951856564539461248024321833020469292081841674232747678052114833449474396046318271056625003523799898810197968220509553
2903407333974615782081636773891276132162714619242429177111772244746454003148077112081363213669575017829018884027388583443526495431821846983426650160869
2917710651794857455186093425328491198327357030145742886525283661242454882479689422569567251247376385561647840769590827425215600423907260202550303767252
1489964961296935117179310050799805819740099176561195095521557361305873017460400620290736720982463558753834042866655853113713658726472298676835333438814
1366357522278839998372026053314161836121727478382848613578071387440178975610546355324477033295995259336914552143964755318834407257261763357655356751927
1098448524368512162059349073661122582353870653049688624972605895291194718868609474069266937281318543148710636496052749192819286644475513286188702332528
3070858543825283580632479121436647830747381047745468977507822758950194201293897711311868335491087255525541451181405524766359269370973331351288232267661
1068375617690949452477870148884010832413461859313937413346064678002920670387782583993877988215645147174102844235083703271230699069591052053915181729382
330333534985005594343790672249961092010625400339105257876170832710576785079692800169109633808107824404211560717097558176887162496891253766541243346227
3102319208752840339624381362691503491688404102672266939775621606178751531746404387199076795003407394782874245138971346179075383992873019682432366300393
2598221067117626939395087461086886839636340717937429936293580710841931761056355257456086673526953961491976722574140193051055331923437963453122589473789
948046327515873970094089851186825520316383110018917663446974318143850872973871055528068609067336882282260904194420645127434034070847426073698533012476
153073567963795497434090128406431561445299698616130155740041906154033240584404685839704440569161623245669817596136242576602083211114904442207139739224
2965832909041154262579604775909418040077336518470660358767657655667540465462535754564038869510651860677207552088119266639813372622676306357792481877012
302567454492824531269186636250458248519254352763094499816374831385923626687170074352281630651865687928337306586040027088696145016631687213667749376478
1467404380015538052674563210532240570781945028269864949051393656263479057948127149527723894364321268422410684117992301786005242528457702277908185117797
685582742830367565477451787253738666657696852422541711971927995975064517696574798395878744313251842226411822197786131372044891046255238445765010434624
1117969438292697678479050154999573475591367607875295486296555068865831900899976956716149158398189509382069816680750442096268535109389347895340897157272
53723572218310978950065767562327491113570046757481372158656630102750735063368063992986610025473151113596672789078057100581067297626830363615441299244
761471501849981752384561395362226947132932134909685371620411633556967739349441212423006900152144137214359283039357036559177675207108750173208881651100
1440702006283519202271648588046219240182408875693045653588976501304240047004000351012312474313777417921350055699985938494657533495550634117294498625412
578304632709391497220467792588638548984474523438545633160926759210732400886335780530415974675853318307011532113656926921801659349956675129467696488915
2186706943249633862220431992593565520252735765177979283964093452160253145582675815282469385249908883658235735431816695472523427702915756098920488837169
2485242197562408956416536142136759986360397307703321472214099746880003273773748149967235601269222466938348507572487431074710065478465552316177632992337
2768303172873647052779047518229030154975791203086204999028411742669725348947164226277679253753206291313971088881208238599261738336501560858882339968174
3102993807263483120014002405146837532784338418055621387318364293444667050527524296064858830358954056057914556442627689886629788489094893263002963088279
1397750138057282321425647299971281348904586884019790312310434421139182763063773341167598589098809830096987494974741058425688002188763449012692317291611
114253909606707528672001660973974767456940691063528270370341536313036969225839647387961978272936988196916141025828123963341775819491207478970132817313
805130061463254731100963403949993504763432592562544865233282152605281417948336459209997087887117739408642211572156862581337150998508939666994457711231
1352570745279814890613550834668977639470759526533030755712831165712146451184731927040476644063541366954399430123411617845388252530289185530990970814414
3020287853002692651423038446228816685116009988368092873294855170723602225766435762210420099844965273822949438049018288637803789601380486438604846410326
1039083056389461244562414200649146040438409795107296029476121273179890416319299596889684806921333238197757345907713866501781764132085078660767319445796
1609419519975155353252965620058072545076824394023927083577284891739516860185596252643719556018363618656389885985645437660223338392829647472831571634005
571771183541350428559313678606903902928156682882875320874626533292842167165561917800193252328332124124503571721829288410089286545308356436988636337573
2623352311879618074616855992715400777068825296511853722248463744564178678644990271145052486358447371360588143454500869085143653960303763737068443651333
3067955338442392600489502107677631223784598855214856271752658715393256332069009994079700758350791895773045829304256254499749346366031617354618364989778
3268202907857840260726563311416492332462064105658522753106340156051433383862248671462509398810208131710904997654712581444399708624640827662319040428195
580571509032830727710084215481780528425067270759829033680212474077620514819759475830258622148628908172936967496448369684997970827836852379691881062887
1498814022312691181988749691494322202932906401232399124272898199206742737102163801063397116717480153493042039475608677037073751900576771367964976729829
2205598162823891787665163462181185277678022954164216084451497876513552423167490138339349188533773157685068545322554345452848827873627475485911313372949
3059808895697151494992896043781214879021370086757574978435774411359599976813271497452605721792677811934491958902504969196059166607823872028164362686217
3226244826536557981096028159076668769351635928117433999479882504266839511879886086145929452570790447081377268120400263990967625368042903723497289970719
3016648592601537245159108262093496741660608819233914611368546802282611189503358706986781758922766060338598440728895341947661633566255698009406752091421
1481508913059223868798595274892151394300867045868367694057529062737701046327198831451428791261825881683145281006415309480734898536490128826380885063348
599736684242296248586037430616073257813715332272733233710593371749560314452066087946917742472646633403678672600972088462788999327532602424852531172690
2328592999208434909766693736451532004848496954224944486437062973467621634920969165042689182089718529105104585809976090043530548502537848143060447658093
217547984224252742666367227399582569750581052092221427755369420796809022045315005950169154615477214413303033015673971714159420621701407268478502503129
1323398262297976654670297739351378241618974334610591897729987238019006162654381709138925876281794684487496221830815910736722391523675780808961849610735
2942750224287570892522708255270294649702151006921714157241414964408535166095594226431937986639903362713762562997530664976724273061895524374685733689729
1847978141478737860234162827522817150708420075356777725574300253496100230320799649740504358230570336068605847346232320899554403361724671975546999497082
2799372035355496497410080758503439506309401593470937109854658522647518709935633118864843834411961699798762073016074867995294162130440606491370354392268
252761566266516757358662813934329636506289158236744057519186406053321459109745041341001340904229215718002781045366075073684770568693240570449461089163
3091641001235650475510125517288121486636317131219787279479407448291414947180839650690958408686826054334577719976789640548768464054455621720022343156220
2846571172438234717263571332995132645230437113923115651008435014386795856304014567882622555863222853583740053586462281941305490895881111259773532538129
475337592720554806692982327465783572552946844691859770660616197508667754785563843973572909926103287904673026977182998418849711467497308555403976216839
1801924725146959711972516633316176208849843050200785046115982502587547905199650504415925795244650146638906651964450764319678147141461006424262298264154
2132930305827582488406436306437404177021917015517789564577936518012689536429259466314727048447836955553670211356286808260510894005291756517465716115719
1017302666190214992607535385513089651306042169015523871437346013042584788363923272486669925716512015536500589232436234178058785528645355411395282989070
420075710991379355217736498664283037681480619140235178459921924924904176079954354338531582480807727517931925355179691034477703032918630055626007232209
81639875226685161328270283837937868624125815318917272726533569181057566453816585768268392415535568631403003669222451256198751074532411577838925931874
1133975849360195701030428893708464653730620472307526949643537367662487150071602497221850331353180186958915310573360750532477813451704075252816085387101
444755341910732165639253783174406929889482951421892631798328548513868602374488729736756004527756295951802521046993316618415925304458479228221606011413
1891758146210522552491765154061594999472137618877063696387746198253482290174335187341584724296793507405462455888310861289176705774711768324467321733726
200027136552461508243850960516461838182776946303244340608392901474972680284070291604199801261753366364064184812978251611638738848777035226411251529926
2314652097133590841355772402057854456514788339742664211713683342413549027516548796838110166200345200784251995017731657270667525470679824492608955390732
3211730025886121671457402068806959812188103870655738458114249888716607129869749183843718930412669335274838797837964028674201091302933668768051552327919
1246767214281374782840954159874848508919257311598758107954342805009168903406401653188879106674494784468883053140336711934987344925730148516272780048791
2309477860184546444433104844501599912691511179085113286207052056959783422185018595569855905452978479782145940704551734218855077695524572946306486447170
301736287061097833479230145984861658044829969277432782978325965825435123750445445720511122981160406115699272679982226930123541707685567415676610669528
70781470152212061226139086360825616511067941347737109459351181522139708771098940239556854471716384449231492473715912151783741727215355633463391156159
1417617109228470990131783787470974786727737093854769281173704006126270849192199544308187326289124128425850989522040296061476237498909967496751790761497
2700279502872858910738734384011072315577140978514449632852811595789940702396757207532834586576910955274824398815043184387392066695938047252939564265618
2202776372122888750039251330077456880917561335410031330725670544700026621981184204958665415588533317377303032731659723240265073891464139594106063669030
198500360115408802035851044766444369319397524883825384948191982419737674586398840899948087090619149285489555903706751151214894806325798807877432962930
86702947886449603872936390995221789102606527063418978074180625173845911373875781519770937749069645026801398120245104326168116798890267188495700208043
2946483742711553205050985396072500806871239915870885089221058281268407245110588641544250826558185678601796968782919915865048180243109512103099748192345
1093740578554729728472729587836619736563645037938727642475098902128331953036040757485302212597377784304147237736349445701167578796522171581099083210465
42878975628330129894306649602871461512106368641998221955623876404201717731880961280123910280304798112935905141407520731307563248766595961405083639747
807141527551871934955790719017056046233410936167457635322838367698913145646615975131460402116747128840711274497933000945454715392095771526873634227074
1820753413538175920434059451009398520379964201895733929949302897493204764152136713724150850139352147558901417083061753881089009010845242286367056280293
424313822692887041533281740587157407184228705028700658203039463044012537581394172730453216657194442773342692246602805007336400751210741057631515953070
2420801547258585657367980601339288829798281568537216307542728034185683617524031636699168391730193484031138564373749584384801428075500586456063226245132
2296158017057504247431553867862461186820269168032074194529271452136976897356274518972511654190959260002356953554753137344038275459108419212434083833356
1736609990180895085705489313833356964106308771730595077735539675191205335559859852418482591192706899969411681850955774151715838453295603032336671611096
1674705825953037177257851653699427077121197805250204083586422415282831682677084489729185413721009047180534996105758199762181328382907511557395208576178
53337708055200720370757280386105357277186331166556208279848337454687457445996274485732373406746298219166217706530665356282956811386152334011317409299
431871796577565496303259462502198849722809807708303969342460867901953193014659163897039710835465365979902431610822126753114592554428835103045237977802
2812615546304355686793065502002085147288375203836232219029959514130616418612083064679129632602304262353605004973180582588885975174847507317257530221591
1131310993481788292052981102030909582095532463578709039569995490430631207801826634453268859671619662348197033205956218306189100125508732260377298075853
3185409508580243163625029557465809525657214931421024148916598258845403745529388134650012462331603811100217653659116472547778483265626716711265438031987
209704338193840606073786350589679715642557169888150729548691427436749912280633511441932127690339228135311233180306092043491995183987920798385676634598
2392823634275619827550633379376957352513090128525382617972114918237619452439714427173052715715586867567234798458340591572280213341451755917160331524514
1572711885929257735420077976889198204521320828976867545361860551603508511362953874439664317686004494559573456955114533355597345650968205951073062772529
2230807977307081430650020758418199794598220012146289467385296667765358078255819603468834488063546325142076702834508124803703753528442826167646003032499
2689917570814177844676718259507174805503812909614411782518916772743313863145770900718832645287176552763384115992603910913776594255339429715486740725743
2976263786800939144568204227371830296621737663697183222197861911381575471188256517291575528383051370006744597333780670730950145619094835500178741274629
519137766139872645418938527284568040127360989686544437514929172072819809340449998774664216495126775576873831483823189078444139625169368572665329368578
633267072434809219847695268978701739168535406429860758744814352520353071004510587945511439020848257015662917921301785602960123999963900510822594117883
2805154403184309020048360387236630099378802451584247649130667802781799455771600756339155082833489183635621866730851067958292595923802097353840142852666
73200335005376272955038094316719921103594217231636239107630622103840315535344096965020994687184495708593110764319022647769706109735610917125217448038
2560946873600372056395153788722377388672215595660478309471763758844374928214411200556304891616939848039832639879049244217027816042018486879503685831758
1274073472881800612856525233344179938179964618248077035028052190820862391025414573738843400004570336448695225598102378942998657930951651042541199247409
2771818289005848757073564120213560567380187626399419640399150655970721443339542729725471943681723605896192172981207307416763340731496256141241881629966
757703707282653824646607963780858073447798933813126630108907262298690130173720364023820452210201918938307756333918187413990747194862542874568132125470
2252296194908247134984732645602076909543372407543522734454936625620794043998003334649626878013921540610034424330177049306266981819955180658424589145807
3110783134298092727468436766553911089391876188670401131369160783812978004228120374267910035810298888634262170578450046677365424366430581398767345448412
1622063790196882227193860588100171989879552794735871825335516295199582405572504816715503015470122502184089708067519343791468159287320344611653651708215
906375889075802917695342937334999592286326546988854177736752172876732795764368760663092361587560308781283727821573339450668580953565078464011017495143
2324677800874861296506315225035039337655268565368295288528985217246617363352868458245753470004400672897504763748211023668577033366340873705945608058900
3195736242155951432455859369799833952498257698806019981228251109080085241545074852922134241419695894889264267026273878733983134015798312839958171772168
2002424020270547761091758135243819160694002020641491582096502390443470826335424911035743328340295842907335207303419254879610933684214814396182845561929
1551013577975755124180705536323108676214961035565488235537917296400204353416555346829233544784584476031558115923838193486133550493160762332245953633148
2658896203660267031485151386566511405217057656661935731685632891666638503327407570965828523057664605282225496637809527223947440358838014688081184895920
2345532768330946017243796301302591375059916172358016592774271903797105862814303148080998730635235268705180238152098410466251088125940288222511439100734
1019146790995857251800509513006191312336675631176807603628765994141143752849284402649307161689312044658975177127672874130044363672416178979522497710783
1204822391548540120118872194838166297816771023692804244534224665033605140443322837378855389356254745633964380344481536539979981002187677406963976555878
2772449498166027295925786957775276839062551227325575897197583056744320190222849356631162523916404701329403535105855292037473169548340815407837126932871
3158326176834211284711883849767623391731743951541843890295224321815641039256971106620947795235748367059934128627980133395672720420952051768199539940344
2497117011965713289748102594274113787189529393204535118158994231048072357196194390646358907426098066741468729817785323444235344572421778359889164806629
697432796628695473933766841930773702847735396151966349400858015912582325109568464188715306337529267564024303459556856167200029974280271263800036480754
1440614654066647269858372746696829801301801016733974798857247504571900831692638128021164078051712079943887815819562751819604520163212063439556112820982
1650609288928286527797369809937071692262341803097736421616519434986261042493671011203175614986385233620516037224043659928807605112208561731092676703082
987163858017705175265278567099389839362405507270042816134255482290984698001432147504136715027382271840362798805764195916649483349443790108575133388202
1966876755745324238035240635191532730947806784501865220627546289220060009190312363731267604623628007686082824595257523635843635511144622306819500369986
722546399402690190802003834134682758031424926000188505287177760356556245301691760513002912111282727984542108290168348659905907636978300134447473208606
2094823472135633586963128223426032709857802291602270581992793207226987882270553706200572797978487454686658738462996195499231199253946489449015957093966
247078973619840815126709535668260187527658659722843914583387177215599409953182847766290476017037247123328296445854436422500851936218107483307801303587
2325412355280245230770756782277213680647625686893223417206106551247621498761227853442930947600830773485884869697689149826401471126737415664215466652661
2045365528216396650465650692030270843965421226806106629891487363297808379790749744376224795466997568316094965683371942077454333294995178010493262479332
3216486517242758819153570250236071881128868440933592170361773905543637727724549125186386701834673186080227846346271316909929447524865730934320980973433
1923848519057189768338154427149034196587528650390070131707589177791478819478440105419387740537741494147755935228421058078214004063824552727280404803568
3169729967291247213221940282453629249064019103108917845703505759929567724319841552423416680949392963775688765398128774971844116346462796435600106722594
1396289785686973850467863631300877354110322679710110050641249482831768732330336130860682296388255274333044109085536630535234689544809011798645529814268
2150993103337290982022832546880357285593147508379859818526700913627480074581267275861903064458098586294858014131555638419870439829233918357417869314532
2684202922799212928970873792448249784848441452273418578321722624026874050814722061974081104778862682604288388977751387356656658248357246260571782116070
780602762524969943514233777490574096517230999716289264742237455934864791610248499684888525292937902154952044999771131198528891015043116471861465688260
255624791458185800006471321467136859658150969437630824053039556628910859394060175008787069443218359385510759376041474835702829597419546137487032054903
433035379334833571393309129460057624989748537330004608145477526963663261407921597101377086895023596728135583806482778739685423916700809201422931457769
1292811951069781058975194496093036754081688186525835120815236882644886358660988854266402290134416271867879076040946649559740187907882002045184621452179
1772565633983406999954403225294801818647271808484755463838944513560776155822864651494292605532406946306478423917511927479439661161364594397192340530977
1469569374199969394040273691343969521640411084045610209431952463923908460623595238169298601156145445275801203931430850393943256690025937160185528259808
84938695145344822776921954434702318258627412620334156390887367992055115404066758688858078895101448005277388791201602886493624635938782641385431594814
3218706096446839927962073888041959393443580327402386774044555093267852646686193383591364426590233127431267414164242324950626413137080955727386029018440
2994605004167061144946632628348573936677244893255952909578947160806152906752325901510647444281901254321854653816884883135042036425998340230667053643916
2455258668704365036745432252832602461560644102934376231628452882375644531504697141145885170016928740709328959137223175716964274793442139785511734139198
3158016415212120082273259899228230354843650305151776830018291791359098278467662908393987863593256538706920068791957326098140568595222235986825261487166
2116583543146009098499089562241882082949154605756948741112508339978097204041491484016144539408155185434253253969050182102238127518776293470436784462649
656605514315081793068395987791064815570418203786826732053695107134482256132273858750735349722898598598218043791851604827960541047068066483662446431397
1628900869515383998923717805498960923668218951944165964321366382914285118615539049814269059238635781230029461641903474377890592173861045552649363337876
2211702139282914271794793011815239596530999413032444882195106257818498993081694447542479928951676007276876884699268246938958418918557161720378864790325
2239524192416237305211208562674064832686864719724160133414434195366482139772187054197709115470377236879587927965439694991462957733159065598083608427381
3268054518463318508532711901107996965777861826895818061100425231337493316131787829647848210121742811548620132234054458165569426016873969112736181255906
554865006355255645238868973107439684221497577201243382918462514222948756158576708445257404248907283374458866170364885653884100777736590304988929830884
3228650510601401898807265391042447417387078226971167024454673602589339884989108358070073541875127979227078864832594266724109010792283173259715435928834
3143279183613020373603274124740728999956481436438382730472027556771391400432418473065566894469486162467467221669085269163225126772967386723051200747363
2153942293343884708055574822190084160860367403107114812112131638784639947572137699411684331378880563729752164057518741049086210827832609461780874215451
912343768228630482511312422234346099114826231469208742820328907785643087370034889932732237399862638601892230306313991600468350637236868343982990639833
2223489789022088469783646231289650774349613985760871002677094602347040855054707165694545734452720941066016899603699566365399392831167722146343245001973
2099719180659216531190474274945896986369988958411720479954865356813427400074331995102590235938722655320700997206705826140061781537545467242624810557358
2796534342472953206865330033275386894088749992393501257004411397163707500511016191545368052969030903350138809698634588891425333527108703825526556124575
861031223582028926963721237367215989731558000828764639164181270084286961122323412085609885217298649478889923014754215260551352458777741143838792449151
2760955923589601581348400740326801616069422665942846588247010291762375062235878410530818164653713409793037828489384458011822785360891990843458986045495
2213820027992551220533425052177458967190500577726710266891325737936670359942776080286304499484777012209060235702415484719276501372690622473971171695870
2792405255751662530812155658836964196429270767912650654779405132452421026551977366648746942296802348849311664575310399368386241793233485578516379590192
1834882422608780156855486431582842072526280043503166749243028034843405121712271269876872228318547479910972084750976552074615421692570510159103385302706
2741093277485241148067543005563377187362024056827333718322517772534474372925459840491034188814847171492106912419469562599309295034080312681435955565994
3173831850286297939482533512164408650812646487097559264763317470446026312773767860904464516862888293539722853120450185568969726932073489852098147649891
2727181407837243375426730172257699310040215528719194428020586282041208045320556816391133034284539027990798309187789850129435866830389742232128864173125
2852110406281250781763192446778102739845324202017214742794163451685667248485590666746838643333180255718312362935994588252774591321541074078696534684365
1823923256343283645258589503894415791521398226104853855152247372887971801999482878242959333180106867479282627544147599973695456485471715722125874478551
2022106832705917733847168730946753648501950141594904286857676861787608813827017988908776147403687983361214944777648525187236889186170762767929800163577
69761710951660420040638255882052218169809382826859199932059489049992700264806501514427758087916020343199091381623962757360494029811517124581122869137
667636185899222293351155185722248519822558572406977675901088161070919557127011173669103890872674554274894508341624898304576308733102791307854812302045
1827516448359831518241739292643841593453503172539854595915411439490281682100320661564790469208057824424223797293404139893040008172667103042957099562732
3082974626258076972251901356581607641827907710360441348775347581826029789200568252758111901706280065411894614694172857154929376422026015008079077374256
2979495794510783152072901352444535441073698855637618215680828621651064496735676233514579469907538844923257749670141068349036974061185628258490358695048
1286267424248571529698884408480990795826753364234950745669109494601172681700928600256548617957103656209920350464369802143517721651541969360282132035194
1125230642482713884791368509683205221238036954539295403328437464538014686959759101123319058932965114462838843493070510109503300444460642450108029669257
2776169447509950685298320208622320939460948308934567134432313803653487393371813523061908742724330523360770430212629361355468904704430113920627133317255
324376544603259589739219008365446151786109522369232022090719280599369498959043354742240462444427289544303140780864177231366830919751079908430153963053
1977296076665198715193524608797837548877771585199658495888689936335317686541239781512787364657553341371694237879592176638465762857617360666644504521587
3097686356795879314363135598448684489647688181378128735321645559533486056603379121779137098076056765584886532442365954024740240377633008475865712701251
1605343258949254183751815552333232362633886049634001460161838703971516315494690477333252557001665441046075967220025498454502366516200615480536081421100
3155906681507529029578424883007817424000241177804707948382561043285792719081043692018683102745090478114992737651521384013392889173171473578935521007349
112366335531645962429823513658918174552950902636621787736392742837748377184376794276956179977666177337580435094472893433607889794689257694492514654299
256168909190117460309006415457712016026670319658979873306337731412317662662601384070404865618188525471594552075339066971326655949542546068518568287700
2634750499562787900130928562944608902352157046511993609216988521771326774102601279007017135141388679300162349985610358933572712416397014948898555848981
2569123582378768535435045463084487972759360550943081446760695862709454638450407214571263093278561259145743828154945941958625863555320811341346091432058
471241715270230501353061866286768702697911936128425873794891646654532964869406281501317196171352613240784054259560017967756043579487012124516794595347
2081881109111945771697392681564670461809059606269836615843606422428290661630112758515144404615587583755738854463857111453745270270388861441736796925331
503667534646853763747341554532852863441952855474951420923557838320245112102357679310169903785046385954687860070882843031559997489119343216526530430604
1433129260445065205208910309672532397745729171418965556940649659925525188033388543603076174782987392836054494732656454111349936439354150045593307503680
1197137728901934489204938438213593376411472716474746682441054898146942596428512346225636685715449878658896835102139725216330873702425026749918570587798
2588153491919750540182869932089959458134140458879230797480116741331772615776716132650308859989771360110845075016315751813503875110433129172644738645204
545675553218361114930152748176820463176907679948832399328285131878018422860293782551100976082125365702967585452259363655520303035702028640898775705330
2902514944708829939193981637168889773622406366569129545620050034341915634465558295727705505800502660428930471323224775523607026557908900457449701870288
1768141185950503622859651679009682756414126566821124879008015233530227626933788562536284809426928228821168709924560214747231678863615426635866383918357
3137197554220715783978631123729382847725904508694639478698621418031942858676061940078427709838119879576231857243440988095653116705809643371343885847944
2904747521998852167820280826172047522571297821703095546556210976393701437459726224204824615410498777478051647756222697301123401131200021822527882183678
777892533460738528307443345174199457879714589151777549190922978176616794798394773040965966008128932669127214216681363527960891697220652913327718665098
202562982972677104064273399603676144207125404367957454151325736402102385456699738663168662496691837869551379554087700992948635226959580765581051104298
