3600
~
90
~
2
~
1154375337628127630575104002
929040167787351915381880011
309953950811366847059825049
636322652644542993506366878
803362278129052513849519170
988162754771431147420033250
438558188977086136109471137
887215208929405733382905118
1099313070680180381348853781
895287935087852151031075220
1104225549821121733267778895
747484074385176580027215673
823007700733507178124726840
321620073076346566102765212
230997970221672508996898445
884480322254759936955085664
372833334237321350904745577
338624313049935126976127644
743169356804366234401587967
115075693085552136012162238
483876548102624626111175454
149485038101110843065130991
825497698189440752738257889
76230957615131645997234809
385168302633412063549276710
248243450949475669614380553
91309616812215264106793332
810529792193111102150844851
693123740220240187563595230
1139937971726146822353147624
987068905527082318166095644
374743756070219090376461653
526784137427766104953427489
105209394907400247212362272
1224080486672160250350618192
1005037069283164179396384730
1232915500243913377803179068
568656083549671351507826740
181492520123588372720104608
1061322138621323992965254876
629164332591526356862416267
568209701369057297965347857
946762874392872609774432917
938491842665838634730475423
383326137940829595072253814
534231525044270897054805524
990655553509325265436574749
150248118688780813545075711
1055279607012033827778761058
971377171852179665809018817
7083021237558842292762456
546647159786020863065464243
71133945944021329841595805
1037228588221877306466087735
737361478012607752045558298
437516828651176249859271775
575479300884093928717358608
295770116496961828517823457
688976937715494619398792484
955738210807586563621521612
1230877231682284156716433585
880734490354301938686868311
274151062297655265037409473
456557874923978527929687167
803037788966831400065109471
201527599623906230153571405
603794094553078766263272341
502462183239331549819239962
683357098456722951523354279
668371321883367912667635218
349527916098372551868166073
274457539977434408674900152
1163520338350131407957027246
1205141146814505106900383924
981442747046963303724800385
388229806803692712884935527
564234866874458140945752260
1033432807402191848880384265
153224024482732786087520608
929126328772444442633306871
1180774398830567782522571044
440312312047743340061677845
1019278098668839134028139884
136140599762399441277521917
1027412426858027691146554940
921143147707585897144931854
786619268371565111970648880
275562628156064017587032835
782257194723427403129051599
778172375546825742659769787
