3600
~
90
~
2
~
991722106306999027393941419
929493236377995648994946519
933142966833802680468902061
720784160221024042363637259
1158113396458062987015258601
561970628861436319439794069
1196658304631388051388459848
768071760077706007146140408
492647645072776380121314778
435405356820568442270026328
307392654186853075107751958
713134365872042550986726435
823221305188048983963930376
651065895651047215569181201
1159380623076969415596846344
135511543686559136970037685
1036520091512529990887284132
1175347144065766436924713232
283710733010639777337631376
441132748160590996308489239
246674777462060572912807590
683030134471765319159537308
259536173096692936325092366
1044765394623205902561964084
1017201933560153260422591471
378764485872313731491330586
420741608774492084592515033
384011582786883482806104112
695926684730600210906826249
1178053417189599130730908279
36790004080385582687001725
668083561425748726723437071
716354870757112398738527925
261357491964775666687828361
898401536325291267908737288
550866543367350617728643821
1126459735649026414286109138
648849778784329043316137222
646212446121534434754222729
930125412760653773144334692
272121934773328253554109096
456516109009011826396050393
283486139146357891041453982
931044038153985080241144617
1062456959438114322659450854
447206214128264915441177570
229753165356086894646012355
1074601913185733929075513092
695526443106977764313006982
76301226622466914965651269
1092601148402401138589321632
494055115604874185424843868
484971534241919435711231902
59608971873092481455331600
172065123092664483558438039
173683682501569477248128086
1177880826394200206221175718
132211697454410659822678854
1194975883167158819512568074
465141450401528770513141435
885568590230258751250772290
1047345154501387561629977945
175589710443043595372195901
1234130280052774854151813115
606087947194769254671558547
683347341542180443279482679
271046704469696562706985821
997410336107072025608307076
204412709088816616160347373
848364066158624790296985668
764195061969143054894332378
1109379854927582288586258878
1196543561789149025105800776
485229542325204421730143855
1105219315530509528621164841
465645127077333733716847387
336123202564541400533942538
1038114685335058789271286584
48628202916621413876142833
57591284858866013519042018
129967914622349859754761230
817189488483291260031938032
477141321818854348972280037
621020824405881569863837060
672791743544214087291348599
580503241553695355076025623
1092186695975530269971970043
525718599767488469492438889
726581325080699664714858088
206435171035232034517328911
