150
~
99
~
2
~
2308893328
4504149944
9720995011
2464475707
7457064158
5687878390
4361908490
4669567985
8518507336
3011301160
3289145155
6337389015
8759801018
2603549254
1030310427
4144045275
4369828273
2835088041
9943547266
8396298125
6459259084
3938382201
9040680414
9706824834
2837667117
4288248410
2919833887
7095968052
4326013133
3264229008
2913709525
8600401936
5911533566
3054446500
8810334490
9811374050
4780329929
9282336775
9753802217
5763707890
8046371968
4851131382
2598898779
7704533640
5080116246
5616417587
4844209783
7337660494
2623476246
9845587466
5955725332
5148516953
6961037697
3150076428
9320066031
1162120939
4445733153
2074151114
1270504797
8645318846
1660176487
8218488850
5669112996
5034261820
7049887765
9315546737
4179517829
9940020907
8405943890
2293900829
8415637820
7247953233
4873375478
3746229213
2878863108
6486925582
5311043966
5872651181
1780374842
2955079497
4778349633
8210506550
9474756143
3013867852
3344516381
3780455081
5318605600
3579285579
6700482410
7586552774
2411608399
5766026269
4443210488
2225144653
2220268737
3926159747
7819445030
3557774569
4088814780
