3600
~
50
~
2
~
540670811167648
813253528619965
234887040233783
820374515435572
393573508179027
897837813365865
128988369866009
623431555109264
140206883466935
905898885830650
547733214206053
840282111247078
808916254541096
751495919910830
233929641329993
872376695287012
383814128277622
503275979195829
712997315683361
417693831225605
144090571607805
431796922079107
1067241126165716
122669637101176
491034146212993
839448421201202
237732030742557
1002276654303724
394241891620855
795917137957347
1019145752431791
421924807745265
543183176655389
586354814825136
298340414326762
199397742059848
199215101836820
532135529276274
660096464805849
107640234719072
543082479126405
635102526995012
946083140011212
548722616782319
57607371050243
467664043658117
1062538038372641
264252354745118
802121159203304
228640814664731
