3600
~
40
~
2
~
239661959023
134022251049
479567911135
276189178717
254423259713
599400544366
490244287197
149684156991
813917699797
840096894337
860083226430
923379107503
343488672017
849128160119
212993702505
208120314956
160184470489
505914034217
265293276389
751709432494
224365743253
822479271627
685320538412
595212622272
820411003386
740093724284
484684803824
865395491853
34338849670
630155920995
306816779816
68181741628
464985516607
581783618501
287725700127
84129962229
49004841393
1046004323704
30957946380
1027278915908
