3600
~
70
~
2
~
133274259381358641312
734727850860785728745
732475774393507621206
712281442522139496617
444335785675847601613
1047476677241962603999
845659261362773020700
155907451633790120954
1001446921124289825251
568613634211249278457
421709253800693463853
1001343697259363144057
23408337949285064206
362387199314218225103
298952232626579097754
483502370912731243064
309658547712922840307
818783198318287162904
764873086574853031388
1031004142335481519933
646296695654175218366
647095295808988722223
287620019477568124679
381393679548071545642
1083074182016128572828
635016818261416993733
428068795607994390781
849303460769894136537
341502365247164541199
755935371234691475046
437644091849269788806
87212465770852604703
355917592655486204168
820663683561466460736
463878734988042714118
192281703763497380905
507239859401472550769
979367407756387194725
820718464327451926934
1081748869679484136015
940140826457994267732
1137427088168476162002
707776602034242261161
561934950282231055045
256036811353203045801
470763809145457137759
918051876333801697223
4113908950298886631
422536892549510131009
549373899745030566757
242575894848422106616
672957860636799809989
454770913296845223143
989302656007632004597
1086539834081472313239
222221077070134393745
981475603237267558435
293661600059039453999
642278495105906057645
1078784382270541130372
900339319792402861458
301681353130092055559
645881311772681101536
373695530781615711065
108651630927435225335
89257135997355966074
827300341218074000666
78337911160405266060
318220111141302193578
324996229743934288419
