150
~
52
~
2
~
4556101250
1492207838
9706235693
3388121246
3834054949
8560204965
2003025141
8993398794
8927967554
2763265981
1810162143
8422138913
5523851549
7790026262
7671884697
9633930195
2844848484
7504604364
7051291308
7831690086
9373270566
7365406836
6341421449
3440989957
5314074650
4438572646
7704902098
8731158716
7500550746
3356966267
2647772855
4406771747
5910508344
3839707104
6486053449
3114387143
8741611532
9980817374
5056796620
9075167512
7137330097
4400271853
1648254108
3918942941
9979198293
7091139741
5916820017
1268179918
4814027194
2735517611
3431470581
6397911822
