3600
~
40
~
2
~
427864273687
1026840678292
832858711965
1041799129886
871454010798
462788686669
956363383995
635223756421
464412929547
819686608516
799712825207
265763562183
518533773688
855789795983
315488292289
919431690339
364267566971
189832237929
71614190889
405185984995
816340483788
623398146725
225133920143
208547316098
10458637100
159153513057
190863096237
411075034445
697944582483
833400211173
763104243762
467679678844
430610074117
1018572029147
1075851813833
275843281861
509373461420
1052714880299
697505340525
766906551262
