3600
~
300
~
2
~
975681728732473429052056248438348903190186753281426116841339189650605327012640854405460764
1217978583296626413704965979022318967940304010024814435432563546499541051906927475786333302
1854721432872128585063033988743663984248242620098713751221158334846238407407342077335805668
438917842282460606357897665146067944795617190792061409598896965734650055357355339420584150
1839040316319337644295656275782942800411194122235578775946858663386975200473106439356158291
972004556516525353995131196326022580366046196619038996369731992864752973593734823113466654
180779239281447388393084330471747185655892570530580169196011673288009339719869766970334178
544329083252654337011454995047171672476883355932137529347542014101071428456404618991059596
1805983283930813636357518500141078870632474481166198179123280431085748871543682086758038117
834039824582621442329958960408948159728975790468223849173684840943751097179143775859697817
1996763116451812817756177276445788858934090647112302351809512737230596988964912447859585065
1694770292087733977425255715103915147835566260924496924352566045374964265432305821251779730
1572129108996904856506201645516485452780573489773946832150907464103608008393395126054706957
465730479339878986486683285461925413147168200293527089880109427829000477360298898630129454
337693542048270341082282254742774912961639730504152803385962577943802414606488062201879808
1841030226961214860729173276343585093225092099490485274322022708047859409366244631243683170
1215801737662830984787725963324292014143617226588318206825631189903220792100078543661895132
641225331999524749204851131704408335314940260382096226891225532487509735624529650481889555
370414846413853433031739836429651226275137092017415721145443491665196558198425974086056817
1940382295439959581057606449193596321653042561336503147584037726220476305137667772603104393
522538942309646640034709396897974313169231343193935647194946605421788074459851291907757889
800303350079948049007604412574201061428711622170094397417500532443924280373348851178030760
583570996282092112015413042673107193394317957592307084709915325754381565750433316247294507
189214826857408700092638742870724262143847692056030037315063427669050069652317526601802782
629771734678976379650645401067591969816668715828199023791374455855503222634528437658782817
407424389531461162812598438218144571141090506569623991998064621139144477090868209765732444
856280320372834309528206509573952526124416313125208202601826317139544360855064919393825616
1990705319005404136141795019321868982669067245373259644740589781402937965799416636349802671
1295398826311067248977796992550684352333405150551237882180342011606882236046149643233115264
861974929837824894825484927543951232734908478261137617516605641179849978480659112615834439
1087180275765885169182995590405055651861802194781132533699253938542371260968103686642100635
1556142064317938892784832050818185611958538183040986139479836311828348804888538903293381798
20006825675759407345347894599814824507312741316507984141173318041330826650291914763841299
864041248410645945134573083332059980563522970259490267903206355870491611767157844288243309
136112254586933306156733566407122520148345513441536776827440839849341464992898745728975063
239774236799660145137942454946292942917059060955454019671814842544073936928543966568905584
1155337843797147754832910481183679620896424424868615736701704961268505249156270978841133866
1647719678625678113364680261434125005115398394112246832330371226177430457583084602272604054
1882568164490958519346504960302478018769462862075053663139796224503339960029204736680058856
1532244248984786058393616650568148543786125147941633116736003644752047053296043898259905559
220417470953015905519275638063088754544938663464598877078538930298513534661709471138173119
1493873723909575532545116032031854122228369732465412374948812556308809718278888691943115816
1117458436344064304207162776202228702994737027197777039777752914817725941007446000496831651
104569438882339185021305334641744460935456221580107914535509972234236599559978837378353737
814778991426073872148894760639935954929886237595945399978019158850638503192863953821428711
1399828422019423032978168010839189992086155116225180566938975043742113286777188593578787151
1843760693607781124758066415620972109631414409661614404839634820003009373420030443869762567
349466040320045120397141281901511196043089984201798782331161887857279485228305939662131813
491455313530289884327087596888690281066958633216078713431576751068686398114726387818480432
1371087824863616282886563762673572210215068804389669196887971718522394107152680705713600198
52742241083649078962490314854089047619693856768095012223415436567946679309234068039392763
1072580151601678865628738607548495460974344720519504099498448998845988733692466974307350804
1545502684090234863919427163229958851926424960321145909814369627581002692403521739679825308
924063263364671620996311395079047226253290675372756786514939150753577637683355470394430645
939998183139456838296417633485419254480059964450190375889082017684888800496389495135414896
430039528499528926282878840979580685615471731195474644248253098050240649583171778297649153
18906728803548034539004164804066319083080790044344961469380794411032275311225246392825263
1376459766200188337486041920451505817108932885902388235250021259432926046094784104190921856
67997607860225736271370630985531825881816434745349142664075067147916964213154889592134988
1189394275409331837633112510305619784554517208662473463421100365494829611609622573247906327
1027034484014844271095024070316918986794582550043987648610635980447912824819414628253739396
140841047666537153029225667041972530490941822488853761506296679554342272903248019404990586
1800040535086121578113723846903132945744220364238828454713346743545569395115155275591076289
993496899150421228373578485296790949008163741478344359063424308803076928799095502443155505
765410034285090621118157521043456570147778074339036223795520668279188226814041824985461311
1770487768215448084068694059942932529938715420127647374011114978048482359944115594406733091
986465115240905323590029919711400287380253770291513252869982739888338180535738172401234764
134832718633109246823306647549294717735844517767603928605755094660402460050173734721583029
1240684387278452039886880336787534191436353068876513081881582846644690876798965584078120671
673874765770565725860212079611685206634652260759932305482309896612325317742156135748897795
533488465918715982943938784425432563881986474971709835126167752928684880047964783781265997
1338381601257609758056051010867775884208438946038928158156048957258708373981488647879518393
398720309929272456649215285664215184129604550331232167234250231845614123968679656575484599
552208335170262019342286336005606812707734855936368436883812525492988971479110115957559115
1835903516782165639057116938149909678426992953190068592236862763072007958499092106976833245
1137296020772393918322220023634662859842565637468733278963166842319757106866080016897182191
1068868882368821552925452959217110420449926021948131864081976014994589286314674159400522463
584680326781002533714650545153620513106634371061394233175543840801769051049096337171003887
1634557875600954693285961080274672730311156807659188138047563253309202429732018820033274410
217172658838249769994766073406041616758206530169783673413739009484624574576105621678201191
767790954383777516452594144120159385085841922776824452310665833003382578854932066177498916
373663466155232285641259490812550418510939570401380936772010791255936487008271291004102864
1098419437300992668955770712040599531808114345178061202412719961446487638199138186940632350
529192326628533522731538637206051574448856956668574097464165780924247844467353833947574404
1902739983499580208985047374734400451143926661304508346457257704776854796178284815316514111
1953860745939135027568620761410024286905248847074378218637228495984134489470801229003157738
1772551846293628471030455425657693557288067176296138376869224082266998592125877419430566359
981025734279529868557578671277349603902005066267549815731906524745316894615383348812569636
883774051084343386030537751433149009216351708943810907762750472140337362742986102223682554
1702302107266440336356035829414216253345458854999610980051594774878500079292144145046439238
1086361352278589436701716562638785988078282003080412055737451322937212843588422161816339284
1460443473563377362756048151739004470370223632533028445102764350555565131459503075435720234
1630483694910648478026341232336159223734214786915928944092358226237566023853516553028139264
4114043774316127947901075469349968060647250725861578083967541787917666929792310306463982
111926159914885601275257594214725292507883164329649457988148281338243669159360297254818500
242697511416627841212610449966451597876775916340402987478973325653612297118437889255654297
938361236178297379135962833845919413641020788421823765763255424808086227538127528569033490
1174779551056379196641168814533163897864228199621286575743751133803054378390416477664842714
1532022035590404427348207365180498177165180043403930190250212683919339455961129691183594596
1569703068742505535619257100374529995351701135266290226440719721226684330473391288337788230
957766660413282838236602664839585696690969956308315348089626276663116764146961580365454773
523605465842282287814830107499848911435258929064038604904883413726821440364098412195926390
1763026842093020631363706293676872339717820206295831658261124036051504334580221331557303210
1968720506099254370324520553898279231024019440246266033464937296099679186669346722829640350
47438654672778095302825210987939132347755398606890617824035207951005995430696354270215611
1056104514638612910615099797024175295288520647109724957185265747698862058475922059322905682
1213577220402608182177592067387925571048023489121282975410712366970139007383067974895445690
1771761768601433927022321361167767870332845410858547327959585522736820684537064198860516565
1285837237506517333955708496281204436397369965118981351788237230791610545163743889100268437
1533703622830244012162968810509345093890556740646740530731005574167244084152821112503867041
737489712279604331580358532919415186245507248173975658571490401541234135321794217684975888
1781381514057056446687792056853851887039484061720381660666571283842086822856303666895175453
588270234196589910804652007745022937319501591939989577246103980667629690025600187082171123
1524114459508549058658935215480652877623919209734352379328380827869916755242490267147419132
788934727205680103151656160556718044279470677953050786073824191103035415784466664466715537
855540548608570279479999588685987069282033150245925256097785458474168537050793715119017132
1071626520409998263569674417215521922143923753121991229290117754700148609867764818365177042
1119904020127258439144803605346625828895389862371888895497083132991511845641752796856373918
1313368178477206858381228916323910049852712980230282064464402461685029360257479575727636439
711649831807394670967602072928893167553210101139952203096491646853593833398022939885026911
52723926754275184640032934920317940565349785645505360112680223162890474570499288176733611
1605407373173081920755641094934227363932915486074603882317521103631575782525977776564326955
711132317520113546119924227825887637732425921033158685843302072431354244525913391949170510
1568822817463801267588721582162266507032145431414697487272426060706309856393258854215567332
1564205442899297264321193572835892131585331378245891959750772342166481036245836367966778773
1827657688045650572516610583941371142063956206724629705762704703879039554258684983536246183
1153290688043043402606258347810680825757977811730277244884706561642825144412565618216941588
1770412366359135893585363722488449747857320927816149448563306428358399615631529583041729094
256289874886342770291717601025164769265734181614040715386990912687044837068076165300944636
1477131983409317678302182853417591703251629988953612982492581442894362938466841442513688237
371912209836456788514651317024270254637561151963748262994917481315869006198895140172887893
794354269117941237378071138781034939552368989013242275452821842886132064526153264719817520
1444221311947098977043220010642548132329422788446925604077094468823291659344242057252644718
1368419518576506508774212425401156077367038448223031896665650077825188140517430175355412660
813290900652963798988436829410462889255887794970527316401668968798201448371903534749941452
112622638546680498017732943755711955332226071684169243993739928694657637744528676866874395
1793359352514874793578970934316954991864270753658949937293897274617483443569324311621015738
1580035245698099326320801527613006616386638069382697886905876522811568880005142509979786896
830524204116250174063731248182889977404758389753556337887613743800123611181730003124627765
749481844980668072415395726234642133495554931483783857755849902230801311349370677332003116
130741733818106880013455335118622290664367208967555878003882289110077468247835341647626545
1582224888373364375534517476876007293133213148023636170765639655205242977075686266042784746
209974951264751571729426801470319962394828569393533304659656471852611791878155628279402059
626016266880119405271553026067234623269758079393149396460496816272829048516462108909914651
249306132861628542975877495675141667170027253199301953932955210445048834763590860736592459
1441133496520949451328384389326242695172550119690679751749741024209791722316535164733188082
1431963058486475458723828217685712798784829008530435295054136418722695180173316433209819601
799895179325460665411091073778516363773594938008660734467637585964822060678116786072525158
1995683571050571765131365175846868962495962337202552895015918722691231630953411841927662532
1220707400688502908275667958246702960452159284910228763683160313203921791140652349182245140
1392269456321250803796329985250682597995652152911092098590341018327521155166096176814429069
678816414315539572605333635967797760060291555439763004177416425032265031567671674932378138
371469224678721050184731243918695133798324614328647352497627184791555262251312489259414997
521718392896391509301418924362756347633775161270281882115759010531983389668433604330434550
2021398950398188428105842125005161384352716625142551302375740215379162077201117117293679659
1836465974937898893734379947063671487922876110378625614224106600143053588917113221093341365
137797595588466340392507781313814331770794894451763515475398175716781871935732817038365934
1300488176302595687770203137163784305264612722433379812184001802216597053228294374527498338
1970022554578030924197469768689214211588064427290850925391608096447256659982421689934849477
1984294262882132809452379872332565536424277552287571695070207240820049465176369725886929460
674199485364052697249226240079708325115635873762971053747936066757720770806549097977449248
1379701288367379218717543527665374905042067591060221595524242482957046901068841207486452941
691667855813051154856798165378458466056871555787552495098262962470001560194434810683074149
1792894118737207998165801682101513266608866149599269797345063769753945211891956871419837679
1711417094784110343738932476052319748542357551723717300032459451008965186197267785847293237
1362332867599284507544965485048065159160969972027658701532575909104714958638181465221004046
404115019620689243207988532554009269557304371044714270707269368989365259684539088492276674
129705113770135038824016722653351829791945723755987838338797254611165632450389034216421642
441724161030377827823616372218190220622998594432789387658481884558368155777835566491756277
1932480141221957207658800596715066591670476530667428091753124420380244442337337273709901345
1844483710512127706268079954257683226489369798929130742661046627610085579316806221777112460
11320446017059082323178276245928869511904859085537033812343836488302027489973938946113022
1554521697398846788492254611212130138407829956820428168120404203056274018051576443766595703
1793334458823280066635777377416199351890744706990079659489297836170464741915975429984929885
2006173922171561002153313250080123018112036460258026882398730898482532658445278386945855279
1052347849178370077464228019118052479332972586417856525377195874516919435788119521692181940
1035265857480054886069289541367379067915353200972192353671926871061444757838368180278891245
1687985969804311704794715653247315578029456641843945190852293751453188258937702003324049522
316259180540570085062919321534860776035609097638472400077214425188279202033361016435150610
999981936480831071498160945139381924238568523360445063805224197677323986473601677383181620
1601926674943852796975842226643615836390477895067774500497412076628909717576915629813879868
859281132310744775661117319280745152963709791086555890960778256107755378297444103288299397
359010045949086968733198182745270939849439115483294544444153177959648033014098162548392318
1635274192192631628049471425669040331991517774272795386400661422543194347848820871272158977
156964929725016237851977682126428612035333374705781631616691916898370174800284585708176694
646511726928252569217134159740155146498508297507193179731918275578003639031648091276498464
1098281450707765382104330875356621726788234796808174023975358850141293101035454600360808543
1264069011986228709508193862347638359286575648773240150451692504137008828379509707438925851
132618386407239199842960572681216713457662361433534203371874291701061001184498974298020101
1866280128526502521815118308648338319022349032197408992568998518458027407532270144433748585
42941035596339675443464101329589104964715206889933558431314991426045463340257046093645433
1564730113851049186026340949114055016315500674830602543906708862714931763794587022048528135
1118899959400771476603670634190901313959221124759388056802062229413235767651625294921023854
179020437687400452546445744911530742385944747496664013624519398995512827730047815338112559
117334967715657002879229634534105737556216454037646132475975407209147335998244455328636328
692230116107388544598853589457294281372161294616322734494681951083927914425192599416102928
760546761583811814371031652278594661177518103105341761201503865626070515160098303235438297
95410024252914650919201078769085141444418594380788402956280568972701047531602604280043250
590656571679410468184816843196678444862688732229109692315590279049354270492904633750697402
463453451286156341350935622243479149836542298211480703699499029060259815707960760405254275
1649754795558547084534072442745416526220130128332747977845808896041537086065835853091682599
723064654091942296818471788917952444486075516262451402859435126535880593778442117435092282
379553926364350370915632361182905077596444405899676444846095421866523641906601624144221806
135465219107181849738902450303679001238060083165055751166924740943020829885082239459678514
712635922458545854035421745928147546972072312185265583612201864066025880945744028044540857
1134070727406949271384090599407919189114199956811260634504599308029290037951486508042081469
1621076974543813821665947174255891955734802069764320223413520510268160418545375072221824425
662167756025169811816345069884363860076545092230016441105359832589739661313424802679802385
800128751356075988312518672917312526087170506976274632049754449168217712058085236650495620
1376668906047674775656934189181132136363678898846707154087583598915151688938685320380108124
353768345462030436307030647103399127943174234643044460487527588976218096935224084951381535
747521119060689038978204367132517484733080667235125738514863679196925379281476060062029875
1807651648170233213778579820546707411527726780344683969128317802022500504239398275358512805
882499338812853037319189057798569921252168565226767705403633896477728565321391397780354305
986943071474587553833725599718730331353287685427209318722943170134707778274984957892099777
416404180710699113535141042617418808224709876492613401171043900191908037136006637740903110
309524918496571009247536588177681012456694185493294154210190874372767580253185465042601237
1348424779089110297628078798024393678295370291699370950249468926932641297174558860999302486
244057793938343385884833787017904707976094810906398003504273975616276436013036194071923410
1085700486078456295549864705639352165348603068610597569411167398448360202481509261691813150
842222780399865837185034671322811860227266389740814486644205115293207161909400795901148697
1767209590462638294953726799645373576883361025678645746385190669073578180663332365667081602
531244342658311321584115626619234151575195662424552835348506170600460552478568757586811563
901406234095108964806270429050157622199344440352788655927027211958516760783968678965598184
1789027909977112791030780832269541873670352547258133955671678832389256845007673921665580859
1071870765975834419761626690061566114248043711222660199075192353651488480742633795955321671
2013722740303340019749961490302125362615267915510579449714445866129334808669001554696348838
2001067537685746955739371932213968630306893298057202366819879083373729367567102079059038441
1858998342289193681972473784957797547822305709434373000109571061969262097563845658874266949
1934812372434949606756697724520614814791954266399255521053479753342436862139702544680569847
154436372830198275418435662001016649151658016225277430891917121490876526930855549615380023
1588728204419719181832944181663568664007471406158722664947116831211678172625838934144373038
1126063576755439107396751428953338068260208153326217849850516227616817245640364970391307597
495373515635047139079671935681720392394696381594628377144605670849870124020578574532653472
59872892214326056400899303779740936039854241390336833587841493469680917415290034817561801
1108031038872765421407735036273855239642298873088920789261782772500331178498768475799875841
1683233021733073384958043194618859566448975200047869170862753081936728916838271950045306762
1191086378787388288643438520428842861801379258473190168087184991175339513813915268917263237
1253939026829448201952492138224683281469517871438393379121222489420323428432481399650117670
40026380477595389222830572003592725154032332988117342156004405673350241951021486841170512
417887921804786399215255974821585300223560738399539384443599427145847637265337890308041675
184308559947549228410360732236801535809199767486524270837478032048133296543803960021280666
951609301060148619657864468382798049238987691570924930326948808349047225729293513366658870
826043377203619672104036966171816665175513145567459939204711907922532323679453340027196089
1168879468844357265777518189481245396286390378790296437533864931833886709110070594962664745
1890620737883911251534307636307535611575714719103707182179816782616337741116174580909599143
150892825256188657395284560072566317127885339469063670494025152229337818173253809649934509
1449519997168998870238084077750955506478758379984297305306219998581795611970122306687548216
1796621019687537907249160553485310898833348700615328926645978386789950602347156136853235027
1590359116114590942472086768384022228230458611318966020765253965447854044064534881104892465
1041456766882506866994644354797971271404338061447385445481730648654136666898591748757178636
907471540595348990212942452379257598035816210692113873179455000510332448786543898361627841
1758312239514052741665809930193455346712255421613611912540170571795730804646913673277430935
1596865433343073658336026776489456685157438630787879619869197573962533902912177171293424000
263589469199438353020468088382387854662972173993845640135456365932249478590778201959152596
1623976733166769910703495045795283035688795704876648348133458216592641352784992386906320298
319044020619353603753777403436968587132738734502769543538490826486633456316168560844560511
1147858360639593461316775845822648592760864934031362054789874161012228231175369550511994189
221731450395640487318858132300206751780263005839225423201672141166415462272484131428430026
1174305538830838989018785681529537406081888662394505037723389803288069025270129560057903798
832168767427870607079509877485179329949029218771344185489694751074514318468585347850050805
1213235592488790453616678373228410613143065322387252971305950147118371913987769225610660776
808032233050366300571019189894131536991679244502175962078477117303381577662084311846455733
1281318096724810823988041173213731241969028204472313553325535696603886422665849339725859433
1610218962270276084832891369896221397407240887863111838099905195005368033067663781583589534
1452625527329782970383421985083335664271488817104890343073749170809963894479447663271219343
1841184954993931844367979175962804535510434039715641933359485326668728081343856539027869454
1208818387827210574810996493418486220597704210775567943551501576169780966319368531104681060
625235346735409050516610851203784417382688370587711706587849389468203382282745728286364308
575921894817892306889407644568506517360828722939959915749646796263031071086128951422111882
537270754670406557299055901536695047490802161536816715511400241319185683138068741755563664
585031915726803418268523594238506165842428513093401163173559224494882171919775562583852182
1479540533476469511686424235552371410573878379269997882808330907551304676172886252419445670
1434271243399310126284773034572711483255976234693595360745913282513947960534774318085665853
622450035610895291843322812290003656945022465430312568310519666673766256846413517609685744
1915689650903066560460286316619052979691663825068085793714785080928231985844831489453400297
870380870416287865996930248820915126476391696704592646753154640801404339832537914926437703
684733192437751361075015189155909504975605137554954932954333669287835446861181296104085981
478396791095169589966316208713041086438121863751003853310997621657118588400004572365278967
968226578230669161307697717138449975728291722654499072396359524357629288325821778775943413
26661906978973039573657028609825668590830649621842942430154677162740114474692301399075118
880626586915766050992035447141214099531905266939693952045128453303684069206693362339990406
1986961193667814787481953965300055393314139509491900044244308388161140485065385847712069795
1672328447231985141955522641628069093447376668424067543326752533362088958478172760978650093
951247803103234406117534300770980323152594508520875418116207061685550707792596437152610615
725644829947398742757231197680322872400812800996465000451205439094654483880177903676909338
1603605336327591776637095792235161023412117761835485096015422673483410084470920346461269308
1305758409602701696916305754723415246754798771018676068530684437236382961418501687602672690
1462625581795575670020659169194826149923218157584479104882152730782925949121874782076782202
190546685399195332400791100524117280370122975311560346382947309406795234389721559937262649
614163431909389319804829372067519186345533972852577641003239383913557203080294792070887372
510433273353749293280569469209097307518149077676722614416621509275523806991894318895036423
373448895797552074333681239446574297875893412284952552950530789039428326613201747966915670
698805709317500544309329803948521973713030676640315865456043148973053770006958140087131477
1649461224324630543555602341492779996780221577276200403929895991343113107632437257080024853
322092872498274265018857124995021207961537794877629441321848155637945115598785654840819700
416460071118677523620317680238240829741294414158190108641667760226327691361790823378380214
936115800899797061258603657967122893101181975167929553171149616908905206105726888001348210
1678294121238442464159372347207254200700553764599633800827837804991053996727905428295496908
1783844867102572454181035407630947699698604354092236529965761559216448844797885413708648488
