3600
~
80
~
2
~
114931365920519932289512
233217746203995044116184
299240299585293569152638
292113557305125604530777
661934482191902410666197
567173754146491698262343
108345900464108525434185
1000373919916184089607631
460416661704813153982122
309006953748710997621156
865533014016464677186378
700129046604840491519315
513652872448664894246917
954999112106364626254523
607130809129659542851160
377706618887873113133670
533923158354874543037391
724394359734546055338187
90652326578342683642278
27069453898764926575692
900068722511062771456059
155587013733405513284543
306408407377570177606684
698002790811805925745470
411258808473533260386989
828023739917405225371315
433464702537042102695405
155834278840108794061558
39332970402246433185930
1107951407457577631191381
1082164900830391590871916
401064185565918840861949
95692000984902665278448
947536389633674633636998
652777868588754654760934
893245748933548984552350
1154819329017288090295648
700889591820330539802530
364546600196196135850599
559961213885135095366150
242438760369701809142967
423044085612025344579299
906207644615107954930355
820772618314643620937865
321826740471939334385114
532418453623761655106217
294387039209714309637354
53189962990574539341186
428445908239007446604948
902341368541931136622261
877084931259585143996268
727237682708508768483544
763520789037327713972162
943879015114719987204341
883245300674211449327922
200761804602302400027578
898325428096758854181605
193626905023220546176193
677057996243843086604665
25644173370426950074973
115691850692904975769514
941745970849151087784763
781066452522879325391328
88924923881116214833127
13416180554640466328524
1120045026793132864142525
978706794588055458798964
272505410366363759113405
251229051097382632538660
854705185307764842181772
116768136514150058723975
207409563275501446321415
38427460336266485895843
278873219852698316643032
409198130723734876323153
184262327073631058987811
3114510492546693797167
28510760202976491832315
220149325031850734060509
499875802675403442808507
