3600
~
60
~
2
~
1110926990260865654
178092906426510878
446146947136632529
121547507462993443
8826600166485173
563961746948971275
869698583385684044
438664494280892504
824284526141123898
494055888919442790
399181432093400043
60081114216935787
34368428389552243
74053014448277308
1120673478119262127
1055241797931854624
440323910395644806
313387528443789990
47654392374955071
89213457799522574
311274986620684284
968344095152100756
1142682682908690015
763707329136305230
488897805656509026
472677266659499518
356170424415499771
373338321940217172
850373917211174996
808221988683498337
470317445909217546
1013445847000341233
243913638121323718
746842180950990486
1097520843175694318
1142933070085338717
950288947781790335
773231425290079811
77788505595137129
665203037700914735
411944327094907450
100686956559823143
183623381654889771
799162159592064364
158549162411027456
157768433152830813
919826764429536060
762721141240211397
595769443467052434
626094333301630979
302414698106999508
922216492448913189
382933379331834010
245634923821038400
1135246979440178414
1135170616642187594
40624156508207404
930486678595883146
916523827642096387
37059177689474492
