3600
~
500
~
2
~
215491893986589268616442629341049222233036773936687500426526099530376654470314846701749655982836502452476758483849643535293933156568441296321613758269
1278333223055374695059370460138325706849256278226996829542356144428359782668803628119432606477610292760684232924508150529953277003065688602421532420393
171881481389436604667300555562093823961694445440034923183160985976801222030658268353107667326134024018203411647812037761705190965407234904220110395251
169526109272020026069217461354745619039777713425027296121317582078530415079515891765810459091848533435916978615753951663493253687505004564789802840113
3130621856341672642398058299542955802776696652182558781831404340914734204360204235345186999898896684215192775958632422193043695120516181890279570020190
2109861340245533381572398509054341297849312381708877950062110253272018346541482170665413231967310357293903307193332243999496746340779985528805993182718
2317316213756887462808676036271824654863493337811645227110448189054956798063889080019992616901110748694439838059006856050156220142468279289412141204742
492925739231070152546617159906044631109447706618605472184172725126876250862151220919669979875497238121494839898088688552272629606719708816027870747196
986338610520428272645529922852829043448928585202142158274818023114256541120025155710581046967141615891853768919666940897504091334841083721924296406071
390457301320408671845125906030587836967670695765853535303904960643490360888004258101707409842360295588945601629794958245877021815749248115232909528760
1505954424384459252663212488835717164719495709415477699834952533516435142173042930998505288614569799038605233951798337007061677774048021713701659751242
2966528491657190225168601887147192906823108867184786222598169302043474079244052236877899350179529624720351082355378711261608411174949437567389406992430
1606022492184545213217946868171917147293641758875049807181483118672976983649410589320743759303398660219745805474852700567996358220204398613413993692147
773503844971802553332139131352396539660577340381908288793974842329617920969984198233884822755845429230240210538450805796482661481775715055528855285679
611047056062105942830904366190283610976312191537729560087440619721205203104059095447861158305411372656347657470411503031749503540934133177257469185737
692807917183286533122408199818227338750202713855538309573722291530460651311757755378737308588407010551089563292579467307628238438883609354829054653018
1163134594225663422438454576619027357636209158774642810128410299934085770193484342133893573081724348010713970299316992040062350507503896485863150051138
1187547938487613719843325340334132899301304469171101602493512624462570101738610222015341747236808593520007969619526090868728901826908298225353908154962
425546573463177003323602765188656193572902915503395705724918307983062934261086391651595126918006673464800486992335951972087905874548831893802134657784
703773765037026443415955364701188209542456557134865997288487205200883110167535012700798678346829992831120727955630503591896991527571951033032050079586
2635220603935738360540484869534943339394950163079500105230052559890198789284610820978561776183649971331504417647485015967974327949492771114769919151406
1318975870188943167749898550594523423216636111014132574736578528836005436778358995171943758366299221522457491358032400559054327759954248997068403428251
2884579820654596223414797917129558743337051903660289827162801590284692441741281990358570748431233498437533936761839371945016962228777584941899140806556
685431943481524794357607517987590495902088370961696049683762817286282386735112735898450997455179903149777322377553639022568940152892655311322624319127
1521610773654378875692301614683373788345178863907119929631109937395756346252431194601464900003598086042160908818645428193304636611845716713382711968782
3115459654763452986963643181907861913936572391417139699190658055083040300510154071256252654482330753982650078832684681539635641628657401139333646189110
2417214315200619812900800317075317737382235124056304695058330811810584806648481560525358005163491064156843823182743283995160817837912855462673269659911
1003528528910286581079632512993013577030998792812489445879466687059054553128115558872839121058710239276145976404938788992298325792668384641237686324940
2545291355003040933119090155206069641975084863417721491917673151278393322337739920994497134288723053518011763536755661492265326974301306295413390351325
3025847190258433874380680837568666748419767393944404929865932795279333515785792707754323126659027465779367856411676628401620464599413876686562474936383
2307989343269951633405474987878900648230658476852832614729113373149684577363660861550047927586937170031511976068111210117044516699557927490469228834149
177688056684862876078073455543170916687620120294162230103205039565499767628865648931730993640490093708095770951023983677076202162213470463208729192249
2930228352202327866823818422818153928019169993721998723337294518451004534580856227765775798272501056726061232269059036652045871020577909031622954841893
803375584212400481921941104811925030135991628636894006035352123991650285688531644575786501700683508194442372204901982964585933538369136648780364963330
1032847438888166529815199463229210395418451893974755442047774992834837789933262813749413015656795993151475279983775273005694076195262117503073157000436
2952779426108674784736327196156496789116101548634204817377304431857691277747083659978265399463345012224353248923215210897217932717413809739332154159735
1636460710759656860525555149545344972376414043793109504959273069131613719986381181740205544277806399796944695931299809433508226484691805059882990102133
2677770932438942204930502822908223369359353989052994748008196255833090462076980053936813734096306614277640062103725599252013488352681116992015665159021
1386556780289509579044140040536810868572540882409917710008813823671261576067675710958194579354054984892432360547320968422051609553448719231070605550076
2092063445276414095248138880634836798796527225061989710916326694798325937356977425390729119516956636499266921582953023856480407624421246491305625300984
2817722011582139726459551430999612460379233757422789965245718088386243219515570108445660033705336340448364643202773846072134390265689433592885106928927
2376175634608851883062466800817366446152823893482483057777966474450050460069089246963094939325600014828970290551882959318545155395247357716070962795409
3129820576738182929097562863814098773954632377611108030601548068943907286301989774862367506274280764410048919185008335671217011156705890418336180435983
118143395724637542015795155070803245618103941569981843178048924157289976022568957489894023273882082476626866400973309757263452756008206487861632144464
167624613464034064093727056059546478914741468195152768308284222421558714174873307450873991486858481742467896431423948806642766465817715319896201228466
1291501438181230366565392808530325682492804514220744881880697021969697573012611485119160937883357725426614223138508393718382728461272548545277625137372
2642672697836346025693918974543331494653879632505372219759654416603000978534691505851428804757914442512716046384691197604695159431038864773348471833141
1217817070649971186673363295236161178410612262548326102672613268090959734516502734893082277452624809808774203579332015767975010974705846005094336205201
2432228436330256985108664962425202473341025745570348241309180259551283447096508635399050112338706979081325414703748872932134816839172489212691314674401
1414149888109661878534057029700421444287394406719435438569880769899961154295962058265083371115002117935714229970009413379143648302475603234904729499193
1679910901003553692820824974646098587246397263951008824858290848552297953786935114304544019707898428844141945920372551995747287257334768258943810247375
606713725390283592229402387869793816582295547032826270738050197609240299169588636145797047240841186910363633045218107296509739593038920422908773174410
2169327892773655554294175735097951028300983678540594142064145392265346582973400123845557627086909351172678462826944014156059823455658703444948406232621
2495002230206432411565112049630018261203426009042961217689939095954732749618950709047406120746184264861379925060951089278932619226128180042966647919568
819759300822071628920939683905107475791704589877720079466030062598498613446210073303274349851675349067078570328440494970663650124729417014592318066953
2401181372753367689625027959281193373196565707884371558495898253948048091397231354197139843831232458793206899353881250361379040471722024099910807957395
1621010610921925936540879409552378057136097582811823529093056287472623774946273272152121497945057861088772582569733488909738577466856937185230751227670
2541787456988750217865712428345691881327153258173233584878198977638426829303047495444345412005041487633615506403548424122493325960306754177666251149789
507943440327793895703045877070946658278403432773323394089069952378886413783114049306045091866942588770362275799586623348085793461914583203265139746994
2633195331035486121763374822141113493417878863597782052952602422269346652698635883356766493554114151564330004619929381069486357242543816006530055137195
2090893728990663854844013494366146009612679845265393034423386881381506003983229166369803812215141571048744815625192449974042920592615829989804808800824
753623089931535472278800991923332020303072890580029024230427977180050912512991108501579703067212490578996757402902176544695099445843159011303677185216
610467277223105197204014334645326289616326745869214727137539602709755922332890164188573150187844597006515057272091640308677523814001669104554087382761
263971383085587685124332845139648347146170248220107692661514895392063946331916869678350939693410595816609732979123344145418373233353399518200173023338
1891970425917970870000427970391366470724513690408324545460024738245554837480840346726927915891672874694992652952902630642848175731642436282055200288375
1982360719818633770902736383610110584998890342067038988866880334809891485723093447260513121658011402768457108563947685068882826116017934146353734320922
2700150855558239760769192466200305743956216874275314531996076053581362796837947349648813764732819247285915824093521021567122280239476393428361676184747
2809165724729935334737285046571855346947401844918576273926786511911823442523119302540920225711648129937049112607706966737813073437955264553432384943965
2075883725872860376222995220603293013794360805074437059908114667924474483764962172830454441211929815609138970991480494612314148568614034125283538253914
2871933051243889835726292844540701831954237806297715084925465099997777872048787533245956227865670598662846427656819494542417525897903261980228190078866
1592450944645798134612166567679228947479796168508955220726858337928617967427915223763749835481482583466645793113217849617726937898333101767110078307645
2939522921855313672465364644334061435724739629948787602248207311575431178860028865321656247744292254772666339180399790935746412409504836236562994946122
990821087706594803221865969879710788389119267513584692253966138118868825319989399972953695587871894016330408463003394647692381274719588275090677073450
2854522454692348452238323685471903716752051988953277986377028734477785164201763610593502421775482000206523468932964183998520829707920241579018484584373
551230771827114087241783562390736674239304697732428613416844553702139135140707431015658378009573130095301590432467043357478978381413979265730626621447
2826365385169920025012680249562149769397531762743992614661775093831730849482386950074018370573533967878454649482361613481917020890945228132635216549604
605781383610905991958150888619759361786488407944411524820265925157683534124598602032252353088306292317447260919919608873984639298236616947813677147975
983276953516323639119358195484472918205842503278658399443812480591684801278484203446606664721754366437055800597210378135772989553415658882006794635120
2543963429026718050316839317017089516087573108356626118353122261021947867584546111006320863145043340347869295188356167667948252501828538540281824133533
247940668259743738346960727485529551626050441864081853317859178602889109566142539485415147658742804644047407779845011134687014284039203901919717327487
2045913256384709268049940298802363901783153296599828050993802703871417411068475879174288410557254494525629338786471130183192161906528227425279634706247
1122006546620521016081347835819540834053746713852180495772307790836191824202723320424546919134862695937224437111964507668469126894423272535622857920092
470351717204162047408316552578326230086955562813182157796009078903819441363476888138054009711941086886852517302191910139909289885736302001854155043286
3175645711626188275246648352441892545620754804407328642634340970837355555277448262209297455192898940967326214036565440445256001502201966016635294170574
941660148215908684117063254009886817843219701043947704843757390977722215426120419169905550668508990685796170723837870217189456102918695925551229911968
2880851773070530281912590318628372587963798632081973694534764259600532312230699477070152226666422572598826756019876724872980635415873704229608582808781
371041397534681551727031906374018494749301269537515555517825679441377062610666721579011948292461972792863030168570555832934122473343505656541926514263
2131357293491115155297684985417603797698771173941133906552373326031329327572337171123818556120657259215653941763328643489048185231719122724345239314789
2718501217011597530644147728693868058349080054515234351317223655711230134998862506192797297571473495237510356334110064212885637313556736149951797454385
378096213573167330649118084911413200897639211148980011609689863969710788659687905771054437690878176251833926027938649096018339315757373246934720793341
1619837897443058757033034397165475898659827509687715731967322695463061517773574542308005889405949345795559734197122890515520034931046248925804998634244
3197659164398768549718726610532962938270551154361299482686577237706004370263354143158923475480154555317487630233908733215864826408901286663481028449454
2896083895332789642888211642017080242338765368605184833825875537409296708531137663910106591473611975926009527311279438773178442719743903374341004114257
1251265531431203634517938530161586442214983150078889375221022920763623363776051414636751567781472872123947330733264271479294648801713051453238627959923
910066076148521741862949525300679117364956714819441427405429459620333818229349334552862957131776927028956351662178925002890710009309719895266586423674
3095366199322619550646162054977762998873177037191817631137786019045930954007927349488019304113583792032933239374731282991431340051930618104936958601737
3215376556966168074531652049919468724479224227044182076406011700739553802904855612991069608636353590675866201963711932872426461587784019257611704420521
462160079644283289224548024454713305088113044918461101124435840535886751037521470616044815517049974134872258302487948018481314247649984261332929038133
727481395357916199650843104140858712714755037423026061330399747944840020938785655410763471014239155784628154516709144424052539459073707108903029395703
3052693414530801636091753374586340087809836878142020700836784620137595625169307368224977287802173570911432785602566429513881283609967422386957971982809
1403874216554068498945932155588529242920950073740946353129537648486341242960537703130757504523496589178289680276963012017194177835983686202458822258287
2592090006959096204759900102752849610067494260514819389610819312541257582534277766194530556067194808744813763134981453639175728794947915631162829607903
1787349121444678115588896404209374077001884457483268305610861410635264681990146186868870530143359003285379091045170996225942661463565034642134503839367
2592696493980562436996327537041090388399722640612143685405222122089643711693475757963889893080795780519861249520230491451623465182837040083628954698571
1267612009556248201570971351256743141009427116971474487173391287112918814239341951203061805821891893922923758830699881443729915512717111290620720848780
3066107388560304752802616440328611521105139336840103033566998589252826389075549680361252848758558177174449280150292191117731121241912846248563518528618
2852939755660852044865622173809433354198776351112426109901519367309547097867988369749413936729094453127055339216184579093386249209338379118137899713222
739238917354612855418297642530474284940859406328893208961681255191897684840424866917598129062411258601372849453774439665309967208140287868659352722572
1645167314279937080523161661597211398277049963581144491679741962007106708330629457283971644160146348766447672258990020886688726815531135499824856728644
256390219191738409830836808418419157223923037204117732851277495324462468892529212806209530336556940907276974185116994486992476032449113408976852869594
30578871651637890104655728122435364191527197355679061207133233063443686503035938807893326761927640712425991893925615933143350373594877789096239680359
248976954014977967603924243495529470193970862192780447145048167637411152482957812415864214370912668293595205628317647329876230960942768258406791885923
954247296983002873775366404296006058705200707015961538883653734166953119625433867600338206891208553697527273268992394889147442458107236525421661861943
1187501276353966048711339950408655217588054583221257039070478874522619745612115794528124534819505178751626761333673914097504402860447650196953374486279
258894542774274939417561692997707321106363980781774161490454801581690197552865154274477382496692116249593477969178262569451815210595190738471518476089
1541412889077538962150282310528440410919830837386513170752563976741024016694567577956864210155457329800008531146086184335416313605357925726038716607038
2228660354286711522346210529100204480240332678420078197481733116720566533164168785786708942191881787791556262481758342784628953194981496593703114736742
3009084412293498261817504325739738059426424396476447912951151498149659046778422366878297865781467272710534988432286418829199812670870851770584648189261
1701011543156750704362413891611588765804241349019360088062073842539797502495152305359453136257399127453104239161044158374346197945562412504359760617532
2589999476316450646606527574383596097525585580592395653077223353357142901338153490663209484857261865498227139519709045489107699705110139764322579015295
134025377231300503945441533167662704559817794647527970168524314729541286068721064561463421646158486545448992209482087033364004951151250459779022630436
473104632755624237692494710462334539075997658519538198417920626025078873859421285400151507005314692003837396262110519893805699892327104900267274723226
788934910499535465101158307573475971928402211100032739416865898665940858177793859068033010877507838141858043657139561367134693024904946045605124592076
1794394620168392338992551245090179291474367852329666797154488330607757986857840830872417355021419367808164441509240638835824726801203959721653727893377
616844737967960267423979771208992856501320111395632759784973858051750650543032337335921963366019810843268249834456539747763089806310234937473724252347
591843021148267488412571267694073013390553482619412750121364577339144077147865200423039909913514374076553455140281460298537710394128944969180024233460
776056683940479553799362392376813788939554059346483631178062997255714731270671439347343370456142883399118824370799394487050394317568393241325630821812
182734140797811275949439356995732753612774106497547366802930776824942653524545904005489591024799131053404726233839508113196089100332965782209417532137
1193478480620078071682970358419545078576857550564282237886000069221410447845468507993469640637064365321601638217623454041972639400645816437267058018980
583522808015181856377894713864499708508996650955778177869345618108437634997706799402249979551799295890287565691197658681639174831884749077467318068126
2134754400422496595415451564065662574514124213602233644175101534018881590509118875084475557195073244169055398901133799824660350550427957728292071428284
1734171556068175179485745456336686621234000069274848343598029270286162199837625260633449303404936077691674370760260581873218852883637023155934662684461
2943286090812666129718963849910060887005717047273788129936740427000815662573153247912591598715536591407934122364998951199244292586387399715088201395685
1039038715266004662657295532750889454177406048059732713937218985839958596407443917659219452137712061967284977989299066367911894683167412031402562859978
475171802154149392712145756911830254903650061052862331082807422054070794405434459281517014241408836752516267839715607453730993939933194976509242985196
1929222926400998933012539387239119275543474067518712230206092797973167838811905065697078404161473109286559500581123680856814352960641439163720530786148
667543726625320935081268342111405524524715141446208473924280305260511586361181167274120774401440607824681931385324516436414586454374209765760381607641
221072730198367755221120626522508457469617271808255201948679821222497022905457713275850174528127465131852484297050206857764756347968889414021889472239
2871572018297505181533563836172645144979257335433695092902056684336143008504723743651046456433731849220385154700836338600127685365392320137859755684086
255594331432487917228759737520094234982391426042298988121901256145095612597923353186126695609218053223217697314745209222505828331655509532302869921083
389328923270554135819289357931915425088163111860109108860730781873262734427591340011641302144887653423262545680684500011100820922657101663973575144339
2610777069232277397965144399701217415238383023804630165868234357125710974942481844731759476330483953470927029124589702515472889598455557343186027486904
2168091755018185506059165780824179761247621512486035092523376321175254247882173072697817276621433701657982101191420844721923383179968298366027749098718
2632441805792721099029960607831049528252339857620035649013771234326084272714898544277051636258726662124953438680593044610537701014506646774514498211287
2116397707432921327743894944514287000994146081958697950227162725321796800978237966081221048977680688253613686354653988475591694877030492593610452882362
981442808916132824641636354225919540127218781107345138557596354080641043136033767734203745526830904297459574393824790442403234022000122867266296865858
1656871816805326901685503082486427037920082268552964905105382496373470441709664742874944633311416974450735570915785780345359690352194312915915764792148
2094297614380159091553560202256514495700916247521247298674091333817048392697262950567203401791658662442320741344008745767457853935694320335292455894117
2547208393890652994748541921444152829478806516430433811136525514775571254098790943093726229341654572091227883472936671048560905612532323203256673252547
111719482103045454830742391047248506401987683898597761564547295292199453062982792195560199404861416036569429440797140491316356201942759456401599210726
1880010242952833498681577140371917355125232010472559688442723520785931764249183855636622880848074643255755301554042338240456025912180503431913804173352
703775543319402916354287877798646082348600066611128066792544538410726611978189348364085486851700762793504003357050189641300147510717065910698799917372
2524677695062843415695512291798401255157104477669080824187517916989397272449650650969500088883609419122609313097366337511408243464397636795595811831404
1675036079459201064477692494532678255408276895610869883611519238591160347559263286596634648893330110030135618277395192735233495658201339243704046299716
2217450613648869625538326444418196867232648649919307404006850919622792596952358105445173086018082417958689113829303556489070876600084020354900163767992
1105638723001568446409635751004977952974197942626850006981844168642190873856848789700457700761553755920354041199789575454719696563939894930358657952203
632319111139714350615683527289712981432147211006410285409601196286620030032123861145447594814187880013703783810825030079582904139976555976532651438957
3066825598631867411758616879684704986321975596031525166727358805231759760185195034521120735046812687858623495849100822045835431350311543620339941712296
165336497716952161561122574877309208249666429641287125654355266197014826806453327793509993580787563551289918040145300356740015973715335657566439176665
124017799404693674807077591010582254609459579253369401276234715126028669707530719132943954692721414631873596212981047632344672238389525501843332072839
1739298920291368167634441978943900026070833361156708612246749460371270913335071239295757853767869367445814432357596523433559126790846000346390215689172
89130129807008566313993604777528533453554770289633997618450943431566055045164042279674698731007966044345886621219187281934302944562547009896947216870
603151105603318759692535432877505071482367241960677691081178337474229063243999130118855365027842083683497479434601158917996307168592507503614670279524
2478142794498344130996391492825740296889692661440461943675030086993674134745431354397067329197562447449974566770801127362266310586671753352448190813169
1937038741934051489032452345778257530767121400333210656951639362459692076725336599498728713698991380221308079225066929226957130929185002776578075476529
3130947194061105285189049388332360160996096984410597930472662617068213856904931146633415651973180182128440906957348053230443023038534538297728278313105
247261365963779878650549230142283626604050022988135329614970010657133173283172834670831153734282317687604611364635894550954278684962146606290067983267
1117104842901894658301263198271736502526407637946951472462745823651156956764498138630420599793053787556331409557436025311094063543620670821174327335884
2142783672335619743560741042713323492193322082990533410237809060604930793582348287654212830125395679394337733240009816184919411685851720686729228825491
903202266812135587438816164720917920057685783332296598664116199270399143870168956041794868709066481736616590576582621396333001419035194577057988664116
1388220680008998772971249614088607551000122921286617747961350397463369427107635012290002441864600914969938116329091526230619208847023589784868639912877
2227264878289107915086395613099850385785150111883336043562930237888316998952192880931140406748732042215324692099415585689637401337580442891569048809138
1897009535549773844742524069869851410452194141612028851338416039147829868146106640781799600100989331634125569271159441458957127549184662477099214897557
2703440005366393931905585093649541394647778003886738787505808729036682965750573877421152191846531093175792552684288969437999670015208965508876757797467
993962548140159294175065231704662294767274816699490653730285607327274476381414140902770837116586651528004436359943922042296429027088710165843340819070
1333196166959766173104033894468471136732339661826228940582566205691783146848345418078146865886991026139152790268479899147449061269530743228471564818768
1523730553860384550071651793891498384929596973897706290759757920459970687652718290756431428991132643561982063674511146715197780114810375006348221231718
271430812019351310767941820151119262766397500032470550266181969992092015967649660599953175076340216115004631921110012662313880638421886480202559976136
2602742512821183196503098417471628495216801291811048025305578448980702457979054561062028750014710178699731293021970736813950471128557598871391405929871
443203334804629125810864854330001989454516804226090788385412155230600183712708243062974762947045423782836142622997911192936789432346539755487156362664
2879243796181702263593502431369388635055465845026398434067775955677579277338687249755690458969634614589592313927105064129716526417917494953069981198678
416394165947398712500098255464127998527265751982620591238466494384415033078701579891103089068223077460988369759571676954492292491835154695346236995278
2100222156064475009311509951518829884306750351436231873657404838601393183640283966969542318453019754186008453087655142881852817654997353867323810531001
2764922086866096207354123687805710714601079808592888075636327974739575363416809930067235820370588522676302317318250060104954337393601848489316593816568
1951762691156622726602947641832933366022079913020280819963565606320150785986631542278344528018082513160781789020224378817616049918920182112781693938376
2644685989885757572618923381566637569323454195510935968302535027629707315146572714064554035127700355448844586179564034770206742161702081555387365623259
1351346938862918794998487385227387560923906102120321566029917488285515894814427839359100652791007126209484454891737249468732203265717180843122177687831
1437625231790780709490277843826084936858156336682300330116032922836372502468590558430063177864088952420657172997545221289612551960228960474267484451902
795898131435344979019795816641640745075270619843316929660046511710755461858922598844039298307008644543340438218233245745773646029915288844393992788897
3077322451853438991958610373931814541450546237419117925967702870177371410573258171353474409510553371816398844917093212267847876148908981855632641834765
2238346707047231000186932072111770699462397685099028989063936728423990858231528304680213242630968510215984950859073048968728130556075451118821220339936
1221642911416329910785423758620152936584711586557481394761740416578679101304527363281796397689064308240407925300112219187341216301896643890855426331939
1404281688489781502282434945896982218779706537093203914331165400810258067353113895315773698370449051407221441440092359809374371023697048164788949230817
2770153136013490807485330931609056233057263055107404730521976647223627908349898298049828472087603331161360122682625759075564351361244648144332648379667
2653909036727495085104483519513089468914533323475374617624716893520245840569959854307694378524250109050174139930115492182451004140892256739590499458254
1132356819855891205493741591551462087246800375065351471297054841912433886360645225380257223288170670931257166307180778721405709157311296447371446781353
1042659067867438780493070787121706438358906760001626673610499961217508596881760760553494672972876686463594450164183396846011919128288716766797894402776
2496488506636005931939878717138647371663485908769876048531248722256135633490184692114041482471266548195898343292715652002062020940983789239308794198024
551819710514775576055906902297957105805389411055773679672388786718824855116604852395909309675190095749472880995825803635335917495541091001900332507814
1401966202513421970706138201188121595987634577161527247176687085556815309348679197774873940904036749091803646068465774612307929945879078471388706342134
2517953180236850276878684026945627183556181936315143365624734143369571905341015596009549914578338772157254063124317563148837104886069586207023392427540
2571792380943028180869117767337699300911296485548567915626180565319633311010883291302037812027836340689432818927989017633452244236353030566371184114586
2216500142140651367910066895627826927809680712786891993400923692104204927180070310980681210649240883353947019625086921177804971474538159170562440946477
2299575961087555568902849705949769302778262650483832665539159952979686335818507374871972370376376549666631969743542611232979540446252963319614858607368
1381500247960225794046575688335902419794763094744164093693778353904391483922518722606211324104426280903078395729073470450011259030121283951574085034268
2602342725892285568814376371183322975909524749143067024007346394573748935946373541831256587237365608329780749023684503834189631460725293902834493022046
2086998544800730634363350655715806994206495793724457470313333991564593295251720517009237760691327675896974063443086358403003718335939716901872067579429
2214055346912554560849904944178804211338769033837480540489916308993729792187638724330048747936763105710712943581799039842584666708038554371335841676925
775903376863904386021308266995195540656532736163560018580983627816017475403972596007859022444472801093347866989085955209695917490958793655270461202613
3217005707299991577993967953105241488788801775959222473868552243940224891217945492081821681564854736553464349634771541694229293141939220625676023261337
2949585342751574253092514630574778157467119584541071176738773701655663882087745585228259053793827254846590932461479670136426550046307645097131808784862
1672435734543910410629098882526579065691713153979832968080487188127019267706152012520198504656173066016545549054625971585924306689247292145840141801346
2422318407857193577680587316805782131449961028000159344484004282142566928690844260119063219791013234761546682946894663693256719518916119582522872687518
2184922738715044853836864227613250867051508915264120160485971153239346176624588980590498941890337838387560174479552594455645920460842183817390208248996
5637194797492601376049872658576635822455009655169640143623944707809379522813342909042011666001884796735199993855703927351574631216688258256358564719
1420496057863783343773468696765232211392304174566296408796674603303791932534873539334285655881181336232091084568669346555210979214977787948459564433921
133429743304245157318463429014915053254188727146458730107145619619928392578319155683530565186007360959597670094424444385002687520183898482817480939041
457172501417249310381109034679494650854934372443711171563540484865589460451216909024941817604313968925836887317741463520260313968877555000502044613988
1855937053146292978774837246801192300351115932209628636579130916054261585648338355422827167137832541497221327216472738601019057505679993783646240092195
2581063958834797962888514641632627360937086201021038786970341734617493204574999506769152861607975756222759325952360383836811782688814556684637723522113
1199810531891241858958012111547613229948463696906515061397284876139275130280041289673640638325691215164534283552317809239922775517430322359237937934011
1267672910843390682174756135805851618375523231575332939521386430166397150192046095991403624719623492215698404335502266808142926678396388137112662632165
2308975221909644783664790525055023646188230717388329502464465682614917467277472750562593921334554300879784668386211410755226739256085661518687395718893
2207927205495396580423973097118216832714484088278605437180829648439694834604275759476308275344280262566548582059664521015582584152876920508730037550187
3102667300454742773067355143291998281455210614417033704179759994690176363082819443460548493361597470528876949984796582308416941802903044091965061355965
2717259851844354013473804933089517363751937112185600938190534137642085573511416958902184729227615577188463987425062858651586547297646432273216828205531
2529866078517603669683093093574119940728750689638172786733050828892733194554295192415729089989248733638102246018410591450411608967795459936114057241932
131212646793544765187739038156319396834691718599969559286795853497277167168221043012909568114384939630489077897494286844361646468618716811509722223665
1566104904360233038502862731045479609506647873728841580489798721647787696347422398873639672574350334808732527421719353528019334553666665892994694418629
629780000738670404124323778330440247833637457307581521555809258530624961229895053706197078868718164602414464351296961634565956485141707380531017415536
2672627317260785246078293000042579744807046401324849750449824529986203440805759344547691863425214242003489352296484610149270892048791704759916582297489
828060078108286163890038044425183557335490644488013282183039995584688278549627524461570535084007524861439641911230320074787021683728380535125414524831
1006133599971921923779290961951881023104167573564676495822611630333314797732508972226545977821835328034676146644257827075987910197119682098977874685538
146094881472421602747962206405318208917979858958797643373434994316488655218913212535549183584856680084995528107841193847112859595508410908338938962581
1562520844684674592711901809285935838145066463952444199836794691140746380860101603051174223954150367080428890760677539583338614566237371757911848722635
1794218522930363204284976050319144823758748873616860993301875083353126699351468891089863327455822681591324998659892438355928573301843498212543921509299
1827290931397522459124709794649174266135726158956321661540584379486726379214742857743827651791548154264066797409625859659060790398350563936771257580735
3244897764407700756609011285375874649130897352560332492463242470295750739443468040843605306339088590508243275882542054380984534404658703038249389001410
1727787243485713373490880071911294772315214554057912068474464824402421878502186303202609004843943645095380827714439173021263349603636463412483986772842
870602542266776874486277835412497722059127808433542254050551788798858310266562027844879436318765103647970516241887735989230535019121303189218713283051
2484090379877897406554153624332275570299734388451771995531969814481435676537837221144901329176291753019183889774488491682897487414108880124411297270400
535662899262189898545411683595968073329937582190650801530654098754975901369008006514367164024896444207427094381653577945126232693179916390667727067230
1457301984094449027226802387210926668344144455635211369367596613504321176331359501108408096630333366262411124602191285899725048065518444889880113028066
796307180262443545592500531207702764678945521189548636228609506639088063092322927537748696895014507574996784745860115150789423441008423687863994028319
448821893429296375239605776377935086552478441993981212909833775660896282329414698123890745647340395017331132901205422327660788455757333620242060047159
161765520955315990548215237902048040513857277508297328460014936261762551162109373591115969447981666477113346633734318895430774854669506628940881941452
166950801703702694067098299112453100907323584823434467975752346052138885326333723029738030416743802138603947894259818376510960219476434240550161128309
1398577601708641226336868351648896565933021675460539098986689567609752097142361859207442619667926486049569008416937761042060737937093029448227181638930
3122051946775509808189255680990080117528306432155944040646379141511199875707578381060103045675988006483338020796625330736667574441879677240027676397685
338390858006411046531962677513711613304729596821448326617432021799529617066489495399130770197121919373522563277466761182628543901343678629260712254816
854157550561170298788692411374290309728071655083876194370052521383909881176900555560311370156185063261220176512684542427608802672351469043973426963081
2136552914033447985795099777239429007841415464717973959946099848294478245215931960145111228083680979151762449984719665593480267566719118309109488720904
2654914956279326219713748651682185353715860640089932481384554535859931859796593674777779865706655040827489445963175654563058176344473992347316354093574
1683112591804855842424665247463635570189965231855286806603650885309227107232199369422992279196841650010748076868156635432370287507519195882714966147224
1342820984812005594686481968420247922708788928563140789234630740284102840796596197673595153207992874195961460069078363304670481522523423257088535480746
1198958894766525242104150046833259821628719473311660437087207072031741306633862226066386208188077102584844809070244826864973193618790285591344535642110
910473105190398192386065672376761555109659508283381407803058040846295368893734262662452402791390576656804506868815100423544231884842269031416057093486
2555207698037565987527944140926733546138518045230624815333892899920992111048640654329197814721393056691885928135517113377014189811309596190465334650192
3187317607019544022029096935392002689256679124740756621823903376470702519723134757685200379329258694371869079270828800991670058614311780926191742457018
1480767263563581990432560333367271806175538551060012988739341793459931290257734080476690797008146082436309927279896514416710241901826921352494258307770
2150487609368694497033133039015885558468307311200233273731308952743485372203733212222740088581443850189583214703361325740088627360896583012206040860039
1694806782431861971193762180461563394817340338633136720367315321590089808631116936625916258233458968407013444496039664335394826389117966007909009834517
1430260854568092606962962212973585136766874151812302557001479559852671388201645867792440310837567810296245542330178662397797259219029089753209257342081
736866845158239448603210855096142223324101103620209626462776755183767810526284440570027704665198635853886144781472200165125591436977653360217953098854
844312072663740088956700880555209499076416838444515129404208894507665556407238840132833741809512459319220396407840245380456795078602591850747096660089
1089591187101832500694744658138745324260620085684300849304962531621156999791644390969031228440928326397273873640481697047186953680849984948727258053257
145380415955377284903251854220337513323967066987127153048926639563094637713480147654239823967329355121276363284078863019834745460288326745145645564059
2828474968625319417210081195016825958494323164096519699139679411367624303753336249431935355787472179415362044789547482041422126801708973135226308783328
1496145908842668366591333745270866369629790359879634937711421863323688315040205800082174511858718261715733542169847375417038533965846178680846657962020
3262730624227333030408597724458513465753142522319951300972092810521991646813387405813506927083735690285046763754018747475455742648789818802686673834963
320916033463816547471896941380406394077238210762069734284987086308456942958463782904975220003372351978627182219899114808218564187428199205474059286388
1376772623537551344210659858594746541883602332953374618067262312210867901969325059408752009657638712642334304447006036367148362607559630459607404590137
3122735498378235949195394999553238637164182740649867803192995518415322839287339966048166931593351970106261514431805419725453519115675464227669041198167
1452011399160335688117656818327068928763939398230785448238867430348771910930034978426752997455088362506652953124672097307640426434469053051299449166534
756875245495488952499175129630169732532141376776743192971384330203647267620410267970089776801248236052057159265156890319452454827196559354877829039843
2099010207418273357332752668864133920344204729357049798799094729126086830080057315259337475495469841480110636696736941298597982444006970712687080451053
1059919381182734903649421337967554162503436489250390854311494749064892706972588029386774689597392728663930401349389784961061070826849351053962440277090
89807039162907801607645719713686271335056116627236628676156081814356012941289517178367647817395185270065230969677852149366106790822180930582595742117
2264936683861513626240247845284162704680796981360402366142142771148971174328840865500604698049675780484472436818869271633597543185939297026450831295529
2150777487920273373047480323624884499785997251156667570557214278735248419952716515949188105931920538712631399358924213337836244535130357780708220488222
446911450807546298278343106549188353182081594077607207138651695591249198819985160560129536949946309463397097955437247566112223881186761364291423149977
1485294049248698090089437859035706738344145007486316641160049872907957537397695506110501310349507775334190339830333450023002301363808868486375485671846
983362619678488604744424282902867809567586737139076746226098603791748163285883491147364386403263002713322141979267975063986063213972378236419174554449
481602949162932942903570722668091173460719913122114653057065099558375005247042954757153312338502675305278907280198196712000566255571946186779800234387
981641925519739117054376916785254828753007368953929185887170130544869738995554294555817454597651032561344353225932285991744932290161394685962882730494
3125445271961834388188188548548746754965662200929337880044991934108007852790541115051445592159622931795614046137366746972516992873701455031184357512251
1059049861329404083204316924905452482278494030072312165532309160744171985222273651293511603953560104272612484600896942467969163689199714945468792256006
2596557361305453639254942204521520794925130219067461268542821032872791922965976262636585884533433598901216697588881662940914727399187448129933564314457
1980446317093205957903604856970898379112683554230265569915097281979060877169730188076874145341094461609166920250061748692716643163865503687680948295981
2814838480169248066231551431180873470935597467180444679492769667022659114926831903107958328823906053774523865221086287491830910435469508006770414060668
1554827695867164638886124405277385687397841051851066869873079219149029409659908837569983797783607743664211679831773460024534389076270031709228263615862
1517864382218850804824159155872277350120012675818818255227418206084433737696789511662808621974144918976177742805105173734339341499597300477569750929350
323857953955002954487960047589366601125149895096004513344987482407619264729021571509007902734779202032750567962097066560358294778094500276902367350294
309064369456365074223469974317007673245041081329414317327484041658125133803361878676663349468776988564009227757941599382782062205416874457571249550446
1008344182978458955293444878647615649183392467646391313402142045120846438270480881260571631125171563937356660378493803202572914954541554774438479195666
2362703060795572744408116017828997579166734019148938952460565352197323364447066255970451969442943714888970005946481608467658291478638819577541053185903
726140145298462403488306729540910456453209394649368982436270083213550216113639986146409073260728181387924888333331265481781508985252875605258869800794
2675219462647764816669197037968113615484364107277499042218111056928173606169461082605867087031709287222503877496207824506066943386306113619729285301943
348603371386505713826261264349455119474665978945900493632416549237686821676717150915022047553149189810246013663676562822953129246369714736848959760267
3213859524291930637086188934450501852856899073556553628446423215095978821386640432159382139090297157651917486030741092855959981922360824281789959422546
2974377963576080528316097471630441651825289062384520074987150526677538232951577444447530560805488286715865805843705149505324412264081647883351052654308
798922691306911105922798157280280931579666400737447296040545362894646392753209634109775042319790575815075273457252094170176985110912438229879980698161
1827038226512089860871953723545958184199194839274246816930988542765684162485675113314419911850630457295643925810691050791512428877657817543040645579570
1999440961248160573243065396057920243386656862574156612987816577448634949031262401909648752263052763189106446140953301488782800725850759841327010006095
94580210163142155254397887968354717774005670142874858855174221428942234625232582415308874704533242701476319815085240582297462034389604524421582248518
588360533337693502518854709964244597835723320975035623520963348877364501007255202010836155948202397630018047646962005936281983994992145558317490332408
3092481079838030312849488323297141137378366099492487895472256526224327173125868911003901280394960856367386655828022731080547938513180211541687805708956
239853167535964815691292915370519175915788854643787078326439329318314674267484274620460852236825816435432565908554994868163725890991971988269686217279
1537170813171956447962772440140752733767111709433602741326035957748609065405521914678872220527751276251986584246660410537267612412569085536552917356987
2122670924516214299790951184262847107399938831880205151681931916493692243942880097751518955197124162204223739400789422474652068100333284502776061881781
1470794426136006029176446530148527495877395681581548163475571508145868545693643861719947809589097181936982036151666779431605488010074920249302872974758
887837544928033952073546982458392282837552978212118312025527338433914025561652017179609530915884546048602351234350771278399160413771307292502146966663
1363831483194270358655460956268713099992693511986612536734888932880908971214586972750293571944384640093599063696098546963898756307068456862224170883036
2068818887899414165991985198255929767151730328803952719230163236091043875683918048948418676894705537610435061691603699378291511977195489755777268161716
1892499077161553565837432172298556423263680822035816471118378569028841593197398823095297065024204821208566892372839992296603264067943502872507024902852
1794147659777002906786224452947516533987914805326458234740799332911615855995209002676807174058536621269639102719977507687530730193017618929464538458301
285175494158386851090205965430406709719102079774738417662667422825922390238511835462486087499673740829366050608931396533553852457418575514834256975381
1788385960937656086332876685631632573662726327909699832781574994266743923204143369322862246145469142979291937711136651242868610562228507039591785091195
2879656660727644819635358070183157593486586211196246045219235692951492904698350335377379284462775839615267403611470430277068560261962099199415572969249
71939736984314200692142723042385303257112787800894588279930824602845090774679325038104622820343251992266045713079863262049671091046960720264131702337
1253469508986577071862104040569465238090775640736132586477045311199419191576164255998016661018525505764876006968300908565541761350672282465747015776105
1398424307446731697742829353987914918733877779681721689974635505111387003362468785283386604561524215071150958079776947034238578028509543834774407548338
2759473212497222981665557775923237951240949579441296686176440450665766281554120094450945115782643539694686011418604452977385367845489022662258859674200
2096585842339445197650194921126927575003083690132663693499782567423110164267106452546993533859156931289321366585595846570430531828838883392569306872942
948261602437473479811190835076989349775418244306916781282862925853003719530681978229062930370479883887738911870241587904085623350736043353821496425621
1340253768743162274628049913808858882641117132186922456615988767875757932690801074662414572393347785364808074846930464714382423762723270958748932176448
415398353757454809194976313759360924962088759325469213238319875422338905571448763027352875032625157365894651770247268366844574798018870587075877840148
1812316377447656353162707048724778578225524907846755798631275343416081862455391576125828809805793306501287177951668146793162575992145883117970283643905
501782435931186656428618738051044200379686852227496009857270678540775729010392084885534722789455607953288250488440824868071286348225612306901118634691
2021179338993232743370420347245564499181529662225461605631484472402042459324568874964980021473314346008232703223422632186674667651548042789719625241038
2398094732256961943440026793874090272324497358320349548357124043687197489411943603123225348279135761280567207469729748501482443817152172036244521517796
2270320848911408745775236217330362039258547941516990926555456311484614575557419056634640730307491724452633699621069970574533073709080474375241625355950
2348404657042022809129143049608586540478333928182872537209506871357936059778412589244444812558680840297770704351362969711389098535461827104407190560228
87123892911778160807684076219652621222067390042169602773046323814998460860508942861721036724173734422510910968649501834212582661397580857854869280642
1680502977923965086468348313136686582543190507777612788466526367360312763593798597780153781979879330730248426218763942856704599740328447408858594609008
2581161590910884556474386315847959934731654096656232420676115941235884448781634590305627851884398501383278903988265322834711732936655317698902776098789
2589679353385631708460873251675156410586628565627884954662990241345030285007070999887990312925447080693579051204146690336520022375481886436565796682984
372511977986936611125355085592720384673748053736483854759180141254449830550321331717547079214475335831654361121605833597214316114729079897461102605036
1537031102597267415303023276450726572723057289900655787064855654170332029973861668587498229275995172874121372159167443674694330891542702357793395714228
650259223128569935003298879728580987015971301918350718706461829182108339555317922109207473701611602239725970118882652261065645537486646718698919275331
2645525167976900671945346249728019109086307308383991999067044184476238839851624247270093228686317622066660649946745499102095649612463927586698423754593
1742989473608606834881499186899902195333279255992838859167523380582209758185668846031962534363083222968422595894411276933380715352122984920872413736156
2228641283783172484073009364479615918446041843786156671421303327713670558107208199066169306513617362638469751164535458348917862024129266675940664225394
1963835344254909179227720215618494475647097768660248487416066969811133285392989604456023106356025482565851265173136049226757890625544586240086055596146
2876992567548934315767249748138607879588696426089934049936783838735002983506828524761264043682260678939186630581910116385296431157302588472499669867231
1742847209961766792832795202204504939010159431859946435154584865642849733983887441565756403028856082961631907415111476791841284782326753189707981453501
912335171662295320046236993782800600280692461326227188547631444139261387699170809663671752380577381105013690968428014731572703285992054194495929610945
1208683508379731689544768372153774049468225394047143918349285695168543937876118667643305053799770855990813924799261979070917187953572167693239632127574
2092602662804678568226355667261287064279988079572451927458084453903107378660690246634095318558917504167766901843512215969481776205238727541009054742105
664627943845083429645607406202431199140125093231338133389397322755824166559187446561065340118880170053410821843749224016200304827429310594286166513372
201298170836287046012763697188381589562138806991188727405607054814748465463165826770920092896895151023456317773141856530452564673995134822485897000860
1961085996200642503002425992643380541057917048217787954597661432364053366780292395412459051730327722697733649093892461146797488930852587818054854473673
1259280664403979411938954080469094129304040279148814901581963431007030169844736079139449973225309038544391766110225144991706803528736479601981550594611
2457273362777831951381450814119008128129564946503341252144295009384854545765195746101681051773094185616867806950572168465900743939122909647850038555290
2496390604144479303442779543750154985238643955496342661522097777921625603924909653282238434521844561580851256591029401208384781549107541242576706067013
598197237120779153107861812132305867624466205333515373787811081583059952126718534932911083345898533997323993472390280840823556621217437410761788617906
2733446245037618452858648743133573908746135774711923426578128769197369884112854748181435076550456620959955096697428198673482617253601355458549608187182
305101482913439882188750835326795084469643981100621497260690991115627431088388529857097009517502606526575046735333235655798510695631039770681488930928
2744335347133311768840025010826565160170268934353681352661613903084339605670456961273860635332298801195103489500395323245022358101704582185377966066782
2979207838197567386347920091231856019600982094685971229303536815823113224258724364553424532550942096711802311024468271096338176287164050515311544577754
3130564794506057579657432457452593479886327859602363288049322239472013273950172339017394505995023288988031871039692568295609483566298246403237489999158
2537901722847014234231479038796683965697659523610091877921261775847660455749786149073291413710718659179263659571753168120717952905002960860186562803579
2150832871724184301875240831521861300375415485404152396226592211102188885785803026344056974982069581405536116397581286705653245858082236674973320758523
2998891975669246648952128421666097757180087427792974518182385486371576336430830927990366917670345063471187844937289391889714735032408823604582847328105
5820829869424959963227440303327908364729167969883943160040513567326235611309271486121305719532408380790083859135660671668485843864782893980861252761
639276631122320256175393800129822555020333223217600680624940920328858643873465610973702162342961193168792717903744900686059300353134852734381520549702
1656989464159887540153790339205845226221678227884142575549192667145867627173944466465864045746441287606297152649594518893547925221109912502629442555394
1010612455113150633777999451150674702523728584327111054584605831574972670281766186662140213750893329134099125020350948355070564625885078131713774142794
1819604448355679631548755158941043991778167209230512867581770480258771436286117264288957027580070090504675201276404625300263007521389288158125131929140
441070091248993816319753497635049949650111108943902513054690650942244154967020585433683938653353998530326749511558419727583267102717655613533197816667
2396298616053954788091391737830690017517607799993230711407750420287563074215170273115943923088524426114352040342829960248546867288341261751079583405602
1138061093906946540352677575639447893921900939951460718826811773744591396728636370934855489543133372845830102352200019080265048695872950316562005856907
22327677799744746897187296579531563293634399712291004031472336776484680423660406256540139764025618857653336067807994504976974607102369014511177007314
2645553160587168263359710385159411275643246269803028274949037431162360608428561009192518856531158902433554273203827823068272431455528087749657756840350
3245408809243454630444521229454280573163700445883917808498142911307414794269489019515148917688874818106893119452434968058203130193874410535890345213895
818102017570081098841526410869665802358481557636308999892510916190005546654523430782628660185738891580943775426495728825780078077106871839723087929557
1327791763378118337393060987292375222194129735807851213456319286615205951835174708825102368540943612032789149213051254776592741591714171718217257046621
1966961217688746173821080851071746099486025926553738293615913295079436460145742903824121914616206076332770108094745881989154320637975272968202449819874
851206176303181257636016524159842675604340391996204453693171711950733339238117876374881450488719828831708730610896637272810531108298578727174648988630
781032726823368463041998687373252791641008984967488588719917599036854175901949464916850005961886864050037599707266038289516906633350681477288763170646
628764188739819872619299428647767649143994948729773529293095375697565541836340756957077910847170009648001969913710588179359846716564115124738502440544
1315088870027745915454800947731520273988187130834641828616526950663932542802736350971573010005734235563233168043895337814291076411433874884034908326320
549364517644562597817357554970595748762219032270137721419069709483603473108981870225248931244692122175696509378938405731395871309866568702841821950151
3009724822563141086771542475967959156286602243005797065850614222214595977803030273781502512357530814950114679771575780243498455766708838009328844643865
2502661615271824640318529712942979797313017123346997982954239790624491193083098955894920483405664723139349826796095614794031646205196297036673981097943
1797710307799535874228898651183758337509846259628446523852420049881227025208186977621787400789850466455691902144456046292685105756162784127223936004996
2556459543818770041880946996294458012601539828655563736173278659346013259618772854770901848846682835006834593844603094387311799133590641840299854104638
1690651710218672199503002743717917836087221966706065564771163119260038454175112824850155249599179501334431710346185715029340890881872167103821290926528
1346545060952048810319520361470612863558735635749121725622514354316205725634767967833113444434164573661142658982406930362167195835099942701273880027936
2692708546536306296474842209668636048053243494273594234218087270709572332623107528812570702944744891079796922867812001545144141178661744172677920269023
265886418438852544513251344734209186575664756642281038946139430672303057098724332840141931717398661986845825044702751925638165649712270485838662239848
2793428129024244198809593768927335318881736022159707474234646802408511468136452835670556073049882446515715818161828747035285254210698049812524170845266
964525438300778231045387929263927523533210676398286997046370430291146795954600483712386002788938618001731374028314512626222305386264795522955085475827
2612930269152375122032978954985401724376249669993923546729342960653973641841314381030223919507729701694106599205742835978380150186577018848734526268355
2793846701378050467247655259055023833829691119849288193301396586401265526812075711419314623902971829207809405615313899359469641466337967156997472673296
169648594080210682460356537950912505685464028829225788973489861851583569811079508572766774086001180535258325500998818598799151526379762568375430629687
3167228912335110384669380832542093690570850124188562090824076034180319485849566359855630972562498570418033659646441982048193478237084306901842343067616
1891424294574397773475465356730301500923461885870241407204280291229237292788585093055612389171026622380621362425526908218965452039865192309529856800556
2631134084791190243520520246580611981531637711476314296718065911187728768584836732179597595571788522942050790754360572765975117162502380994974279223886
925360512123962908877347440886259835837374085766064623820553534157182354457295115401015669318156596450797646330663546355649005009254431493859733369611
2141618181309490344630172746003172449514246549292693957735574533857750882594749160553315482619299812901760314938702928316994255282551234329321302309193
2962088826081676370703322577369237289797454462511775126356524143350147785855949622555320939634294307641655380952847731876489558357384664673199506484488
939789614980566046811185234539860123552548741253563426781434295681895164715842032851660350876891222560265602236890065693946237537245042303963426302956
1527789973927748369223504322270268939603571441360085950968524634496077381936860872088186132275934728572774914215410625378275440731320604619089995146704
1038601006810812979028653271575305806721181666858732293132879241683401460446444634682643573468443464912278153956322506435945887824020608163215500984625
667690518833595642530609586106867241886936527079450520422827224157565277126786655033832510099499294848516553747296044627152787462610817598936166276625
2904981371096463116843515403409239557695431576204263233907578477463540697447642220491367243686263970842839174292487542624080034998327383511488271562282
935419022097863152987142617745407016450071562515270964251907485802873828140087513407001908709059494383040440754391980055464424485404283669191363758411
3233293929478186813142676909616520636776911876859849301088560706056573933329760584883282534191883482563548131570594459786646115824489607109970147456831
1099286211319416278197013722802280765027067357155700222774396731451522644193061651083512390529005228067398758587097553969832701432240854174320394596626
3206849103070324455761901617561683792867873535012256191049851376024437013545214169114302173755207786219515616206126578497539289859362188421050755987346
2053518051058934667739592776345059333395636399887206819371695611140018168133142647947919588441649552538872108387079720117776233712042435402447035220401
1937775481359632618906943101849690830381402213328447260742393589397417182151443213644083039570557675881489576441802478790667182145551948850415914836168
108440551223694166475677615136741442477247362732184708305419601620480811725163226950246982132945418201194600398700200548461353034066067452529726278113
2265461328533514980899469091772435011304482755140616812581199367101013299831344455175841236732142631302463908326563453350997542403976199388736129593999
1940722258605442555810877853129171751008095260910479524039361190705127307596174593210414953991128891702114197059489179934267004547944300795966610980038
360965957568996762016834938510920782797417699712385579332710992489461121797569462681030638446176331397639283144648171653701159993407597669409691825568
2433866320016397688759644514835081839492227689084639182879500426468343437977685301352767917275179711188886270983950880459398933572155409742403074414134
1072212269444475346882400308307235939986403868662142526919622119458933549727672518698673628820960091220317554273132063153719253527694082869982447967295
2958933375309443318279200099857351217109448004466081757665946900736079400926563451211398733043644761065172045458839513798119536191758719209173991499
2087371738431217244272601877639386014088212270569493698259990959156295267322145627494665955861295309568659667581653700485883953517170808159556766922071
3187158830760630758290236853227024325591244147994167147473161453409192081497339117958337279825911396497287730738739630996315428924355439492388121624726
2428583475454209868808310734138419680156173486936085817790947062574492371657190113362960202058323496048173740493163192545223931521803298042684678352602
996860049943474527787588906450013922929355160172527129699655176762499255329726805509456953075939598473708881573031785103574211031217607336524695738757
1609443735416975330416625480830392098308794566215600257150305766147676414682233480014234049829685755804684471667752928372948265646362793511748211279424
296961392328163787443177408242424089153354418409098298434390172738011717287800453390833864381283853346358785160544350538361751282873772364663379437575
1500375654909606643992780492251192194045847519878142260332231198009108430856319437663521158059540099658411500270123386568266042676666041242880802663192
371879350752762025952917232523619158116163560697341703935843471020505494130226594163859588652133280228229050478422992023024017995678414877142223585724
2559308938237487251204613673253762764091297709037761159382905803275284799868458272549678190215567836639818607965466248924885378420724750686464802322412
1427916622245816239322273786806085471506944280284610112857365012277321090834975219787348427738473469579675617624829952399282051862154370368351283631852
1332839111919656090504471860124013537940727374839478100552986706121770379022728778946097082796058096720929240007250544791444813231199070480919310979218
2845471227922040417649216317319406771318558415189338657243251164514057759435243648427958319595366747556031237426051218612948987346060951540314563889920
2373805940880395768070498288460256743710308809921314785210881898302498435337242044518235047225947168414532947976886861460476682157104765546141917058267
313514696791036647057067818858671435334409459066788690845851956128722089604808974652968959337856272329315078386589110105939943763713343827564454914721
2914921626144633628184136876529680025346691733042540215436793863723874855354336672726937173169532344866474115433581799725066577787630461508796379026013
622081977533581008593500061254634105266777773497182535188008773312110283044554693846739708505521066894391187727184665991671602914647375851103855072203
3041975896544791993609597317386733804779615695537222381628845497297460055000773247091715409125354531219499970926596497898342505185430254780588963178578
1300905373934765305570422238008058467065568447136856587189843781478854108800739517290184352325761226350907654206011659461001101684329473611040703793158
1599863006723391955446678661518361590763206116085624109315261654702840280607459034303842608314488136112694365359488461801570998365891732581822006099921
2235163438533416916890596646072748452084948240794802902627513206085359277101942621404493462490656175402787435859964836893861702208813628772286710131364
175266074127047488372497545856179144480842059597567046977044922383212702224383553430088103597929814483131973517993496798131816839191385526507526094790
160917709099376728719431731665863758446339016695159153171419054271013094677906834322629168581728168298889507140585340152525031906247430941601848760619
2507885783142546692459421882441113716178212693160468020153151521841198771202938454117326709218499639485866663901994633511140482237932475586658848732710
1088840597948886607349791141277948598172167371702914931924677401611324588305792000512063900912069944442623178285990117548410887700749368200955112410995
285960260115548052459073748864915972465546281857630970089939338124851818726424260928478028849281723515382842956298939747218690655220821197899426394361
3094686417901875842635511468761570911173076473594170820043755253458546860617693318132131221937423276731329729039315685705207859615605044557545522204634
1113870938415758393220800094051631159370429120323249309470271006216828619807253275094853208517976461367263056722843209794265916845359418962839169770079
2633509402957801293915488441793774246609280613137021976379418477627496854446179121770261947439390266400521599469600068723979302448429890756273278070973
1825584624007215292157954624370823108003498255917204365647197622772908852738709152726326567700193191697984296654503917441120190567041227819975748286061
1890340468132697396741488946751529010104976609653180681753113485506860801394109148439709596822289560116844184467544990555703037778431066642250932039813
1765060194770906425820343402693109818481061316767904491012281237159488872869252137884083397548803130718775501801162490001907563503938092506783101848909
484318147518895700159157382432247805981007790942319845653004743883393246429410485570543274130399095095089604799090153632040261287472802262388748351960
2457684794008744098507996502112617828679134924313116884123838198406983357599118334777965267715333804936450771389882617536473956909778024946246069647828
1714035285729904230730588480548349593443541020128475383400686627517396249641610659418373841919612244838286437531038168389543944180426063973254414700201
2049013966466949785460464198012115141250449114946643172547750294595379247610081898049313211860842207653228150312078852268713805236392498748481650483932
214833501669046311758247978138079706670864798264927749364075496533268380716568963845101123189686064174693127590505166932798706780532254338142884279350
208043749091814787833248789095110317762240124778955694897622194273382070343398683446721140673770295265123010633788743154973253515355745272594177108971
2684092242766614460846153282599729784514169628050825855911416182041561087596727389151398831718705594220836486475055900900659832133745713906778225253195
2473160798258399059798015941651349034523659724635988234085511164346700839687654028139020223565294674718810592271740274477157535381357621108773653054289
404316751125353609860868379990403929155033026994325930585117866742194704802528246148325367681001539508651292533057273255617173192355040796574344075870
2216377847870133724437456713510666621720199183128442280934326542150713602181073244458726805280400569512625561601354268346179297245219197001236953470740
2278781300831033118294831129186414304840771036029824303388386108441176444512551380081841931072170264879281829697560997754903725197155182858858497017600
1076378177632701942217534839191840366336186546489430160698283272807915738236739531309884787243363535800393364285909610513697252886300100547522976775287
2696625177026068354662488683668907487189790910583971624976024844989406529085305917787125179211317135699250460274631390535823594520123733196532420320289
1942503965784776425757810686565352023308306103191744614398631209745135317584863057155822798409406228272055390165654952342769634919825686808842549162184
1153385408043524818837355807596651933348340725358606309047800230942221936279989198719576828846202562068953407153418386819403274387073784075622502343975
1541851665031303300984288617132009562372245580646855763318050403106273305783160450106519505791427854141568917018666244778190597851781688729926962211534
3195038077301786229491876595499007363889361699682877219210694355804324628921630727194729091455304260935883806045551134664499664475912048157884627067519
343675313411817886876295685896388847951381802692843536345864214716534180599073159277578748946213732720055297343604567969527712558458989478690836212445
1697207622812809113213911576586095020905666583274942252682355320110133146081779856802431093815959138431967121430909685831489464257203234583260481340686
2185201549525337115007143716699738458723861483483158457951898643986090929464852189519771806243439551089085048697373583513827970252993504336004926257025
2360066374538466855433843079209012838830527263882145860330276481542638443440944473587458007759946447767254326313663939722126499156643032305676137034301
2432113055789465572974439331264715917881073047599301956943955623874014189194577749454756977997532708376530764929412614555006114797664728857834043568065
306778480122482204502677551958787108029207478055646337712859645463804628759855354508276724500792208109616386154761418146133017833486748967640617763553
1718570097730955336301857122564752624337951486571990535538536784076637909988576431867233872212215143815394460540254923865030797818525278428635874545849
3073668339233009794260620080500021373528042769478340495744002003743455778805698093547172005656059333127726097639018517813416981626640083581246082083576
770753030728505247091463155425199556797183954037188193179735709885944709284001347673425407945621440615611840940318692574169302338796449934515330948181
2773593584278898555066717331490230534325310064791779365589938321377542990988547225844170017951368766294509366521394121179022560290303260645576640051452
1923329469706015978949719401732599570820821761035174183665954964418708791194717924299219546073435173981420512132812453487904279347023611409765669758652
1752319861785715616346232322866751665096230951860229164175677560923687323092702154628974346522128398907433951964047386239082472441651828605116569080257
2210548736591412163560018916386943997850357482361307813069106832459203647979969278591958153176420495519535622896506165520949778928612909396107887595125
1207093971574595427920755003141658854751041152980512982291010003643824373459724543741170137028602850810710926222334423707693679409271995154701849622165
1368645515588448620972968369911647657885460174711217006535008037787233378533648163421239856682481600501337026095945422527896443227446463775305685243934
571789013137225850207230170933453457577572809268452644050161997698733725569774994152870759360608190853978983529384720336514833594273546976856267693189
819107292711526094507947010570372050816271552741874575927937277888473649125319707752019219486742216122987046163265374306189894819486731763385915136343
986459918035246027862400098425368344336401812649611023959280017601050696717513425449056911950689726806235585245957749001902001462155786317995291187774
1941281982143507556302797837126454777510644459071657050213758681408649116284358774198675454594166893362545549972123985801075581722256371692767705728727
1994000487441342170794475679161003170862403201345449762798923648913607681854065532921606949216692651592432870760774002998977411607295077615499861854682
254148028611051053015273003725462548891414682608152002841914335991540623940974217166694934448020524023719836878817342044715134601164070506929842638446
1347855232070290695415774715111531140102903060833219164567318901263087128512100916384808762093595392198788275276564899606583022253509048257224127927697
1357381460078779459294327043001415944825805914708775009636322437456054574597387534213016973608804791373407792572909578831166365012405049357211609632686
388711710754079095597451006051041600834296623452990786661190066562525791182451175498286904809619456589134090228140490601345210490997127305037697309823
2071755786053989720646044679858352931237468924026005148826351269723883623596030246799062558660505585155029447109291194308090363686514149815793641001173
44277092455649097249437832261029219604723011333441046502940005962210031762941989389883114690509324589757022625888804626159490723434130059141575263277
2298726490908032956425912352149490132445828003565607029592948561378236725164666482472967944545035594691795591720387048192481202866635729617712691087694
794259558512093366322623121195385586926743786536350644827100081625123898550918638553089666560833297953813511575980342106340436557005151527950932407205
2373989082930128153803412952723199224459397750489548404865748106327201752059601282320393720259712775868372039937723862546217868711074379985728162232474
1278756088553036118923658214540573364448451527157183633264541941407725269564054652904943693103498304074159417748586156849776825394405722948746889485246
2620978829875741678858622545844528856615954426476637060846862978627480829623948051202675284307054167115582189026635191306255559511180195164810750057225
2444310778719014968241724396913494381225044471863697911134953115432358477715283306953493091753953490997578435777842894602688607218898283932144919282808
