3600
~
70
~
2
~
231237595706463751940
1087694926735765251340
951565951348794969527
446638713057758554268
470692277234267961953
1062525702713560760387
779705824820117055829
444755382929856762707
1129299503501672131192
404066265056272035209
84876524883683168811
851552159857163278771
517910482585922372845
454713146686060902922
82919548248841268044
1075510888185820036306
651951960707260769788
305095370065353007230
1043977052482137005485
153126888596949009890
824214805019600600705
389271055853721049137
220477700050063026403
489234277045914054584
559610051751348834377
98167016504248509515
865337311591720257205
21983517315637609783
261213268446873539539
334889233159365385784
795253903126820204899
46851802554694296796
146341729764387741441
611896727451850634752
746370217395354466104
707956022989167809492
321349803774233527627
114224783639723385806
742038680005556586303
783046718264618717136
147066702364653907630
218795425574893723725
1155907878170354508871
1125303027972562812924
1140831707127572139450
1080355011340414895579
1002091701430635805131
278902175851700337667
76036949351999337413
15283318792319487609
208623518961598431798
819931159887470225462
647700936678221340931
789791300830301130325
576558393675255280300
1073338671995986082706
885011857356842355175
366424586807352806596
325160952107987324929
684844736031359632213
257816308283437738661
939144801419553660749
1101275827090425431303
176187352582033003260
355484645047728416852
1028655276108117690721
1007495539527611638133
153099071571999723425
780450866636880645202
840081477643641250839
