3600
~
40
~
2
~
520713089533
90376816951
413808261285
51661370096
61104586170
374486831488
505133761242
302690955891
239817396729
224703072259
433245592283
918900693309
572388853482
187733643779
438334367468
169946098607
1094120205786
516972729466
391535396439
574253922698
1088229833207
987495252727
540120629668
87646157625
988005247125
330423069233
970625988258
440767866212
678701610738
593889498067
243113508802
108695199430
9423957168
684119163943
901676351194
695883886476
142181404957
757881178070
303618324442
675855700674
