3600
~
200
~
2
~
1539091566274052373872383958094932452904428060342846586562586
376817198570182289230099294163956505401371168197224168780061
645366812083085909362777830580579545348978743314858543299080
1325855390708782518701873944450478147547798164784527912266176
1148403150820702461334507005157758649050535104716229208649983
420472259800014682352234665289182025998020653885841717221760
1230118748560435969339502512312359454335582552272577095208538
1150595375301264905394379883634800131709889990338502834004867
1576714028405838215444146532436814054142433708215541616919104
591421508774659302456854630518385656330165927652154010730080
832526501498384776372384537598820754567978867105032290675986
1205017247930256147117021356429950195679386926076537121537351
1514249560350068213457274144698377698350335429023686944749501
743582451002478705116243061278061910420922414392028893616357
624609868037771775955955283498608092154561754726186748202214
1242063881520339981455191333720082107124138547145078414922747
894309055538030262409761598478349021590168657390120362114148
950187873939449882517328331543048789132836264122798160403994
28717849694767387501785823640280201599946539932281910530577
183307144942480163632638165803798389247337482290464570471985
1327216853244663201022837764871736649218730416600391224100808
37101708916196032047824723115802830400028005395819943114034
1131438482471422033030815016774596016705605070596493030995802
610511263066044733839423710290334630045653013936841914441350
641651956158426061509491882934876170542410862970503229375113
540664485189973914930893549019091318699998763885061439504920
287236335778080984384306193050337239496395629411097403953986
1072915901169387858147882764142510183153988100369034049269598
1347767449906452288199059705124854165331107729087917741659174
478816167999001823962063508466627669497167658270045530636881
1127519347160681614986229065432015993360047999854543169080987
794870419132593366751802550972870720655940372875308274458721
1055860559307263908134021240932285651541930103009490005211339
259131115476404924237220013594009179539097068491544763290492
516739972211699773041189340830839648020060155201200569071007
1401375140775751123001888914454071080878595199679277482650312
785798803037956697567684570629555182611008390565826876864101
610410072766262658226959229201072390272966092161009807032562
1171696763980866576754134725859615078108605044626720785490789
982414031849447900885811432277031190014054219341113239610819
1352297258076648037484117690922810865934919977518053794307030
479554554501637384181049882897279982550692666569441314724708
1577910514020744974220133529489016865692081292292226033070183
819210220756880794373622792823174404544911225916382823419884
1183022181644922178888492326089569790943796789555393160248498
1365583427529520836386287386094165331782360479445883622741748
1365528250035310111712894878219364452895786979206252610286718
1542598032195688799639267776991387684928110588493870652727551
1417575544995608868765864740103450319724676736179950331929393
575446786843501013380025197235407134006328041610266840333249
645982363302681696913789925159243499110360095977669311307306
468699638561168946996471464128858297870608794336058543031873
1431308883039996712252858561641524341478594063007129276955584
272510867631810524141270800967181929383530436111459191123928
234633639756210560812949525181333026171984720020239435916948
582765414449425857451233878121131348334321014226454249242225
444919109035233332295672434367729797289083736761866886660765
969887566968768995584164300706553182469498931339167925154761
544376457244778247891882635828959068988347935426823069155648
210978568149865365131330975915899952131881584644155494896518
1493712901088379972969387234338294623939696209044700448406677
1478403325314137796570372847233165598702088178948338951770783
1218468824385056077050808389524808785817652449990014175498608
1580044816824019845854391760835884960814084436072069780882260
586635750242737420239441688603024059077645481411914053065128
1161697999295738307013696703102293337512627729443715673247263
1112773916113645066518571335538917020692641253735047221289206
511213092415516585248490344245728998426348215413076914306716
369487825847646755823309281051502971111323786628068706209342
416768990925340076017178215625925486914747878324322947337232
652443134925489446401160384958327924946220359679488659843035
1524957522758428636887696100963298998939697772484406695070030
1137467440682866823625353815173238007133262341799677756684147
465873121731241377894689589879535174692068143821783010818273
1101120792929870357423104740659414616973792223313230184985097
414839032124582724333593644135786683560539646392147201539287
1529208069107626227508540135821722003659153893330029998205968
1548608852084851665573333375340863075419953292504766534778478
989193060871465483091122901478065811014730269403761088632265
900118915640701293131990032208568750704735231209412232477352
1283863896905790650293543129624481822445912045283490955169868
1253063237403531443617292521477625301380490259419463504955075
90369499029319760503716890078077825954584782604684941428998
1299929621542059258963691010521646177257333019944249746010605
580645639413783329146021776142560682278031291317513851158816
137817094240227555566188365904982511985912282749708220159688
1133699797904650519929501209718774129608758007876928897806565
371597355031261168697901914695679300078057265998376286426334
843360173462615885292402177149886165369567348592480129759892
1491278842119105754015970553077645271337953118897955868701919
748346818636571403058053394836733913637751093383875830602502
583485023270030686902066179887793494568807181504409636136534
465329647405926079610580647085191917140071422145431092901968
1474776204418805241825549748477661031930288767694006769724979
648603894865846125991473321490300145358193030688719760222198
1474501583956041510061771978564238920883830237611431704603152
574003776357663483029746810005024051896838457059164694903085
1026752496203428718998013045618799989602657241692665551668086
763542984648296556201463956710614532522293871344008483312815
1604078906353859091277431402874104427041102143446950083151558
1481496150745165551214991593684684383372231998277426379129381
1277994912761982959342477215532682909275599425464024942178207
112910922757880268417424123190258143182631549699551080587212
803576250367500122927497033456140020562661521038163148029817
1118045042518766315159336068623816189843367966071436611260021
1149369869163830841263853024419620716374984279489958112065660
886964786500757174901729762703738914634726661762235710305441
446988208266978934444632715916136765592364607884654409823255
1197685874626797129467659632358392558436923036149612883517421
33247358155759692933756658416497977174322282611828848763693
1511114103296098038092946275918140887585323898349245145170933
1600928317753539698172438097691464258561867561356991508549980
170956054988158401387950489033206018148691856683257501592374
361239611514170980283929705755921238025957590759523609141411
443158721649781895029136123253430863843010549211868608952961
425424786460073761046877965479402629697630820977845532028516
782252266215929885900254328723672281968276578643769240557016
625960816306554979945574747451365791127116063723883289322139
492555172584901992120939314331462207428056060989552493033618
273385317253653130105735257803419638113744585715517453537410
1027772056816617161590316900852368582637028410127901495984929
1317493107872247309630034722297905528691557750863741370801075
442049245247830828911877627368920939874676493673209972918345
928323737416214313827946251306956674438045152317528950669186
763491297803608936072143525622347014629222498361804586492349
1085842933446495919466140839115089581427364953307235222776529
142454320672844724829536177593970806393711859764555648458633
181518588298525611550268859506160795376149811586594496803744
1537917634268036555261284759567483057142721109322346120335804
246717033737766158401897383464363127832278239787578732619401
530439691052141988611886352269585369110695947964316729158191
929415493321673964019610645947056925972714240778369239545722
825057350713775660353812066451674401398940881649637496760348
586351876893584597081861769964226376587767414445157948686192
197180067307265711903281192603888791820115982774959645993791
1028050631600159133726324620118582072378448067029049009511835
1548189189118667551516974354079561844664949967986680937081485
287065331414365544074949597122926834588254359346099704012135
518903619653168921170534933411387695066485005073618610062756
666506225984851353371800537023792400752001893023127241178723
299839446962110036369078534238103754193111680950390913221393
884142942731114641452116649994940625097910156405832460245619
227607718708022208041434827490428519288817835784138491274113
226941077048343185486706331027842526802936840059819648385082
338525104111125533839563963469980724517332398989963796519981
1132202430609317207109199064075340244635726399226525004181351
958101418519895354074102646096990194570009244859141061873574
786222472589042520265630619149992892293818801431916664701003
1573650371686188311792638642144936165145736212737841155428582
1424100844825450425327851400643620562066673862714510644515436
464436730400592406701754765186109235280119121812787116777651
1112013442162653874064850333338158334805495420260633601218051
336841365511911459164477146376468457432437500605382514912729
400879937419738249669396011793954082349931201512096970446664
905149247433776678829254533408816850830188829210364684883768
926322039234120403135342782886323730575935109485787348298839
119875018478922999107776852545698878991297033818500970423229
528509602072471984181436833297189527714276924366673258203268
1032121453401534019911907232056401057074739144330660129440541
271340239557871929839787580758967587990820253045952490112149
270205980561566951129153749958939654886688589049188068968326
1491265905377654898224119722363694668578267647200301768683593
733969104212399810851443561721480875161621563720346682812153
476874377050879631814363585001879515443358603930543010750369
1494604227454977376826734807612312453643320417394274153643929
81988056303772081740754885365131745522628553895344946773170
1191663286299631474833599812166145033005641086016145525693178
1302957775801752869839303980111985716037288696216091573507527
271967044079313368276804864397964842018674269302177272887872
884032513879481294689599727108350563445389102662967489251732
371666303026849475045719707587265771732670176993570790176738
352331206833580854106042583000134001790112063037402117800666
1174606638316486928420116249756525459188703320758449266459473
819173414754842219677254427637921959562498240276803632097124
1434532777307513525954901633302727393926748482240415990129026
322102170657342795345501780538568668504526810467341762674664
784949225731283905763000871951461867109553558308121552886442
814343738544715632986945523397073134551685310448121044513306
1284003018808192779771042901344336609229968052189138877551067
551183670715423783922261952853852683950755458420713373783749
150818698461445855426587207428979581617120262321103803319704
1202020477324524386165188199313295017143557732421350850757767
1396008685372253907823676027215355756038933942236505920911453
993557142396306079030940329562546894846323206201041646001901
496887998154463381855895349656102728772891000671912915067927
1227453089585125117973244079293447736556130233632783058391741
1422089251795349514120979819139420676067371237989050292546754
1573614965066056323993424777466841283364366204755210289502090
725056478299169569573298469547033703525473496761860500008081
1423417251127534163243466718186026518499818152639712283537522
378402848071587857239424977827751603437205719799965798328429
438870505032884561395706317829631227144784901728603613351876
1244357421787097924709716173426662228382598699598173054057089
939722874640269237007084879890351556797348816507433178068649
505710748175973843720155262993168960435339967901403811916283
1213646703018531338040684305870672120157112996118812108908271
1450536853793970694105901518375949333008346346296960131285368
1112026401952920068235835957340865472742350710014097337935103
839296207313053753369582942891305267609452368055606903368958
362681047456762755329670946986902374392893586595434764901594
