3600
~
300
~
2
~
1505962824287104883809685161856604173882325672974820865505410722555320923988531960435600078
747606793118750533588781420622754918877875712472760157538105241233497733511381212744351687
2008827224250224083334520967174020573998784189195019434128833307242379251813581305939029534
71722714314131758972956563503193238174727189053433962923084066825111718092767822322262007
1336794576499560724417551794093610507746124888125017262390361589614311594733391929043867138
134814451605809870655531773518348188030795660294260473975577583368790457518866542697703153
1882203011186206914682498776888160175356964240026330561856560571849085740913022756650187738
970620475940469298237623534507408682893859098813776660527646907127115819753100941269285169
775467939974101713848773644137682390925931173582292446325521895906754229814140947552076374
1697670344453380844434615383787158869323117466275372404322944782557641138500125133823413152
1620893048288450997422535738984327616707294213322264261497538809787450965511399052622077064
876554618583787074186758915947603963173123397802591558107391242288042117613273402956440401
1290689912542761420081557252191447534294751425852371360831860500036838956466064024108816362
1941669795994046998172874834495757099877052088011866203366666572233366674005921246288825233
1392394927641372424293566399216876087738984549226129953165789443722311311624008558138058197
1651359120663644173417188191464799090363322054240978535607243271222292784642798316340725005
563000985740635891620160269266568628145607826110878122150128819948901131047006072977296856
1421940325884343446740768743440369307739985510235898011937695605845045454151072290879055205
1785746640501002273392714233522283218876226736068943596000893834180686439700377271363442084
818034537504344968055074353522111602807401616303560637942094920171119857524705230673779955
1081795164260986991940653517982011911020843441969708098886245584941946874388128509994014771
1231326359436237032020487484349532382265881903113912220141761173741731457624963590366692525
1306844609067761751436824186471007659388402696485767227499618191142488691945548398401739135
295858676343647726071603248949653750968592906870087937962325206649197209167052497293636136
461167839174575088304361977159593535918070281927563021468358194940975866376545099917326330
743920052198973659546683855008811660155923873297147805224045794412186991077511235711172589
1288692711152021330918605072888547652023043062681172446272761619582027758873726901685527639
380778570772032511284010881156461410017348280670823666993779203308167741469117493535736278
1213147414370402478028499094675180980864574163084202914996891296379068090119210448071570600
648604253060219637978944371665956198289930047729167643589038872479967114138516360747739554
623866724160829204747758690491430534768989072594195260431960792026113709802784776915793824
855844516861399490879623588909601010858139463784885623460536825251399313026375200664632277
133455475508416646187879876163332171235808482168568631136663594876742276892437545756342341
399672271061556425840292665840313870156859243316510385605569376438121965084378852700721416
449573128314653025192679771543719391827096718900305141181285716407638889396268666734347525
1753813531751148333611893683502449970854198718785407724674323884025550922764285911579053603
697776348924762684559228075056277572824352725509050470247565455886470185024211779987929789
1239460905549966315830101106177439322749619226079151889628373213460014413826303244392557289
221288874200314192821456855310709908687012175073938024486483010949464270353487513979472160
630759206917288682668605990897917741089569238611645651273784982991582994311890657278658433
1801832126623871118588297972943231605787382482531050804254903441118366971638280570071016249
1517341719910413316562366301238722042110388718366412923319084058222583326845645558163244631
1293950518689643497764241775440806015062980837811641133014952268043828834725414112093203842
449725469616997036400601203327571734280638931132954211923235424910783046913565737154549380
412919284445164658241064352173870956251105707645094987723457180146430454772555333281637928
1043712726690940192063071334810182480274363304776126739476926936601627086489506078264920266
48729974934613381683986721236024127190566071939864876217107653940993810068293021119654564
180794831398489379222370012892360999529111840567398566154281097723692192152774736574010966
1561451574008772500697471946418019864379872687713185987356061081657511228838888171972956623
97643435459383428062463335979974693931548504523668672155318341158469712891319873086856079
425452716136904016885446195472926874009504279538959538151651365594394842723822877749343385
1499293163422831911316576663869751985305599931158355733352217090209203491127401320339002254
1263233080366778373976653578026476642999186596926846870993380432561796536385448575661773404
1787718383077866908340847872382038660402771991204075087840230238308736465374384974934637954
662609005886086424677164707417554791003757489842235150526050227940564496994049535056399876
1037923688676213549625487037979240664690341594744805648078392230492352989993068179795797172
1114136061930878451215311617401841372122546235949590402143152825189802685600231158534037128
677510359276807319015749275238103335361880598223462025123943203582090404041160419079861327
1636992541938218928851239833327703856306778380530661287503810962879914679846117892293443103
349339903690705119421306385653610524726388502705866425151177890763877722119577475055749390
1979296830123828011591030852157732852901517557999057845721627047165403376312282015025982216
1139801572199066535253077222690412012856654808641026109557916348427930563916293416859671038
1506434282326436772770871759688982634669709926078585110097354238984770755119497485376512508
1828643830922464599788247653229999040977910713504371241154453467805887165752000930154101587
2030972777650584155979334550430156060917529380719860648898348308365746989721302213631394377
275550713236615797919107394319030218193752507568922280857716871325859213258199029451744466
601211377417888751434405216603038852309170580386761221297794599120444010078791669225006592
909046705280881296167554879295660910314986572987020768915965892038861415844928398373067870
937322179802502583039648854879810211740334599540314671576368441277353930516499010785432516
1372108846703124402974353027225107681195154374284145791991081749470150991352142522166543205
1728319256193772341716127947891240402553434102516300927584480013239246429681280446783373857
249574944588477600698911645844361159534011105091028969541023759595844460206650042334076999
466118416890746665512716039011300640657320534636087929649423257256463612094951194899926192
959813127538473274003684908764975252422993564231123995310795613234906099609536030568675533
1369212275991295210139653653482570950481477895603854066307509059909443324057769714048411983
535972396308496679327375035448296504006007191310628890904839018222974634857096146392490908
679321732054643996029052732119061938841175937989289468752906428251382962082587170983465142
1845435974343440394356421931649226488209434703529145705710517734040060493994591678453002862
614052282790281656566297074136059047804006120729865121125468494686411933556861791285267666
294825218922156980278023074835638420144362262884861974750307375517592120269425945449290436
1564124339893936529996462141617310048960421654422334574648480389709561418230840989810447934
58152241240936641514653409088328235704617605534531727923973391041675334563563994501473314
1921514474600866526959730508314081791952497274408061534360488725596014186512064529365082328
539477521250025592188531981553057968005331694169751018374098532094799105040598999728382488
1586593619343081195115889637570980409945097356907723639492619081134471730976821460783970242
1305772845546746860631581809718303852417486447924216573663230837557717380448848858443353680
603998907689281717816285778345322316588756848090453325132862025213237874513894326964235942
1060666978631165085984252919273793132113181165429855948406245422410252031904896370692276332
913849256542129066006079091438068582921802044803849152381056230977775415272594523159315942
78682482638614206466532977381555987086154232514093938006669002360443267324681845124948334
1923907454508512991978560448638076703443367557770083731490692987852509229445759881317595603
1411451687851606989910748744941602475106997962924766615150560599398604437880489557281207723
1019136604250587823930679982269724207545069729681837562021634964483750833268872859512140070
793390289419138822149297258668753985591790730530202201978075653621079075852050082190539535
1619850105791838764779954970256807645940828379886568200162370881032108363770486731242656134
1959231756585200375999379353158603674632547598397705996350805111262038348825955697757137441
573640545423879135123614877479441988789864717214952509652419571349191567228629483265808231
734975187671582861048577285640339547406244633571072961244559277605076375944236842893207081
865682326472070934084346833507731299472339040587262162334055533897153182157820358808322805
1210386807915524932960925810486327127024923762079061994998691947484438026949938690377308947
1884714436918324487087019319524580014706617224255413909628182717246198139160104519425491585
1277203691191418031135896813004097892646179187739630164668322313565618045443319443277686698
2035285424529691996803267943991164303032323930372594864387386071054634991146250068526665409
29120475626728301897348855754388938317961652952162599198418629411982295489167822984092645
1292553019557202037029759845101386430349957583271609552152141126073902069023494646081650149
679900687775508359252674310191292956502495435531932209690195682112469015511277519537167173
185597095103813995003113249892132294376675902159655672257261112932358809856995092971225978
1301236628629996215551959959887036623588707435686242259242854683951138415110598372382453782
48047670659134945848970768484156811532229599467769505055581675823368454217719771408496431
1760340841931809744672809311750457677642710377754598662527464432131780804382619656872936365
795004223845159402352388869947844365843800829525709616441859989503755305004726844659006250
1632459005870898669862476907035638263728099416274465265535727029145573826551625078577378370
1381612124651855722068274551700086951062953427899429469888322044866207993847577765205369776
1151709879339615067500385861958249632965929060296467248973413181586373611887441809558661369
1141743823812419956296293853718261917983255524587534331696542431365623129743731525241776786
1303036086960785422036484651916085969493417040199066758297333223655397031074650612792569299
407995759340754362179640307688119292256892563277724695417222797989487511522819575120336320
808142044253304965378781621880257555904396443340205249607246226981040228092854056815441814
684435002761132714350861551818539805631520340705907262708971357371401957449965534271175921
241646664253512969634544185763620867546600326729758293716373153098661773347861694769573906
462377123795658128732139985578261621399880949672607677822376523233245854359966345445897103
274506675783967506111871979062563029526965559490864620098868519314176927995418472719780784
1232627410520243783485262161794277338552248918799678388553182775231926425569078009719208456
1182819048956216455890301269637684126821250171470628577775511569677321051670543509596663703
740117189478206266749956077226157694760072924966269602942038572439532617446835124085484487
696089453889784433191253847900736423493035867717285454601919055986680520681912575900471279
67051838725465936541694316314290990485617956727767473667736778023592421961182897181269284
1074690270667760612463555986715092530332869262591369169701737290192701551339023563278574740
655826868714077578501133187405421047814699421963396405784425266568681197126380086703879689
683949057678247192181300897930598290147815240089264077484730335306376369885043161675075837
1243878224089727941218832851488769019884183859772039084684114915619161352974760762791709317
776629388482534794501535284706987597679585325263952726640197944296818614139337731310943197
322977188263509890441973972357145522471098705005588234946868114557442388658356967507858562
1596075778364137231822284656986230107906954426830443847144955116231027416763222526850509081
1107078730756628069761269581229947276120990147899366236068294587573089896741921540505833840
641622729577913802147185587140834655036132674113247521946391449598724982755407278222388013
534622785924606505531349829333736024069039453796473641421805789177436378716463857544518397
1524522473881192691502482276059313995975998377033609847838843414916006816938582463633659657
640259655822911189516002354288020999798593273010842701073513891231364928680295794235061094
1051788062740582794343281579529909325186105462479076026309194611013872006610801281028273594
1461128298275943860559008274877002898065223223429450025469036521634506503138605209981518199
1633239230530196032359918291637135704454749785796151858643202832894489224873347352525071193
1833827661663907553104827066544446841485548891548205951230979156890858591217775641342818043
1586977194784347112018941956108264593557156731072044200128706537479589127552935387789992989
1797275556936618706089862916889146621217123652496757621449854692009165054308316702778297920
1065866595778431914054141183786903133917968461547224174910376109898498442255567988226259183
944962007999237057650025648402337002434987953300565113189621651412024597769131891683172113
1957627638359069511601124869483176685312678634274653678707301208361012820473252416360978865
1208867366007861436339051345783802655460479911254161957763701400886151490523513974952355560
1929723128056193896412160580017976598630457687530445735005789046421308784265573526520817391
837615381903903261303424189955951841274353789548240526536959474973219391202751858180945792
822502159083275730819993820087855547224669024601324418070078303902711713547647652563291346
1469196934809366298186352511379123168654232047441420036808904088766915643524014894537160639
1567149488049297638800365583173191833859549022664391687876572650929901849298801366915261133
1699914348401870606734295198878743322912731735807573138874729739593191613492724890251259442
443480747454099080187271313485666649090288843926695356589580707298653812352619077052336620
1019579132193011355186296155869069779325802272871043784860549880938456956498823840618036616
170320082910183613077962600565358510943679381350604409270844905440492065588383646486209769
1978817366377278274468449221432116270259748516420119906840823675904972448533975483863949931
111619117697001978876637886210891831384546898996010840755512546472609205193613603377077697
507040438960522124007099954416950720538302948192090787816177464793999870069347695502138528
234796551727086614561906254696413168010992095294818452071306660808649280038620785059567960
620320812595194656371997313412562320530379868189166593624609795492954607798386731486625995
1004055962014247089700985857633675780901913458729197255523036751891835447316448177845763046
771463544465068832801843150461094909745251239719772288394601191519372645700096941758226710
124190862802167122880920411064187217434764942761473113210077890960425123078957360201046964
1601678390959185388395546459811222582496735601640521639874332916477618266656696698527328400
503049590947822315414496473199297563065789246043997277233188045199231212115778746624428115
312287741468346981247792160247902196837278617993785666589855975889844062560746920939603251
1606573446495209349654000118670720481408256915790080461382031312559339649099687541419141856
1937097840989722076618506652180816515572761688896675563901937772230926501240158979316450726
872278646538232271960884298987123885895820745364624086222969609651206071838564258737565743
951795285933738174776127783146560377211342480543900603265665384847607646958468186103822450
580427938890476279790606883125426136107745942352668025907938692660866606396973533652160817
1143629243063875431211472734454823209846311266155537111401410553080028699743607802753847401
1058662308349504321165655895427564268852185002848793013799973473930381664035733103750986527
1883210293134296139995194518339633277108973323981843033419067698077193980207495390796576250
323003792392041007851960593157313458131207549725263477615697087000204448685856981985180389
31310206426001818854205814305990461464736857235882874149095595499705916427047057892291816
690858345192388094627274112265303998193189871379515871738742025767098700140112880275713897
660128798114529181204981184229982736147031432974830384829728757485738115079632400100342159
584691350158735580208234562154628304091717874697845701680546142953647695157291477363027304
1251075659568558214967386492527034170257400201553937741336553267298154440633932010941965016
575159403068759101946091721937021853607771674714390045644923270420083898962794349456122071
372300766625923396627642434642467701834827864145356213786773576117624288715694357033179542
1658288797848001976301417349181663850749111854075571123460729627028240006270914910354910305
1190152363831288275043468700189670777093861025439130704910859553911522327908958247188256081
593555816700524592907897145350691525547631344931088287125526096508310950005615449753904281
1635622226919685508860442845227441204903067919645497936058443207451133138585039075021543247
73445226068960074447890517990958785048410693933040785109427610850871132018788923775718639
864849437138961469424693132713876725942761342109778526027867498829715199673088682609005275
138407687246605431832295306075220235051258556922297961606518875074652122507549215613715077
41368086675269481060326589160193575562996286088581989832709687550507902525029765284457911
1650792969422555945396466844927324673851337334166717655367819503697780675784850336322349301
752030028773395563468856869984617296094974778037914102338487817829848498055003840975341763
1198987982968686419343936944456926557673305349531301235169891543656990770289514085006048485
1757562420311975150367336600149764143553361144774783619851582912866578095143340862988092608
1261207064912508587329572297759509658138891255777108523503204398191160493034561204803907393
1901579710437637715258735032727826990473937338209338415476126529761205121359942302640596027
839717004370358222471764711906736897580453084276584651362938626730871286330200066181766848
1023840903874819411740796105195060217006062011810701174480574088045356699375756369880024985
108845087611564757996007510583651171654643227589790798888729339789087307059152640132003632
214322783161123651339376622591353621687325437182982419288375627721223661546430025179509587
748956460092273689778113905321910855726004955306274293667053788910398357542998102484972110
1887645778229925259519303981493423923959500829581719918177458217159225537008484930827520754
2034341446655140426289601365785525860823350198504244169071893109366346132256137358067083430
584589590062940155576600156865039104228541457201376973951221316583987627674352658129238440
649499552294586287377835054715183888752052399876817566002693679801433174330003952203531276
1006638381243753426051861802326167130655124344274522901181829198477677432344350889685215189
344204044861251298472114312374932559970327812038076545977955462416931773770091554723079052
1837436855928353676197418507843931992713010977008957401960241567416617301120818177483513192
809140623135222923750232386619209674494823223096801749517842556471774268809837981866771395
875384233707424511582227017768593388646054030358225460581759523978384074944447135315528925
1874868706610647379683477887504145854621989338756255808259676048709105065826958780994104264
823669436983758211678354184798365806124881590308090916740556658478103515308706498723839736
2030852381877041563846239916081980714414037074574872444286211388425128578555999751714443836
1471400275163772179845006744145245097583514260881302332828797833090621852834569773005094570
926277306223913604538801025374110700328460292216913416804078277654292369446449269268151960
202694732184309013265368548929071906643983278159348263020482999219117249238252413114512567
1067875165355014897732748917011931759877322887486193197643040407181079901055742152333948834
1817596030632276445827824855239762886459554971264887951500890155537410383728782515090368579
877829140577132338207854218660334709946048279043084408499803837727658459423436930151070959
501675990196388092753053144788463838031313988039827718100799993857530713660826499221471132
688564107657264328715263353714939618553113258775428402946500859556886095853911087747845023
90621663171504932813108886184531675604274104659008465183548559502693863974545253329792101
125340988622466870802213741527282066872896890453034579484529449723221756704253607200482045
414378325765998447439201555995602743955542991228480892361186125374539760028795424468880509
1471476241796395878966866463940223286019783352437342411611685790891895485511774283298606422
122584852600900996287027050559358935825129199137255450282394906920124199070903361866987310
122402831791124281631920741538520064914759742140821862312284017667966988102542197362767542
630977808793263011446863602711222254785519707772726024483163473931746261482846989623592249
320534700787992219794329549129156530786271764795606690087749121755867139297833073466365551
757693642686506833686406158265655247849826252184395889659071631902310610881074123148736226
44054655153439354133531488555649756836065999834710045740354447454862217894783706221741589
370668612200372504037036484762184079545021457510210149562955596508559777546015841568587612
1409079153930163006457046436198076831952301821677605248462067662362773787406724310066063461
1504670147906213257857562447808148193232904992975398599920668905982632433579112096537781107
1542656054524211495391317776620943686747695619500557779793313385351574130237712636723383977
1622675132964970361735672162571101619330023376806898680935080210839521916423955079701312290
1203687413763842740958983985761318451128565753874753859869065233164049507325875109677413094
1534667841565855124829818169206809145844925865198179028612636695546543537745372082879208867
1698443628392356948792218854254173856957358813643373037497158770934619012155678318049014711
1474191564935091057904982370224019475356118334524901715958461889417947902598364818528725861
1563210494247594536162047407915135246302012557007929783994524818488120116287687786431267245
150988149979736041529565083268275508153711071324533231252953384449372904901441401914644294
1624385483774995615652553550877349639115370060422563080270142518541799657335752598924080456
564388319660437851828336258990482060154284610454913482946169253605375041810080503572707638
332456084372105087658586711421598872317905534950682822169330242411655451814480589427277946
1989321504955569456238572781041375269979453245099981252387788457330662164136138473400403460
349968155245076099912066223687192775443038316054514105577693304177143973027698460533180385
104151288683718443686984164163604601418438287582537782817252956196715429902302320011907655
1801881459444158690899394270202574695259021559031535027519362109802336314722750539314876921
981899217216539353059516358830154966565809416240800821297179057461030329491451481954591183
738733650192495781839253735093922823456335955038823666808766736531233121032725060075567639
1764081222526913591394441582289075619503366927485551315890968482929555187491652843938671679
1045032377675680262979743221206374635134963678737133147226249002808821605043785910705670403
1623701361180272483998270508228773826952553307066842363756508894745292007580395849168624857
1964247423186794323736100219684748690305380761960281551506673211829832080105896097754395243
1831981280029605607094267986093191379120682619235079561344202692823929300304371304956783828
1201056447946560313067172468598120547535030269376546598162664777764880094321163054403884567
1575538116590398936782387402045654056907106598703318742792349098656113547789802395617237195
132220391955399167033861793098923780480480710233247064985951240442025227047603822269005687
337981105192075511964303547399810686498305036882981231134234315765282476331517285445861515
48958814410057562809509315123704223865346610249928971424701037046424766176195465042368012
1241873583394880792213101202404138750543849873147759145939121177287552224810814118325405892
1445597394079562606668511820497679334004215960536928175939816356210037696795533352876959225
853158945853198637578239714006532688378073091067716744463189696049105875849316521897622649
1667038272559449465842593852643610399937399760578705055872966967843638174635315758182344763
1661046851029039056316843283121515351359841267754397423251170494500010836881873701136598653
49211133420153658253984302176065905395852493758008097029489445388454387932509925479428348
472830731288229817933605567320560283515567195403447469430577366965530558013458897320527195
419033987024881684834737388480151280385168190650219822193751460282609911516764627436275449
121827715432233401362378688460131502753365988615040599813194788979076814581973664121893382
1701890012225828081027374212218546658633941271456895949484032349327664853105539159602240733
714829876592482334497305589737950730583838155655667817103044677044492543580913327077315279
981947139156098838558214171700670955496875951340942523368777762061069904443814607407792151
691036785738120573639129103812527222680982377460590715189898972139176002219710490855712671
1088856441315178311818735305480041535716154562652938896035223927253272467754516672459855053
2030538632642924945338861088440441708082629158747515980541282796530556190561651219043771570
301323021999756442887080269077691322999995799517409426045582404904018216839639205339230998
965995333338911611520772039818230734573887440410320214409331304966139107284883930051328957
963850249203876015001852382505710255691119455061377624241909770685927124650768429280051468
1661890051388471489256787870982338139088666271024814783410917265850713902918649562053689153
1167111151417712849384729953857780911981483068691850091398678239697357355498412093697647598
1330960227875508843612484685453360394248922275515053396213232877243321784154388865895125
1715245038826868874778048797458345799334883401660564627571182795657771024274376427340053387
901839853907684243966544506710307207838643086018123506272766022511206246092673211822718084
1164340487976157780559841676671818513146215159141782024789420626071761967376975647693736169
409974002655361476633938528820460977082393879820449025424525887411006604114994789927564047
905055608907362130273401969216633858413438553584639871611833266039975716593294975412214285
900733136529507713224532679659420105648747552451223356308801886177037621236788594600046405
1817428309346274271406229244373945462703801004475898039814188098697819069779654751632127248
1563313226283426598997271177059853190540767218040770122471734824493177880157938781688193982
618815895093038584065695081807814005921115649936946666737805653721167732616195062212375061
925636250688812212579309231226645727675066546631099189880170435964048425759269232027128270
1148022915030817169602828409599446703434344018250554649653841156686872592589880278425268916
1757343259160686132120820906529658562616826436200622578729633004565768753321389777007300634
1266007862677905976601912746736239259910967218438703968439322128835050694116838373848442919
336507194216998867972501239176449001296948909008211167602241944589957049458563485267692555
1401188551054105093178777825937511823725671855956069945725250445050361587945303068358442395
