3600
~
200
~
2
~
655532065728949171467553242113188382750871243125387328349461
881061891484006097166656634215169351668943917682517124521259
77535383811279100555424818515326832912087426466749609887762
789576530616744167951691093044074712821256116935319317014377
666701378473442266357797648525306266062125599526910778817153
1099881671617676482156797600546551090277157755001820964246438
473900342140662406426103669536533205865331191106996384285364
201879156619409797552772894184910874292258087139255496734047
1512742979660909536753899370653695830099658106430177622553461
1200243035696500616247605458346839821923051397865292612957191
842277404590552568167430114859780719931061775315327643283690
1104896758803656187830213098205555399507218999493578318050095
526696186703158521643335345933530138162891393159946451356719
1567590780378837755096280451891926287027835316558940753637110
118818043977244242505534659885741526109444374912949437401284
344989440892583610133362993769031481543421997998147827955507
360655081309439221707761456879727932563715422453853857253214
89181740228049490706418157662445306779898324313600043081426
643708893053127194612491452073763243037365809732088206694731
981015275439424772843840262002287038179191934217483624647893
724960669055611918222902221452604221772677491874305235910924
1465355818286188262189073021243217881281279422307863297633560
1328529584092630160793138017792028646941767303048982336727359
44593243702217447593436047772583575554063194964880251808434
334793611741853651748540871551822124904780622792940494357906
118021209147976899712508949677729137039640105827001901740995
255829815716990332240338840246551311837179348540266912505020
1503812105616200703792520892671598005098436603881350155337625
521965713329902537465951965301455469995710324149212264097581
1003780727797480445107738280739920066808051239268492240807373
23899370644655440536306823917728522125181488518353865879373
840995124494529535028028857198082899982466404000920237115138
486797842511414856635776714212684519788091335733718090476136
856592251936360294846425632434499034517658270946504124691416
937999368812571712749711970630428437155577450326255763951349
233571439686336873503696369635920555912383368870049768621437
885913473148244807426040825810574891232563859477302091830712
271829605438091857126944431623136495879278926354977233153408
651262304993827104492002152484810073823988157897753189224932
953857595356110324584005997013404596642244855154227654600606
1282271278393181045724681081770508984362343000756474667264021
367868516524055569908617711125541392483174559768070889416275
1517349287886589359180602995642014292863818786897450018176155
252080225067818147145085846333772019499569414355926997302786
1075117969131154115496299038169716537421827072174608374706083
1112463428287728601353593737217380915801297843534745368163334
1206977918676453448116220516013558838562471246230840105453987
1509885245606934643674123347249492565792090140307324868544847
716102263546881603525548419425375758271988139702381691646290
1510666505468078379732178656045739007102698026339038568167611
570355891638064515385423489871738386729395704756034048414569
508920556036019825876352766455200360500832632433153351055112
1186169010022736841522659939878675444756474199971510015816076
567870366043361758708305607233776820111505864439713704488047
5643111036046510021669614873960579432083917174122484542961
273524867614445883245712930419179092352337961867830172025931
735677076456968429403196075203543439463512252703445434121033
1168907200267475289555100341201035988027187466088568417758584
169201794651785908150008812313349242694718654047694405565539
1324585804502834918362951503669844732439987957345439135713862
1462783149661626901145857756578455372672868622111960926718555
494739031925503188306547353738768564832788814133753007613276
1450093676969623709413898055071521567409527596233020050499568
1108913946244504384665373514407319887989987127285084063089656
981461222642831243225600043600193399279333968099258280493710
1192302010691229054149497469245229766262238407172932701089951
155231888851061029786709736687098805102866882289027419735662
578017612885006008164153760922682414806602497865666468157922
427278920948876833194565770183324824547191346695174014402930
1326664453519200676946830173743527613828785961601212685195381
547487744394631734482381236362951554385017680095982465954619
4709289187117149938044311105818764696542791483106898339843
439353371361329869049222573412348686051747436576807124054326
1558092515295497350773163595438154448663518698869251174361663
1368766672104020754701164325666304375689412337933142226623144
355728855239029128632049934988220574909602495132754351839378
74212745463435195009325393488791667683169708625545335798529
335576292479923198404609802257115075525238438805851115237106
536085876130644396094074937504508212921299878041523380384755
1143221088964538301227564482738987431227877239637414379032457
198430803686526951526078408984164096298304212591758273904857
1380902349915095464868999228728653359152028203289894662869083
623381960932006426451058616624336053503433402964162482182982
108356726627248039094176557157527640619053011738830804014186
207365983209584813618050355138178289655379843676834765361060
1087516569337270712068321065315901520559544458140060051912494
1061139136849595652999228371179253834122122094938811497154817
829239528253033942141229659856209128709750579990510956408115
958473234159503094520640735760669073835582574298186491744894
307081830105398213104100075992994965456789878687215044082101
700230915687172354641669991265174572947025173296119106852925
644739120918941007672974871256074239269236458806101426827528
198829571235407538376908142045192831932708127547816904879240
439573630958474443260477129107008906368490089268345300874644
475950774767016545223102704523256167829611471709511191345263
1336797344639350304816540405801272221448727294526424762904275
1160293121818713918400886663461652503097083578434647693171788
1018287290843447148109635841640687294435479820430407088648435
377586868019908567023762834717799264273471446093555105702793
1298252210051772058371233135216063382199370493142357266864313
554442289561007992094500882117896648198742463211009605861891
1118340070477510169791613594269393903675236691721058300033964
910749577550106852779687227025933010819147529800506651756793
144018141253352840966560564628289582684924276864791723589209
1358011014642539394976727983608664478174117426766936111377066
865292308703667852724786202743640806434796085963397443446786
789992992806966299727412950459806332473702313766028664849723
631708750648115206516081337019054526364733243696346348392889
546584907019242973141223511936275840394848814405175651118865
1186167704237877191502162941825863122802599062493114657788166
1074595921872226350181640519218575529124608807326205509118612
491824350141676176954914386658896199863684004950672369429403
721214168978388836178787796130568798386526993074610366520407
623033470744831104123209003512689524933230154013790234978346
1066550537600763463913090974276582110457715352934993817937114
337489890217867795747711864353327595973363002384984770485984
775864463836501234329095365861149455666233917177503281236596
1485202138843071627242016887623599072934086416395477480196766
1420239808645911699708559522348794947220272148233174422286925
445906179239383728572249727687617874300437930093001124819160
1584618193810931391197624859187550361868132893032724457693887
836080762888587777999496742410377073929114602550413984685772
496910338752965109565832745014004631000643844100248865341165
1265847285864405492768549437553797055331193799619868097009910
411521461325083044007173870953254831802001552340775903327487
695704973328361259365603533680104788155320225878803111600750
694499599964668123520944409913643625725655507723252806531577
1003967767348446227469791145505441552926276667914252412730459
1487561041955013825923461597554435148896266374153345450789564
817223219451888089152973860995745672771509588060729830009667
599548238312152386358544028997050306944584835855176541203720
1156951243222960289115789258282936174430662755799029224006722
333150878119516653451480204124079420435402428486841059051740
1548303320746730948517015105356790246434701380691948822888424
553708957576363711412558746127443326577401045261520090156304
168600058934608115332901191731518426381303710425477300554523
94045680558439623201656241298753585916967270895141544297379
10139311704832355605955565254796131113647184549461774837738
688927591424723474025546887811106373757294757186617990376333
771873121850885046336171167744337401239623199156838115984097
1154063100799935960577414521055547971208616010281195939044617
459952299698862862660469864866151590310362702463957723848310
942076733949537761909891637560249652539964701827945843586832
825022006316777465945239964323340752677433825619521870904976
159984916299454788932221442519388477656176977385877246114379
458031169861918948185120527637713485058956853056504903419582
229659385312936092477192523286557896516436419618255217454633
1129539723160917270430513116006553090443238243808677869777550
1313563875846447422553086946415974296331058691240338822603542
839302989826800809460408837888637979947214526909992103194920
821566183080838360473194255703497559237621712581697338586362
364262355406264097463274442852335081126212182092061841174528
1456269865041437984699629005684499238234026574891957489066381
1362172378982532488263922370702410353603537277890378775974500
1435290555187247578770486651047510456694112234317327034704842
1479808341023378539946196119984587238700965208066605652195852
340809868539197623230285299190886155795776589855564485042292
809189918005132186704401770096484290444566466216019558060509
1027129551630544140065125142500006070916500174619962118884735
314531551381204401498324015689349046316039404128143910419881
23947865256877596234420793825211557266445499183936716407126
866149186245974191900967587216647779420850665675599975430263
556531667813187749092528173838900974120075820421158427669994
1383572920216309076475417758581105979175452407536639224273598
1045514885387000973206706033974480827806903082198522446192920
420770447134919299370494808931514201588619239491929881760476
1178349520661222961488791225378533742150492190421769366069573
609479660815866272121535414007226153553563451785137694597151
101531508832799109112747297424484227864235042082049425220557
88841065885973762805059281846152035117568385397601127144007
858721839457125654205099892861353238830561362331999549942444
656733644704005085618147048603364575134766358934091588470872
884895002784224089188261298827406664488787725285793344440661
640598834673823675661183726991439738734180504798724352006348
15742116545842495886329534575792434017423771374525051675189
146140274368917652075770702084639236005700141519485191183072
1571879130118718468327312299107165009150588689923920116030679
566799134626353908994263110372130378962781527246884875289367
271484152053208116106424920351610723452073895862289456398538
541041105823448052218814358649116350522208646127717051260197
444990709159150391476358472152537074059667744943107695100574
140347106455520816194488465634296701269552929637220927367893
443501963441763191077815386887431790862901115576347670185289
172813472948077437286771308216409889113158977324004751503937
802870548152071662417350256638552142546741783984602302996839
970538617179551181262602811229388484401948530530241962563332
1419922836772562366011951124598737704811413189199104459468261
562670907240888740046155722671859848555344180607787387371444
1456494470325702698201211862848501919059534125606812750827322
11847017983624488442454823329615325100605479288803186378489
206997663804479003831683249195282935623873713697764276881223
1424835815000006541472079076129513688558429854336980352818962
984623452132858619908351514670246103631769935160860914578171
762391897291504374933708119000620620687965251230825989246446
75437605264336788460631827512291668719105496567659218273110
186792545592197560769276889198651284020705963767839457800621
793181711151685233096832718266064026809994252734636766023295
781217504434592474726271127631517093881873344651864589383419
917625923054599855998286474546370789643741716998111793303318
294614214118615203772567934229735148051377200498300582353980
