3600
~
400
~
2
~
498268967321402451037773117449816298518454738698843165171331713574714505426319309442137788971701679889928928495028523087
540914701995288843976774693197860668472522899494328887081517615594668693246445734980329894376445170708014133052036090550
1986654257847665517281945309106390325930686237853880937405633365614186225051358735129672826147699345084510588939900415947
946463163436054081396654893394150511899592523138316586515329666982604902528168525878363260947080240330906490047394127910
1874308768763200662637553165653136038750676943915190268655826203094337700357210635561844346652998248236364347865922905674
2196011494463171972871293266027912910275501132151900159980385470823354516986250941860993775208840439659631573414212386196
1662772489937763922590465111508723645250045497533581835076690689223194816386076703323140318505531915818020451296974472816
541631242686049643839708199440997483680789155948252170297413298088653329128453527478839048404143895369141380415807243605
21611161832665317660823526219621033971056108845214421055049526382798308141848902676700998705241048468876348642719298989
1351933124698787181774500170833434404918853843785806020517148738471771040819548367046380985171689427639996413106190711897
2073608183713726065818962787357788476372683389333393378946469490129634095464312607913211039217836622331676026683951349721
2337399947246314973725618568816401193315998666115846169945761106320929027844242785960123181435503631134110723488529357266
641067946500226189977954356586660938509298651863475045754167654777776121749634647553565771823259887878336317864202446497
700844055731822117536530763623569960284521954683388155856811952708421836764009756591734996445868540486969789731693961639
1994326770579015731822201363172693099248221501274979048488477931271241765869820872915916450462898890932857416022834718504
159734272149913103203302665520915391592844946932132290320103530073535703766011063784672410257754757393221166291451432435
1215775531971670535921625947511924055790667857662572228270752451478223849397752015564791410210023296294169386150150017203
2496068048713906152508189889694625300885774844163292850706502909673113649934161253345129131725386174727313910759208164665
350485009255338366183755992156554939505693306608170335058878842373793120089072540428981420570271388430847704011942551899
713771123523159604000230957710403116147986122113205893195769960869637667983576568958821420604996816449885121239610744845
856037764175251698484586031826213655387143627326303485787872640377179042706083677342103809551924507841703895344171356056
575588559525934996150980216189996103283593250095753208878216250175337239692641944777541395138718927238768100591574780989
2430801708242723950915105862245386047459106399459372707441852452557839840950263899870336190923355175014389703795226814285
734318734362571797011018006112375799606539896407622645875408682339678351321324566216565944072261290278457092829418833118
1232893606457935593245439228437713662346003697173063644689868131796342379750480309187220620563351862901958418983167189332
721813892692210602885807246438971200699678095741568547073326715959460039856730828467430225777047699866187074147809518777
2199063763819883810174642584665767640896657298097056369711359370596717186181792870983157473774990484748119405809822218246
1460607041595324459423530535661817409220937289987917859546411142519006590674260484816424433741227539637066109882064130382
1010717008350386222553212800382653829126859799848612570483765086749432919083125936824690033378479203939537490127262657404
1281853860061119987041103371839353151362816419550945410380646895267953509335452370875774072831491299682078344969400104317
2010703248057087916985010130951534590775759500052854526708827612911189991045917805333953828612950555591366261459418176672
2026922434961357015193102809206493161384085246040125359034119818999045449029534340298509260224218932178042423640493243249
1334724917064873958088748562430970289542326331227233734433349181764421153000406660212655069706343657866306575758557456459
1718497352806612251151022914054688570306001441139559751168468832751997191750355032517178613601558251830909925826403035919
942879171520093683322568986824285013755537834784904071632849850459974019808340755807894078519625805294348324517669554682
1478836342428867384266144665161740610259558939051282713908061329988854022739611260894605255116816843690847479187658054153
1476754560921273270666169523417478811832731418627008370125238498425614587867927302163097994338641940769514402256517211414
2202251684198217009101534061649960051131957199746606104465305078846221263227898921435674636339974517187012477579213804354
1382470933780376495490588312792450625675344833408532733979567790937991732153686348237825134011432480807668730627957863430
1599904280599693800592903346059107189691163328571063871174795613274752660275339700762557763179712018802501283371795445249
1934761869701902453059970021850379320834463232288036086943642147151630299519581963970110110812940102054183987244620393971
2524069129555381254229521416529528336248876015306351878168804424050261320985651796243185092109017055500466652125952653692
878408293311745626612009225625694696511926518447477153635091009264103627388420184419289772587277510318717543075181650853
2053168467305071948962662347764220957481158236220657990550579590008989174411231796845041291572381213110018912481976506589
2380886226509765815544214039575335622582280559660130795181661561130032866695956257394146869774247626218277507062673563671
1318992074555944183461232731030461048299990985076310704550795777172379963476929256501972923638616495303497039597973330593
966882494719554842301849849014877507296761681854486339023287573129965565684520482504339474626141461660029810723941726388
984866722431208654394620017830761777765380520704961588498751483583303072382600872767513549112126298792967311142644657106
996603480680439751359343456309835683300861834382247379251674069969825035229189786274748150354191381771792164977387392047
164628470559085898409620578547570222167973128004553070724845971311164077013846324387570289423212431994863365200989635895
538444147378664327501336772597811474750604886172871757027465688230626402465937765997665840936815388432527355117238263928
1242521289299225528490229857727056732493575323520170795914392727458375234652409078163111957114565204096108434097248385227
2544148065238696182491059961936131278425016190590491669464519377343326540014084137455265719156828233030226972128248331957
2417291017441262986940230066966076852155604161944659725182883994319416992791589512363845218896304588192213475914107033494
2188837524880201193053379473981206071110081089938186827387101079401162510733563416068058445972507808848697970698095027996
2458244310980551433421567180171160055404522124782250159668297790914025758314243832525922026978852934233497394761925400014
730028645499087401611679251766127388225421007645451258158714585279469036548897790830438797928123908423655697593986806886
198914154229185203020977653570894884089754827829205682338968057627666299424515810104679704561340492369787812493904170582
1142823481331854975370810518208582920962388329042653659969101724655588968284805768719061461218659151219680248937664535900
1515169776455125642886323959848236471016638455298480326705332496501351489525260910885254189496232025581657105534286563605
2317338051786259369618764330111323447370125141070595867852866797434451093809670072975798331045172549162920345286358943573
1924711930868278687287350807029077237068025995643020518241010263004152810337613195231844054468084468646359135694527505871
33234229994073786314428410178444356728706305385698183843484203926019009645068420876250157004051735938812182027707340803
1779294954256400736067922889364347558589566377638777413517600849166564385440552800174869670908031262426367900020164008752
1009791848448574356162899694369079033970135077617975265771754209270738335623091092395213957228310299066565239451587091125
2307668260493942297267670036724783826430901739752275969452787436872036121115111741124906242391773905555126662722657184621
2538315441538319231731804049453480780722491352249343131756383303937294876838876525932050845476814264323696258773322142702
2523240818192168844103747916101978499346698222058119749446020603112957298110714060816225629725629497158527579097408496574
215132980732217513957593467595409470938898371807801542777498223205087977253256114133274822680072671391445154235940630658
523320031712374949029766467351981564348849363131704640503446799914177331272522053080454841417262543684388609473534163643
1952631488984433870014481841915966102253699381534361644985957594626085703769175855120399333749081051759436323754875824531
140575405211001896711926253644442306249012083640040630074654245821584637526091906106619111951375949796143674787036361288
2002942643943329702418045785418343324385927620374283617151053107983109293403879562329958032395299837115291740347913198621
724054673400067346740440872076196261062340513510510271546370068647852669037362422974920343263148651354420890894005996971
2202623091966475102840355495203578133238377964432824646863496879999790817640942129405330716400228690669329767978121153922
1620492727912528790919534645817251443152708357889560172944415674339875314111687357156731728698800206447714410411808701110
989297996729699093300234375066280325163826803618074290552255787249129874229471459679151958129320752743565387781053964034
1416609698081244440289780532467957169778496995062744979369890053900360141681752420584339268201273971249483404744979462381
1870040484293898395832886791215171111669542286605428552628392890519199677477389707907531535737311753032657186554075778559
1639413007391812875883177194165050114631832202796623052574665963532663454866047055430798012598447531763939730585331854067
1215417526596476123846888708830145834973670370709963247834921914935933674767692763140704784493452370143433190090340380866
830752434708915607561231048449714183202340032345871604790810902035106000846724054570239528666490540295651414835885018048
610196553357140744836276553075078284520848916192290159418094049437259386088691495311505270920007133549542426159840858656
1617389218094636469126238928286437519090549217940548055645556812001598728003155071544631704884938888783058909411678812855
507422287023189413293207803757623632226736921632575860686472856987444766131238699851181496837376388660615987749288251405
2548638370028674175025493073866239632035594120888048356135486469132420766355174468689241993865141596675488827296010623810
1691118386709406147238210862412161460429526855746081326703455992982144789993821103813189524912537337239810393558247470000
1428791728133878365984654572324800743366673225462153372895496424087633903524174977418470471552216430590462222324493158307
2113132405339091435737862264363638741892059044927922463320743533602390622111853822493256046499414696204922843119873247202
2153750357054736952543721732823089880418116415552297664627457500117529462547653755817551325334676065855887061916025949312
1965269940747560229250076938899719453067980915720009647827126447312433780389409174310211701380242216304620445288346119093
867870386841064795697669453930266873827961714746627522804483463241089256392517149999262352915205331200426980091592171756
1691479931241839296851967529777061626669167912768161159911331875399748355807920393605749341032891065514510059788199490243
22869976156989565885452835403722102668374087737764553680001309030798920727059722310046807269150496855033275108665494336
239473431616782674348528237271790603804051579123291760373955854889251984345173585020150489267225563764031010670745327209
192757456844196685464039347706886775173397907159684375360610128330050993035371408062278085603201618729499512152000092139
2215171649410617445380511013389895297200002867479847757556135943012762293189360122527676146356925682922079907527862358694
969770410213010347955678115819157816195681774810078197826611713110943378872058379740553488965396746154496770138121862925
2512297846557591123708623341250828215622752107135504463262315110443397920954223115923958457220051230404339584968441364233
1895438989471436214057569922584890134730224283650202013146722378876200668415677567672111053689512284819525928339476670968
705794831779105170232742622844566458194980117944567557541877237157903002054335041565321787648698387376618093226458111825
2579636639796760844493929061284605816434403715787063661570334554031750852500924884309226665806661856577122308822721948958
388085870704854345975773855661209194313309043375252121004624081316685594584709713376517993201039837731343685479740514265
1986391312011227701191287702564533160423327191848058908389606224357474055326945419767258019767217320423405709498731902863
2409679199522820181413426724308720772351065960328024477858493450850913181248686781321375032849282462397989999421283764526
764372370296309666049931009875144429570017996359052526569840394800349348076931931771202242841363710160948454600373430453
286558826722787884990310910851785364699124011611800488013273186091525436141706154010073103502742379230622617981890727387
259359770137179509784709266932729152414447189813075722660062682134501825410805427195875246439052872604536411157154117724
799299790413455897573467011756719568420804598943621231479594244599425762989031732194590487118193612209716263078760694773
2453711162187332381907726340556798089211809485785790716779982907573781719025629161816280250178714320598210968986880445796
1638708199855407812278926413262388404467480400036314116730166989444503772431890507046705955178406655185833637765692027657
1979214218368433676141837353471430589343796648625549038808970361147189670769436986207179972172163621120579975951576339346
2023742676760562767140376257737070027980189992122470094728936446391251363447333917479794971109166442443260284911308538811
1981002772323920944206201372823756748793559453619915069612739977896249094060098116633839097254620376668871674624832380804
1525410557023395587030911004859788587957918054629207120062904929233012533382974235645941733470405264945244175600873090036
1665174943446698768052296521099740512929079576219040516002488940319441239325960095204924771605494171807776340537612943735
1711520537640341001282590756267824697650316869519209219263877910922434498129319603228934836756184834268854786273905847679
2282944042018120483908343340977061295093024100348360702446960492828313410998839449559092700230959529113672447622424820982
2011944883617434531557139352872362033865806508744244297649319288133853360398593139671525768608802202045795748540420565333
1208226829214869890764843226761394743252304351279080934967324294575187883901267486996139304213123447389897115290871655918
1660216025246509201777628713574215866079496831336317940061207177851561369526014093325661474365775683763621919169865130751
586313799251800154169726306076955846204266850265604977492557103257295049746885761293536027387375312512559809174281958662
1102015401450711156544937693340412333726024414776657349639608955106591814941805613459827817884585895161147008467835434765
966762996156577869846283939540422359697054585328176966815505139940785098281526737360787908733032175081784479674744473526
1904493907172909516133529999648896899250643154791251493679083206164371518899889280594749061111244584886819643697762320093
1932933011664727257888593447052981010547026315618362097970474708725185461893237969107606226479306045582948560455819840660
190084459991549178064018864990618875760273396789152010479354038502658991775373269422239476909095589078134258461772337492
1105695637830925610319133780271047569871705340935082245294345343075674798298576844791395203760920829130929072704139711867
1398560927915757025113039374501530444271510187049869290361174542545917791103305267460108263539352042121958354476789799754
52504126477275569910797657593778221880935762976971525017210899498720260032416832753820457145123207295400588029648047702
813381232175415511182842390793470130705532105321750942776141049671595139469441813631863158276990651555383307900060872665
1087064061675400795814987649367450411142884852116581298645376019315334828794222628753323857499029013241160073440906822609
843652139148814832403345563672156069656135654998075655018563934647285911881637450839519916079035443846467082521840514856
1407553068868210729834827670854648079217377577210294546550847151370825725731901149732867171083981712130182820330347905598
1353940117114967153713132507466457014125789154736583536741327971044215229887210317604739562811710455356223756200495440225
1569070431421125741318915146684524403272538514998454996394128793828667918307805721696371853508329248402489945010470064782
1485146133911451827670968507076283329832216177682765373307179125511454911008374803985136434102653948278348099055824509211
384490465032819570423277982785131751326674986469335057063914994509575605334849291783777380629501624678675801477211523680
2244353620210688210738602653192284437265525074783849498662992963160576803217308984952341285850905275786999469223444960842
1763366749984554622189275181004055487347228248274178581718037106903519728887354686305398153078611295456417618574988413717
2313568503130993826902291714846226214890782448526706674485999256068385776202304018418214057721429934929624413405962587611
643018119340464456802809957006742562500411320365029460426206654001130008866970049006957889284920291232451028985363147153
802044751843719729011262410040606875031293145928571928136913850232501304307363776997555362301498340453874243922961664517
1184843602105200371853292372575058511959337783338775780794902172837127107523805967042139814573877905294746502805021323540
2483925582510627585957442451328686064152394131394576876418893831311925134908651266218209480000396365042728939345247707128
895743983679797309950764777572149741111307865693936369873898645980353420017821316273973316219329685797771217058645430205
1378041104550331162330969835955946201955731922617670925374546592513433132911801788469515449686146522735915806990179530322
2356817251549267020220767396421235342493360348305708641399350611832240105038391127645773952330659342539022679981792666876
2477806387440641666083243645974589624389968692286033747929282425367772902839128134253784857656929176965226201439898011809
1866184806508762145050141967972664285482451339854580491438266642592440168005756912615143559026640664522359394620929093215
2522424970017896966220171308864113727305452398502895445325617392121329467798268036427796288825462459826735921640162312360
1738027529502719470382633701591087367955886129128884514040447189049991904596851184794861931578839699357235370757284383863
2288518252054121962228697681877379230595600434690756580993377865232003819760044842586140047943472592993873318259174065866
829132802411198775061720843068550042619178133378209214787840387879032663031411151528185387934087215337950391427524214564
260497099398352954640269663904191757592518353865335580128883649330625023715404282231035521028932826441913214260497165064
2396257571459690616337335761918013080800123342705452821525022142326457031083021980698563519976436654611339845533355676574
1488143382922802257879288662265992858358228290007772566300709428780298097916084080293275953248839484638156625050442002766
2466904694841256155422492089564509754152648120209931899458157035298359166551747541177433508035181532383839808220376886508
1137015711699330018818726111893404299092394219134652516152747102771366540837636655012074807472069358083625563415044895316
1124302775652578775796980654172712136980883538979747899171743444232854193970825722159539925074387418573304986283458204277
6910696279754599958588200983598656309706965496726574644144655514372585803990504630210719496831815976682132415050243494
1896083492862737032229768337071215082338844738480463654010422586690091482351338650528775519143258168273837839683482046554
1836856839519532992363951888846167040814576011456775648070902109319222606778022130474063691639168684784662451048935654095
1359344956328620041970045641691817531519738113781181575612973034692000799759216686847681588371552490426398879822371063504
1283897984714831118716411784109370922075317984803516810354171348470761997902661311477314214542178693547941227052981576649
2522608340482971085883766701530988660584729782623119723275934155035693083526464836386044161922363132533353784029905998532
641760711273494192881985707774653825829440065164777290626129745038434826411940205063151265869420690020173907438682771964
2380469502687632205667504009694999866605946121428345575092285447606996231703154764812458303627685699278462818748811357942
2338185584880100567073191305305862079438590816659804364050114268445947163855980431772560936315537181154461268096495639320
625359256948495445181782051330919030741583172729184553396943774520682540949495203503628107137318642438573040829572774515
2566685154200554201466522609310134094778239041540113206855319512155558434373924866151391882194655347799405614105023870030
560723917329971283781173348113329973401020086841765985822763574968823867866866302284331789385740998017696577162458992806
1738363513903352405909532711649205673981447811349445915552903920936229770365026455582941691995287927128342985826153927342
1551350811565749355968339844958660396200419501206757439732178381040962686640851627608159593849328298742589566676976698507
1107639430074761259514380608756954590107263234965565189547253640472591072114249049742326072529301368469025396362832534488
559670762078441119549023159966608789618337489580100669607307288837300566023487850571865469728653991296001438530027795703
922045879168516833618523496136444554991279458218450071954414349803835846372922270389053623035060753807948846136556696637
469193559907538778023379605172687327135889152267426060299515890046557699536427069040439920472041298583669194945054132561
1323307659941799491209699522612316738688053160531258147029269903436053621201524326203022248626583631965275757979708537757
918988641106464777385310863345481905472914783722990551834099750485842196333841126730096723516257392806860814224137467631
1820466785146880068295523592476571405752666692297522358758572702278863255673753290636527608959621216836621341084459408637
2444651099373417082371094453148357394075131331398770049883182433259200606963676208796022598875688302046972858812610767239
1025830648131158639960904857351410929566640430026431077355986816279551536324041275750063903349657747905915855859137821802
350165856663367280621365343397659496647635958399599248715877913706599742665916695118729475320823648838216427835124821262
619370483334953017411959780804266094818762638471769557050158347344400766672995046298470761569655746232467249514130676269
123126713860544385423612099538421640193323838826124319546967148074416352862812990953800767885948114272787255332182965160
2324919166387126008983135748056211768726137480898615107834991035965153826916731005391444415629960686374364746533987744503
301500818583476909318028560587779899818456162318569485511222267829153861084251314479542158270525834847776636179188992486
2111465105036950399710991809752262873620024753454983144403155507711242629545350504108318497923894155451891754361308383622
275368778312628066805628107640802692607555325804403742035069842421204615503756040790225569235468376758565949064090477523
1254018936129556945975703698729208862791820030381987222268426647724427384982353688978576271323165700859433735100566944615
1381354216722162772710880388963774459828738454139493599644160917133849430466806334014091119164483045825563334191324600921
2119165558052624724734995088081841282579084465943523253577485829241442140912765896013727398335163180155135463142962666662
1677413268240873892214122949745903875465883604307635448594179432065487373230944204419198643941971674512776800341510671957
1840232505564969434187934111599194933283520133858404713612375772145710280749883748866447241385102381330802229412807816987
8887565311974988966255035303852519378511974224136601091666432085197136551646650003033861725705264558061386098992809179
1090684654163893736428387243666797080046316537460876868863730558620669138388644223346995010521750219153289311937200263460
914370383808780626209398248764454560595306082119777248159166286325938248497469208117167560526897880776606018833425884148
782969015498400941515934383517116815309192628077918365975614548010436321125079534902733759405837688884131049598223492453
259331632657151424019688823256957595955455189888914211390149257938356840589060185313342254299439423916653124794822058502
2126661091034629791376077021449488357904663923903095098213187204847231253315786683592771152238709978736620689596335312633
22940047394617942722529503510715070658147757961115675253384787000928760318581231917889277808467765683807572532348363890
731163389070906677481143032762901608151454983228976506099852008086702872531400500744156938656992978526504656299280401744
2568302527363875462451438556364016661952215575553760596907713486840694501619151087212121718044772729529331496747036628971
1118496006837472048461168484504099350209918573717530009129986306540640423393915249905057976854098302216537915362163700180
1388516602205480149543576947851315077350753120016808478649623492533680561965092023103656041224492320293545516899581670759
198931053027188128454399308466655733621172277518159264780767453615513202064005467018184794558893521034446886285960688401
2135465079612041740606457113247888654753035048713881619466977915611853846481737186088866074896670548918198813337953613919
1862285606318830044399369782776175518928695628556037300794982493018904344697842363610495745931190819897222843697073838879
2534499502763329264573959990040922390750755255291676388665127214153192291086424521274038060056436313379623841958060613148
68681606791851677124584636407998499327154285623322941520205047057101113847191389060647322880414937624676912838100852771
2299298158648304638940665165099853694677327811854657001944407796480140157064099182216838747937642841539931928397618321204
2337315919388403910512331138652312009295191300784239321954986734050162819400189852576536980007566422350234204803403991936
2566030664297655892497301421758622366240449509595041184054302099594529459172703113264710295708482362416789505434020024380
2558078119212505542247642274120682966352550346634614601143499945462024595193091548342714173416077863661079222755557270242
2255258245339230667837751448862764607985664880959371241904792471818609806428357941879032019797286574953845503973404404570
2281935740956765623613980347044728907933318324892451945031497735224991156007127017785629614235695531854423189249265371850
852862710169641757874196040749568616961442609841272468232504836873251588534201859496395876474646510155495343739830255656
1391216692948800356458163477709567753669996808991820651343453104271174407697370094510950236670268675627571794951624730019
2314766041782476493226903225909928474041677031179162290652155820082515007957262136888447328203420335104152175400442198759
2159521027719415974123952887070362051498322559309717634003879039371472465570570299194057279786555035983092803362711800185
1581612366957076771778617816080217010600320479129004441025370024832706749559135505877416585054917460176786699246879155771
1636269150057716874218640472294755932028687280436319238810793313897387164655142273459674910316401408207352809467483333266
136096570020566863206174917256735832078576918233770065398845017316335846927013830051234424655506417326888992668365362619
572806443039389567107637275146062958909094168036204749070771464603032823505511637073807583763099958063412422595447694761
48829564948706535515656706445881932417322301705572250976550314724438135581270575240078797010359371740448811198914714282
1818601493783838692907802225801577732592237264048949330174546410909049752054615832492772450128736697668924005452540972187
2498846212842661167622208924671163217376473560390251507120461110816501320861653855432340835837133755032335871094395910493
1443098246010057970078833855914074631750665576170687964022176990490964733906337881109012333846920747444738096383298873452
1013585638094738147539643783517249077739600142075198611425572448221670030269631683434801468811737334786167929542459856583
2122256634675370937543029888432340457126363917874754943773597280584285499154921340537422188915678998787765893938342838300
2353673911801523474574090642856710859167115701557167384471152023603571978788317250104602568343232431346665633350241842582
1614252361554314466983920908736710146210809990980711631329159877151540393058152245607194119268516676356380339949296058039
834930567354820556771199114028224658179748877350687338309879770070519648312686116053711117483297726326416890987298150458
1609079018882153627680629093678365855764707191486962556670081208047728611060297344278042980768779151521729242183202079966
593060612600230088467310947607194032574632530486237553604917888567465851036911958357220423229873634303535175589795634963
1870822551279463491258869378646896687273725692846003178115722504707393643608388472837927799217731572634057784670870846047
2246849892655903393173294175825240997993373037421020811893833436037748356785383714818045087971244082470856356396891880784
152825154209525074613981376479668322478108714262160309186222708399526456701060691622106589690362820961652337499143222047
501201766195411106221797950372569370774301056290928911463244146309448798003771561063667532792150803816624920248333134843
1669062591110552073008570706644932312078865400471910366110863591943112738682368032277091151988670464181183190491332322175
736116499914471474389193469728833314556208183808654622769125723584635463705856924762591449780161090906631707428052969541
34496307427533565826284729958235695337224053761290515000803475470434703770475142954234113947360536451813151801142677955
255147826919725774022165676597474491612371621313680850269373446623883576574242717965608014785561852070804778715659767734
874714516410675435494260418513895500073600399176787958736159694303711941726449011729468123606815777466138367437079815037
2161060145655552727877123504015825897983974394348029949891599813240324410053767738124880532049939852239051993812300454453
85877951850091547133925567644323770259781590006217997170682360756923423070607357234853510267288969336058995529672388451
1714774009534314996896743117939236056721526348376786890013044189584156014381284443073405571561064802954674083663331387326
1009077590775222530220599296948774212746916009262014095961189784276421042737071271413218181962682423916740369970406909528
1261538518807555160042136626756151837756799845051016737557137988952903031388969655996627029746388087393329571454707347263
2044701733228126476204598973745817673196232773424113937538410604302972905731214913836311562375044372139767083687734040246
2554066419436304773385429824316497574756188887503134893357204290450914030982093198948043090415140904199126189678211285777
1446765502425368441352751524245056651619614200940472036583995574716873511162621667173501510394182601297249046789314986135
2491526489192548524504103119291914136158479695151247687259198459698991179797640810497838945611659291636164540427701531827
1292313104169297156926147232797221986328305571469853661520099929886849179066565275494213442248256461179574784586625795105
2338361745407335867691842439873834652078563033366908787070513480808096865750211262843463731017867606871410379732706147736
1518879369533502325924416338999150279568810377862197555222575929295022504390391880215880754107333780426543951765194761494
2560185048912910088935837382895985795407924517267442278161635605398182471782408052987465374104841405567854931442860599387
1174379211332729895526259000487241365665339212093400027447482191317333699954733326241132503729162270983244121262434959146
121215557652990878185147513486755391318363771723325978674449336824929426387503974630547183249847391564363625774337694590
2523680147585948452117190427528284573303522587928328107433922529223856258788676540534217955963832534050991380903724228213
936091905409050993729984747974994286987645344173959489777829361176356484094892583823781926295569614311420397009107366371
2279076603238168304565503508563438310344116908793504591044295488199167553760070402546806101942685603948518165342191336393
2437460936441505887261979583299392228776618411110015484041872670887899199413738141116406679569301739625728230396214048108
35305442041422248839542166762461621405954090361676156368544493702030097298520372076499957637121539604923750335853206316
1752463070198262618728493571885167968168542410032632771431582997669482615066830648497956125261365178591645200981401507245
904893151378061728068742697994106419217322108925620784989202400686697389495150897800483162149058655826472811483323471553
69067196455662216390540116813109432650727743627142340342495965858433514390494386239920151681994823202428147722984615710
274851823984515524563934589799374990733549857670515479890778076613807795560863427014743412249184539307597014591384259828
385092593352535269857048711481202572328117141022100985096943588383281761075804436759482872780838460704766980280917990538
907793835217528868563530724587466926850665049549647855241572680890518983222998334545220268902430486833856374300012304853
1097040136016371724394338042840394147175567973138676318230048346437623041700915060083309343017118830433915072862546967492
1607891914788458130966523118783444979074806616079686915377359353694457436309670546774502361934695516568725065475769727463
1006345181618987805862677536580965101520722678612566097931829422879763538260987449473777588340050300948058279330267963967
1396327672195139146720508243859540930485204342289478793523252460967023101792526613124199378485181398737198621208247267406
297046862823178681672575920679698282009683303419460882512768932513725106812516085808170852647360695123498508254175758595
1973897933813278642614706317669497535312055484251929626389999771043128717783432344446392500612918425706367237145589425611
92403256053808349826720058687808889793027473118454050198978649688833423673321426496858227781178826286039452599293959702
2539196861820435706228424486213002745405547190441312680336227952073336522514687932228049344397700106621999974800779659449
2125326882981538696587399990726947462662379924254973410665032506559256422838234663801439942394463620542398593127482241401
1853573150569605930108875551228325321762999545275972593640486753796752475917656609494386154862884440038537103493129879444
2512138327204484345080584519454978509603820049554047479615379358248296492090641019309098566363743418328958823531115759612
439375109506139012055740406682660682361386693717511985968600017373069830012863888855695502175172626544179227566595252500
179839737165359067395352719084543632137770456742543133744499557171119293361598904825721745145686080070668121487596453974
976432531065222403854978530874383723418939327136796642153799790557881345944183842684020749272175028733953991837487826517
833867415061661541274112142306994822576632650561613870550195247762484963412775750310286251412061096583890381203018793279
2536359131429996630728881772850578982685689633001773760605215678655179869915508365219318308596348351206418166301215577305
2335192317149321728880639828926653346793773148086814063436497525277135668368449186770746156802213070336343043532028617016
1391837080477247828649559168789563581848975012039785368228973405257650213363380812147004656806316453897787836869461256629
1202716714149159508785686197601286583753780754433661531079451919445537437066836543173715018859492522589031473025733670266
63843671350332930428730100859458575512529460253288723030004961311481101989647538513733928929464255145133755829185186391
1727066811966855087076736249337780261781280428676733032368991592828284085171874132033971982592314399861630433517437040982
723901689070733851130747888758563088294811176392070263239108436927187259291872141113222909244252009898204745720071831082
574921210253938786391329365429896931175815667378755066958438615127377470983182980960270236359027420615891154377269970143
239729087832987691941297503121223785420283815417549896775062197190585007064077790464246777655776271667176875548831169418
1118562874275296843394681637271517236196076760412508910435378077955290189127182460793094370101224403404411854425088413899
2157677039112809834966968718103958259959401635697312889526014262444999705240332151892686036982677428260943129456393514112
1807432748354861373711154208831982890198025772576578439659966995761237880207494991159917288602538140343194279551743573443
1468243606812898078007218190280621068727981670996209963233693795013722274044871055530955877420500498026570111167974940132
762829595667948954411405422644690865113399704993469920489452262556408914333603576006155555244469977218500943813757345233
1067795466350932138733890043144499205906528117781565806643670096810351408791242470865165379294317510473362531000782315061
54764335023379714423777475887973536812023348543970970838080738371233915446207466991411815534375975799877532797911782391
375573156182406071125444195978480152305343115246871319924440450290119789511809103589829198988993622135469848128554569579
2356134403427019823787200152695652517097350855348419756972887323913291542293156874912370503525842867455712415321998844512
1195002045469086090286689649777075566708638647188138886648027433789791371772079354245882193325075705000986456566068628358
2070103343623490363891666550622518626170089852191958154547504363559652726536582895259094333353206091400678440728126253346
84023563602285759199266039109363939065241195973164577321876364733813593463535318087886411131488813522613730504035781207
1082819996300644786657210738180074044143891120782805407162181891889735116440809771364409657374468828441235177010203624376
283161721350302459942427742236217291034780734573528322178152561150920815435971470919453710972148091110910981359772578536
2257232744318200859253832238579199096263210656958962404494991145359172339138958018244161142724132427074871207156504797107
2077802170146405210520239405795905031077049769575408367231922050062124473914728476600171172328760971350926310020082978031
317502253088750271663927617195472337497159530641843540831111981743237305046481543395568125395289647263722335529280228615
496582205261412643784391186481210024121945653971411336155873921431826489379678164760656429123021523047863348550045808611
2544327578430358078007736985997202104360631550180252763316852333520382214359750658083945004522822453296049039726655755251
1005719981595844334944391632953167717578499721385118090544323406977538514113680971868567538120331088677994051611536274513
2135252372672300208359793620228647748719378417208135827364576848114392678210510220521614578390799929445816368687022604239
1805128866492130224669512512309753441695475340301748763236964519528913703027124080657324834512801797931373745601265762534
2378903144217501715703281148465944817842584721287295985817890852478130433151182370090343200258353843670302729234814326446
1588251028636949448635217083185903508883922147632504981991181449781001981548918416375004112927790667579285919199814252857
974256977734305897857019951656331682591544057027664008511614668961562268828847088041987618284279489326270367699151027936
605317263891822254284176653912940354461828200872012676636020196130268411463119590762483304678396326281984145490933776558
615408170170256388717644998851785735390784039016446398882523841900269710229686589280718469517642426832220577343898459564
621605506833506255889201691565085660500518760307959155298454287899655949932035114308081625876374883071246247834446312167
2495494798381900051307149283606873139769621481889641726114451612994357847427095947663613112907318846928565592672733518931
2015603154263060709553152810149965824459623853448767791543583576404746679254237284848215000945779355854468824582061999398
923267767684971342078484401925825826629890865154303408709739526669741651522861772453375278167988523650071904130713760436
347080305809570557279827478820237499517714055876902786533710184850759149433454136326650771821246779890728615862264066693
1630784288505941900728696495090990756781843289798268224390935760224705564345356948682276191398196544756970328631859839213
511956640085019517927530142060409443055464286737686725594063141969796524708591249229323233456934230433122704348069026253
1724182299752124795566481616609130249051697650354012185358334482588456464905827960680184358254707089870767903548645805348
2505264246367837346881855625477730447874894572763420977849434902576226901738062162800197378391526888107603939827826125007
1910984098646646488206109027674529818129682344533988592162056650026902642477358403429836084455126558749665237875231416258
640653755323933191514305914962860037375418147009779173153087850865731516137453089767933754073103436499895701053309371368
1398810996902063641362853568097253402485611814877191668965049125735287865224676964835065514761045048483319000053200061245
798093462723712960304617280847070708397494714146533628507860267005736404821834808692643400849486571744309887360680406041
926268727004796713640375932475738400180288420033376376658539629263931520478365210905886509237910248816724476922737411990
1646661514070037522698229840364664437446842656325627705720212210523099126862938863259995141848096901767767732953381573786
637352695726571754900660505396757947938857152140472529341251955574830666025588299770596585161778765315925923458595296287
92107139885787221670204459386791582973157543243076069467583355665300142811493101036582983824961165111841207767855653210
519674687955380773833502463865453694354153553294477347379631898683949705067228839439771683975496470109713912473285758641
2083665915440126707944310564977730799743018968655475325463887197423138872663856549925869089791599346615990763951605261987
1461688753640960708979046613261871240062661966616408248318472376911234101837997337538140619239786129806947639237835332849
1355022075119966607772842748390847038185952046847835827154934351802832206672726323285984149836546375910067220830962866143
1161035977094396005991766773616822955537705671628975255706404221659336548943620684786033901185646517090620346338622918232
2625173785018682589537248264190480742135149148603062827802736512447871075820862058315817297693459426065742957674430474
1213344122347591944215183899935191924038603176662603770882781638265220554493467933881681948730716325034774557681898432096
2502703044210086650196399647171555200105752670880887979364263399417324714995435428152449876540496237699767649663789645399
60707347404743001150514772320278795445676057903388848790379366273281433865913222302870316449235190547929674660807295937
897238619463668554324707056677532595508957361451314803738565420026961885590602214336691157629025701918170150591147651537
1620824955374154380210210181644953753905573838424306847555802685453400173946346070637629584047157038995334892106748036621
2208391570637595276899454797622868709300747455455224924761624234395175306924400459348345951009633678467759866089994744412
899704015061542281888137846877377919623541423992526212134471168389121842815076050074516087554824857531799992604661171197
64548399160909043885451427868142192439323127350929636887778029141338657924690787208283585205812855170606909896145228290
590377793479064917676643172559316396944025079753379806391441695170768859929176328747287039813338859480344368016881739514
1039847369301437261287886145558044151960915783491439188172193179593258519867988411606631807783434190052351446427854887806
2567892259346718583017615853302407330128777290497991061868274288626706383507500982425578574106500963624329512674973233175
234946013308760415984210983981155134069332210859039587500605063378879075626118412558384721001425267157666632189965314428
544024762589448922665610816741692072833733694616374478571411747754921011887072356921771182207477031347453525198625986038
400219840486099321117222364898279801271876791605023786925275991456825113015044134860589268308019450486202654866244749659
946259622499006940955960704727597048770533494522813595581699909598364633374567754090234914946016171497946978844833329087
1430967385410615245914464214604523013199936918320566281066567349342447656007559652424108558103666796928007001017076196537
1327966795181053998345308879790980041204407366685672892747627525234064647852425236786748943484051465466257964472755124960
468816870384064924734139157463743571959607206445359095905935777247600347941886292087377697373226451640996340099619915369
863293398347938475140447923574923644655826428231444056367319719490645230839567958679459400833257660798122908542481437531
35797811242070562850255129941507218022366867724803765666417608913774441137946198329339554362663254483166377588408946213
2303997835040009971067449671951530694883692493030817349757185928881992292013043304592649237401268920960571870373368208810
1731614629084532137603710073742334467880271158920333797603087715883891028848959962073522351013629669525264015063160185747
2273997371352714941647102366686787577173892729604363513536079579844760640158957821792644670893791165084866668870939482474
903832239028396940352319618978444357186669769560060611236588021847805531668452822514961269618815719350885131122362337491
1428157168093042282902989897079921678114661879429459132803995240101095738096766774181623624242620810106987117054249682692
1691942132047789028568122305165022471775944905991587650595149073124772195893660594603749927245877356280406389598255105390
850608884481232211730074159951074878439287334251333233390812288128634440703207154150007639959682291484267752933811341538
1581026920701071416661214566238552746455553817436357519048545832827165847298760768709516954918548708618462135331652077269
185065434242032526859870393535836028283693070621429481394165745410461731976744248460320041203996223086871712820157793048
2437805573643879902832323205539006523010417105319207252967703376847347171880627279705961907912557035326184011747339934545
980508731577463620665892703470791853477207874216432399067918509071498423870596672906861007892079474675211198819646777207
45754213417535068579937316582999285142474147976719092055000770432159719342549027041611730062802115748608717341055136922
1570972123580329025046787451794297044335980005829238511803909745964517985346568056222953475803189802431587099348507263403
879351052882116360083039944785719783108429090360831210588499676167338251568987510784075425009024779143559274132909923758
1752906725181227437861569364134629560851651828316554771989717166174381479133670767499859127196803770063160281673012934987
1729740953194356826387106327302025608749526803084070822129570137863038206301142928133933035150419764886898160352235922071
95355929787418606256796289692929670122581657292090974763191872887036078276334229723587621573793096240476777176362871140
2005426957680692177623529651337612427874168932023964598133655378035140764848059033395724388526112019034805377237143933571
1293959415070815056162461003586333805581969401926678232335674851165199205873191676007714944458837713408318134455090495269
1539128634555822283353821112307458072167129434183173523431673465249644368258774574555169271140751641123658042831396878892
1960313169081778616668232523477996452638212229711689503349249929734561675935565110534095430624069361512359056539324473329
1904406132782180511381018817047980234732079647631420010993464411628626300432726954752338388823050469489901782095252911447
1444195781887829100494492333327744793990728486079439337187237112195943176106976341926472898819399014936171790347805437436
1207670981221241406439574171315849066535697154594975096810891501407287506319467157210507933276189378589149318862167356043
2403659175647330843894023978595422380470543892306519881188158186737198860916606623402433272311608097184619294977087970577
554668018645278676860251312638429695919894297695304376013753343529589542752121231645662121958548591635956681578619424675
1326756542162811271768171327164602996165645042287639507716594637218973910307682525701000358461067556873867994345543191378
1540759935049880837746675754016855653632139061616068047139584537278686146475225021872954869347270516859686246185162558741
761433724926032215559090137020182028957711403059155259149152205926952263862491021508925457584285968494621956132583057476
814821041718703676699077559315283390634010986981639925122058631703205532956300928957084163724790564717573538779366720355
595972638967005973524203395024271210811968778119199273900941693325224821951793016871359907520351168003574730483314372785
2384450136927827124859829594613272569437322218959172914922172482629501340984064031828416296989429144010726121735465717995
1308462356564961233364013973303137890095870051329135717377094055197308862682628974405694933510852211367605158510063944637
2111116826875819813642311702732162374961027580577950996168547222227343485940569690033578452125787116673423352842829198886
1080131009679558241853343495691269611032476841226632592449493524654811084394171793951493601305692409962257599635508431492
