150
~
54
~
2
~
5492395750
7013887815
8318411685
6517758446
5168548429
1322195254
3113181527
2632370720
5448501361
6749833670
3636535755
2221724087
9730863646
6929673170
7121403823
7121209765
3555415942
1322847872
6859278066
3131748780
9251658645
8255183101
9542616407
6912377153
8653183605
9913295065
9270620455
7315853435
9350692318
9108170135
9202789343
8485644886
6979908941
6558758983
2870456066
6255348152
4372167057
3952197803
4882638454
6175311219
9605826728
3873256193
7754207538
6247941645
6755080619
8674072620
2571632479
1456637348
5474873056
3032195645
5790365211
3650249565
1174306162
6495643474
