3600
~
100
~
2
~
388059985047316070968175984049
1241910671846406121099930850680
1252303832530839461703723414965
1259210303088086617494102537941
652671925975764884386714187209
488917612903832741588682402933
903317600978762542971539009871
405984228119544546465212877406
801132172774653651319550407478
1166230204873689996801758638389
208755836840160464170197113698
1220821417473267907934322184663
835948278301959287405342330055
477349600603485742132669265906
286653772247322854296901543894
362689380198256706592455323172
788953604412033429506169095208
32991658966049942151593813096
701193422542022619186268032900
943922572312401299820499774414
1204027054215805539198614993519
355078737712327791527056868967
993592466259200186674652574147
841741131660934994780596962340
462521948759878549786628077314
1254103611741461570959241072994
811912077528065549496051587476
927102059795147908440032257715
1130688802911078310341430047328
840233122423328569846533496368
607530056087338659925302787234
949322392141483765016651124007
791896568026040441341909611089
50945548788275043931033544918
307252465336215240115581259718
505797920845859198903021015996
382519959673748034401469359885
943704922320743486016032973530
767566314633989739779712926920
93864555107361534297729272658
170789782504207190727618897910
1054689483980945423900339382352
839943785365376474286897956651
196692478893296415975676564274
1186881865924215751880497255929
542651346812292537142230216287
715278618776160803656447637786
1144763058465723198947044136540
743500555244892262764065613554
949570345230564350061210876054
1097228531487637251046917833365
877379086666431885239968903145
669682614775063603122483882473
320950980770445794215542726891
932884638799668443436499808951
872108216772566812561234418308
1119345899467656290926190617528
339425103495352055390362396671
25378390110667217126237786214
1075817637050100631982667037965
141168366602781203354320073768
19572575306827402271165590303
1103609884372458393537125567274
1029081552696530809005701261868
582250796190304066726257437348
208896221490082152340625657539
1230488711112125417442038802504
561367620278064871330775839325
1062916858504565511363890475046
1035578661305371459762269432727
227862748094536382859676001607
35168915150436015852871286994
766151827854051409261363364402
947929111717953001639968937821
900403835294816998341873111115
421361495749403770016785755750
674418330409822042382584838819
309971129842303549684324973412
923065100979948663671280638127
765380273904079730683772594476
889399697565803929608369490432
585385571138820608709486142411
1239458173725563859572687811871
187023632205101742003690679878
272640958191536453463005531917
834493453678620416055403557457
1034528156444400509368206136608
861532379667503493282734825588
284260131001955752004658067150
377747766851149687393027853245
342553315177709171050838034278
1181312814988198576995179052989
286441324149549755120422004160
1225910699938246131089721265645
349111522991572918855772377901
277953554335057294311343062983
825525367929182350976631834321
568642670868273832166619620948
963009617105812440753518758759
133818196847416115705032745874
