3600
~
80
~
2
~
1139306408159148653534256
1043630344279148705599260
909432690998248754738060
1048035693287796432067958
509531554812366035981841
382244747316420415933762
254181358226455506038613
621389315539691850167334
290649056139523443197140
1099364565640131059797436
1154884378421428386066028
699633061569308695520765
1058275202928913043836523
171337398751135457926963
56407709918630572441894
352612633769079893238854
9684768388204001976352
1041739901382374837048632
797397027845669842746793
705566521928069553736629
718363696331856695746972
1138137426415113279455254
394814873744194529065701
713072581310219761615427
31663981763730809600645
187812404993016480828899
303481176975638117283963
355969210839546861596166
132119653796609909805414
195641942453277568851466
357384608661004012693556
1111176072625240997494287
196878466162385802992029
383294811363115374035781
962955399716690711353404
989233264394981943092838
904914237889493630795526
774865849662130398890618
727747598970334638888052
90273721473127868374120
1173887277963133924814349
1568300481190907664479
824908286610392611688511
1052728499600504324346295
121281277975351745374561
669379583445319351474456
1157071618989761276718135
378202171495911477383324
712113472937725754822463
340127955136166833723840
918872751444701521699287
269910932474615533420922
920025324706870709911711
455002708654624505963477
1180222556987107886720982
916042201271458134463674
1085451841470507154944181
1172544569480777814438212
541196535669573517059572
222575292372372841701722
821581937835008616499006
707619391075326232184195
609114544915851763160284
666338508915230769521262
114163836350844270171288
145774216276433472700537
778931201079161181542999
966819908703340654670626
126879406811995389760268
949643524393911877208356
1003837694222686845537864
996978067152849285693051
999932529604029137583514
567577945920979347364003
90968843772852407031171
1078032011565549597845532
180681565378716237263531
189373977203066035470564
466445070003862270155591
98997637309624598677113
