3600
~
500
~
2
~
1043705743224741936919850131845716994263636930977768397269027245939030304976937785352040112622399040186918469696933135320649765332222173927028468570406
667406626744806642590581326343425105940496915927969611250782323384411456433242784356375789195203204928771600246260641771718618802005467968369153595993
2779791727749435856584301256271499480715300813110043359782479214265435940533624788525669763548847145522365397406070409814359545199164498658467082528045
2861353219306421394568934580207260040243009623601172909717533039112290687214326540400226125437610952232324738959424143986718974239880831744559263202315
1790408178458807844410321216554945900790852306422706692425976450079277662056092059211775984328712711447646980743359701595765313494625405038750837066300
439187193958348206791071929984042753573435870501746330893698204885504354949474829309344452626180363273240267383745589267455811257426951877697549077794
51320926877859338349723939160003800947414284896304910974923395790794911358680154167169559596652242865274449759658705258975808649152166610980159900221
1353472403190111121976152866872393899758492369653588348665519823573808181463985972102834027109168723885084849963936657428729766963408398741986864236511
1354987212053734078394408755377326542158787251013804842426579396703490896091876334899652492819516722631549338374486047976653142290688121448404653854481
665154456430775639909588281767504138249894849814784298357192978179126728138922205904818964953027295672026549324857150172223241585506581381593625484865
2266756502801973380764254938374215500149369716229725320454762826273760896591132969323757188509482532740991819779602730567845671567324622455499377360031
2872172181302617395694567054971055791829975410213362666907932086380451427378176943217655825236956478450266545749557050699456963027562074168102214521964
2388106686080014847744372327161250182892739631907976046037888377571808942601979434661612068481587067403620884012151681006065570180008508608741202179595
3033744020261653641598883425395637296954460199598626522174542345346650527836819552946247696062247110817736127752701800590423914593720196588143042912935
138830982804629930715117741387427175369135240464798798890355909523236668295628917435717651113378586000288003042189052037587670983929578976435308181130
2983918038246821731087080801831275185983666501994594762944976951706548431285955162567010800044894309193315431498492161059101471752831122314656765709582
987082205699631535332834558163659775574986481882242604928375529572065674935649436778545314793734519026811140106718744197847014150531510081737720446089
1257170618151120710524467981774287781516801775597876848488130512134296422077812189987600720121294923268029309966996746887646172395468533040084092103177
339302995550719926222799660874212369040907456310789839881997159273689083279397416801435014901203480873346437678963244095447749722031651814940289535240
2680214497501420696602576513999598184488753961117257640125564474607698157814194765312584441256800997042223631186842503948156556687659215709735787293023
2388037447688691438694080668975388391838890312039479018535845983637950317722278614480146111812218951694762037565200878068997100890167871752030152214031
2572917176049627319824788917642239880940528448824943900580585041535498637768230952732093207325778365808833048869237883626077701672022371031925933928549
2838067430587579630651021243397583039196466474404081529034397237493955423191562137355965721001504882446163346403480482963807229984076827588315750519491
160163393736352238684346717500800937471881250221957718286666021056692613746862392405422124592841821080946348279177759925793881497422203512507688744288
1070236184454234490857917136346598004990994439752089369462112762709698592472598870190246597731038882272131376931115635249576966146347920800531625819546
2266672988624519913909035285391940987911109214567706854872072204438682666477314844441862735898055052399711268139967683418707917138974214917878483060760
1415599281635640791025508457394919057373060198121953968869472541728829339915099629392260674830461393755375073939827483975241532082712263305133684435608
396960041916548517387028139745190568424018157781141527002730200713286349001551994982736299239383047937711553730324462329407219571894778952065227391498
362362639726539015737338762181213562392425918685252623348531347124609920406058204768737470432450675498411867905404741131592701094435745643798603107389
2138751712859708665799831686906987245708452022841791341847026662554935232456124790293376722365752572374983208505592251355207555090410699876591363356487
2096200398336266652781814675134041725693559221401326085755018453597714388122203999668970891085943162209786509601115760311771898748455957329876755189508
1318652123835207442167450287840080960296774327838840325725844546626014279923587736281861666626263178711388296744150193729529036372058902946927120307888
1316302016528719727791140144573718679215534241418357368535901735745462713745290440150389148515893988534865924617728078188773238522350117291949139867569
448585470994682860150578499582452695120602058269237150634146311277046057708633722782281327763755008742979582613961084622051346437323198047298650245537
3207257333550930418119721176881551370666429120485116983423376001556076237545685032735768967582897996716972184093463654508710782363750753844305031296559
748827832421721027115133107832669158038597893649232944630559187859085459694762988340195556834921177952091984956705489458351411005268230959994208387571
2300307101647026288348946323702305545849203593101080023190406312699311500313460463745960981202795560293131871599837273329942467478762448944570851076414
1551402523726463899055746861588340149925536662884227126763942408210214299251893289558984425163658923448813255104087506539128055057088296253999150369853
1478551744088095652127159695469780480798282397942417476533054785158542947435553913962057873780428562759942586278032854612427158001726019537718433774170
1055649642333485041580618693439219726589584902746592580198841177527938147363727423442501505418147817835613134057184572920378539960169478370877777944308
1850461033547601569331020437650659068545295802648101457310578530886342455106358865620288641890742219047938206199398629713101082777141482077653638200822
2489066280402297786486677628320092688558974599708855575695790168512470341678595069183562271414933931148371010948727986760605597402831594458928655578510
845145839080444401922388881877797577327126562694844661021816012639060406072023115424164962610103824603514313542251923857447490397630098554683091835475
2801708941555523879207062987772851173631777720640452062466920157164787200966502262185722401931752774837694825434639816480507461502183866609859709736731
1759685110865135822231027460670634354939522979895398036948675417081682277454524783275957222513244897579992580000125775437918865523926310377824846462145
2570390072001464761919734037739794873857977345005845896605959017098113255419641389225312201976673821342631492076602347761609650657129295525721736240884
3077697456983237061383996480381358976433411147292115293234672042910719042508891209709664993754168349206849049789895674456680311935889377879455500803743
2096008938417615207260706976129989867017929865377490853079224665826200775656306967928944965030987081687470887397151113516452539604257566843241805604919
2215600880709754593465389586534651496036341140775962247421803684436840222025135646023813814699916133114676979033636960049788955868198373332119339788322
2656024323446872900109536147489257861480910033287997778214455138167770650355289006282465884845718590774775375252881874178166232217750264166154717358626
2828750375528563287289288644655187371934463197278858137844218202172319700590610120925353118699113048499015860281137005750989363920730195625570647498011
2698521103184226272236250143181650722314397563694821959529661828823960334773547534137338037167365411142754272988818570710941649744661245064580940841076
1091665154527546418174955282377861030578267029945267489475672637153118074960152251665639923655707121043800281991428660529508425236927839305864704626860
1562344264783833664896363216401443685837193918521049276688569896130849219582433902172564775964352142528535897122994284431553691300247000734723131018115
1043010737738014271227400040150780621171845338651301981778096849974833708642426403996483903184467981005276718269863186488800354057114243645318146449519
2769954780823064209775331998033303337008388030170601532385834641827425382463209283066226949322002867616034295985256235041999647972720494969253152324889
990406792635282679802851550690905765946710093351490381812710577728593825019108560674527363161973640540189699257100481072188998493136651449313811348504
725982363822743103279862810000488698066072401101873481419362928125364398348735101072460519368930463628949701230237299713828186371049351353337857938506
2713107511699037722910586462499409561467863140151608717475526655636936577142694196275196180098300095170311774740084167464900874891398125057986395330967
3121391729881477302287771734619038410038796425657441753286302870727478332993921337965735059922701557380790385693890262960864033975498381921135058194577
1496229540779479477329319410780554855715423642728901633079759646088913590772358749845449645969237820423306340889031995752967834671877363577761953199152
1591931325886802498291486701242544658236032547021409575988758089512186491535253706543171467577299990187838625584715972408255185391373640933314503852030
3097937835667601710830371672240467960888726094335346351962384832158762669494028202407826401384865771083683563361552345422545467687387767672514569481817
1427383401156117565929554779499031905514065931716372132184037560861339144678909772556060615567625124152368375166745469745622469198254274232122224208102
138325673446831048446967377802716048714900346924622878357060912939224728987003935299561637066927591369710717564586570755024718809837766121599628831638
1676347478809238359445916031559313543789910780432137860504460857321749196929572764644572271702454915825686354507088479619205663264477608391347724668724
2613902779349518837298968184133229560445392046453278707984463890367331132560585100351421804615224188568210676381309152713261899632548659226684900753745
153888333249493070923877386102102367395057063205131650952244147599584168061006609225302135721911765430746889347606795465367923969195147195754969933095
2123883999115091150590510361769981894027209982290369826064025180209205245184801416240074160504593898316642484421376475664949607990230182228776837469887
653188780704690084959496584203362857736955835004595350999366940928819161361728505309590285824269265528381151871630207667002670234201638861888682265297
381387111022798038929532934243625962782278895430226735943416241615028636675045218696283897516293911213277676169174882397141639845731110117799300238684
270988547253841369627446686976611509138133888267597902966747856559007143610716773858296901284575299323443383535919335382629241960003348203686396259417
857850641949482384942352966133929334681949108191059524338426062479329121743525935087158941951468245773386599150184722546691656887918195896565240045414
3036334365333992934590909370672063005602336007142786620691460451959065479365687575538804854791520504440237607759903745459215430039421119323947794604582
1693330633678697013369754002166945848914487865276506631891646097662569025404046906705407890597793424975689711845945579542971390673210152230655166985603
2906221247765336303419006510730534616810538788524315931197541128644659810238560002283105384147931570499440954420780442634898893668611442387545668714591
774797341153138079154711142804581703685414178993855157460256512178626152794299360393452901425100738227967605653377010697564913995630895458814163668103
1692540282382274681020220492045966059437583910975350463252471857315874652457479534242990606984364818957091048652300175659366005091463870019326258265335
1120525455226768709755363433211137355484681354414884443349096936606472956225118233141992951637913248775707393464772799846469827728238358793023536339345
2687912972561163411708682755499748591841363044938625684238485490188304197068896403243978741714595735456310477620009618572836276796995895771715772039584
629650459551619255589746371318960747669505161306052298123677967141649912864113816838163401764272933404898186871982665737607676374293255885474923001000
1007814343509410531206474807642300347522016627924410139282587893017448423527119675470064417417885977105829294560415085987609300814392579103295038534074
1968111086406667672155055780221295959128529209384879004281437433921599581287618668471760434646451484763116431620908624471256868757169897497391341147537
550550293308153887577240232740575408451154463222269844693564107295873986020966796168854415459476213654961922182355790584046112617913353838401599452352
337610634199889478644874445995619303142307073318378187856846621645212173677465168120389192304474216318186371489038435296090301682145815745993452894668
6085053325924482611472402274125417042696538203919314938518671521220525805658402972730049360031799851066762873114227927791332348354109776089415574351
3232929534316937063348337166710967620433593016283399371763738726819855828154456796399195048564473621984616588568475161718612288397435978415717794239266
3250570486754540428009512137007316606509579145518852527090090271317716456800472898036097017425759943075669776070868350097285788368947729863969597077846
419629758883148580553863890811988142941219573494255842107409599632881938363758172140425973784684371886425269659907623490214260714517583653356692470709
2167854931025750401662319512250951505140797216103907793794685730634193943457988670535792396108043688593819855904260621233797176482010307497654105828709
420447762814914571486453293595949597306692609082954169800398840811895366524486717652478514521119579907279278674158953466792223824217146044308484199946
185131567574691187993204672749636026236860759185865652825032748867896980510174685640983684953716119699039287715845844529678185917562105106982615290612
821937227623899680333361047291709393953407439033246238959968119466199852500557610995097076996046154889948931271542428949264290737988802806317336564376
967581803816010545016823121513390525271244341336695934674297755844816856509978075756181988611401698991466871424826907300493929896783144685812541367496
979749527309699415988301856595643589283428473684015414569156371204672893004743630230381438022933243682316932615105110260303656202301149837422186825258
1130012999867378117952123054637079969302719400087864323865647009794406298006762312595650577341624319877254650827927683324820824119184398084955206249273
2730331634095430733418478828745175210178374708666301675700659970091902088992841165596396495642084830718015180612191940935202581492451489648858200879344
1900013081278597875011330275985984910953058192518546242896701391491133291406701784111452049015460302065322858429690044099996299216502710331389752792435
1924678450104584500979423131093778945740797180612378745578070128962606443907477642174734148741666988358615113868320321322662372466128114968451445569230
2113617042980534338327361920568295220018232421420775031474657748518887057224545014995486181600174894846229783872149466357157894125002560731573852992628
3014660217206808980891979690472484194281524758585657630199858098116496661740369046038368646631400567553952261253600690643454911961653741746228494397463
786955759426697518167663419647965496814798192975867157608232452146542463019763369414254400161171424879044049696067045583404480248694827477918863456872
678301160276443908493764156456237060338100697703817841365340744608411138533232374852058982315305966640332827871980696333335673367453761343418873890561
973962217138781912622602617408646059137950646293272643359787221744571259364332633117827029879168117023689387644217811979434381742494540472505917738114
3047470853579994730508361571618493692344097947509878933653543093216742630495246315074981231069859611603328834726407943580842486466489032816565771872982
1973470265881644695161348437707854690233084169028895858990031768902122401568550177223462085218135104491111715970769889072820677992134654808647471265600
2162307102812089361952376316978695991234024731432414084338271791122325899377566705665737643231060262851418328526244130260675740195129355403803210761420
1724972538302008995765300984765672199701104004424027785277127295547155877102007280161273281008994062044287968939932575131171209563702823500071760614223
896119546905586715245091054930368853938109147733615654796552833064278397778198524848981237150531307062915047059145343881054704562463221438250896306630
2267266183577465335099517520211347547615630141068409314874349911650807672103210434507455695537808915061743191120025336127706354284028288623282340840330
1111783379324221695422000659005205741706075142563046779780505620498193516943320488120564368557664870510135657985186830760616018377888923517547573662833
3130616542364676528977501009390376388424372405687685100468206996011443625329501665590649874209345138831564472983630526658259646933801736088843059112840
577762468257371793521295531283510571659460310757006661182012328707672073431852996387960661251933882453712955481391119731064161716372490429815483356271
2881508219238543906762058242011626025127258820583353439802015334070684255697962577716971511217482735531624426772882310541088395498326917139240271898361
1402790123979524683249410289369577552115320895731552174809615607834984836631300508570215045707780575180867649674220341182513074398945557457045141192650
2537089785474688295366193232732761551994066479397429673475305909747762896925627539636557891823272035902086830607007044366150590280946065440852401120258
260641855948390992759706901498039230553577027912823832688696610056962581157093489777915532285286085645251506472890607728252470906937663435530914043698
3262972619042302005820812797893900620287367137964269895903291446048879294558808239840658556276714581548128632522299052546577780313177009798345339662518
2910492121045547720482085639858003285198761832230174388891262002281782009163563348927106907388352552267620834246079726470118876445827712973647974914263
1443091754630196075041658721595160328475578278398205031111071371396647319384310252394269746738815073343191766671600199097881253433849952198042615210407
2143904313923372492958733030547100069045160303295222859819916526721416685619239939968626404325941531828066328805093056707159757549719159387674917547645
2621959663702312388850465976026656275852611376654527468312715990236506272211209684513658969260018535347633653473177612178872862773799688197417013061470
2540381975019964039484984327097687543588343245517910639103205607512460812318364699452799104682099047254754096011669804728659139651187599192449271247092
2716579515204761582983260745022407448359006528136792438767262503939905035236569968799313242065658221788758168208974845121493088307615190357802406237786
2548798131593123370627004277997910749335508766752861494546433727545890199584373279786195057636441004572857153404060566285589727463698519078880221935335
769467541464155419068522988043090475250302931054768615368645743692311680300432225403431373509354123422261329528372786824685207264347260329830071888146
3128115430179477024361052787330436029635502583793763580736922913241409562083283048004873308115121022286788289161208314288678576688885464797575194058737
1454678224291873056160741645463093188928703861477593431484823480802964458722443165709013134504349905281038437581044476583207256776866002015808258493505
2843502566557118314654307846552888532925582157351410030224279803977177061616450899336799051976060420620956761689680378095652837271506299925652422152698
449568166078173417937200488152461777108940707714537164255562274843914151674607643615304030547795722145219364329314243559040314283684379419643698054565
2984358643738988267336129057380394909166214619296293225250132249838948865687202535160948542736961771365256088475964841822359551200753393613614792173062
2512211786964887897651777705440222879581811075315740054765821417448150803950241590144778683550778339069823745544586892358050686771740455436330331977108
1403664532739177873257656565747613515624903396445775900966108953073496106720104616654141190201066735441434264979722718019515083350047413543974860481087
2659624959383092478327891615365268145884983637293810845721513505719055211147038430991081707003322837933553825693567259154934365387590838029642014289710
3053640959120958824089904839968591321415300938198935249355410946780117039860591808811862111170354508692974181438962455428037108139136595189341207664474
1728111281014532866594823800452189045410548381102453773970202295641100462306677119833678454534055141255049016817570424006977290096555953934301877150861
1004373184470266634488584672065025398810708743790978430443822032350737244505527873801391388066417702034649548867668144170569655539939856538278972146870
2614465987355987054021024984231093377612954987636776329593615682438147497223676102161648934763867663908629946607472835080388738003597248506219727490299
1895125910317352138637667472621628520743263897619951380664374553556327321397341243625385205050470322966098281993528401064706129217051019268989322114353
1643644194615611367857587995083692457420043755442933388734767876928950624618698980071471437278797932903946925075505383097348804901771024157010503883134
3265360861139257910784050505906124978195304137950972624513644970166472679180250650295761335551106208746983265812163065425234543783445785097060058495226
1179695759342385757272493189190648949272266248289387259798849869948292328952848630775410134595885406632078673886445785838161696616629959566892740254224
1533957980316124535818465086647453347684847075538524289232813442432817805122841622183204650024949113345274844515071761775921672491666052960438731624441
1872505444994517764554117596613226599776991153911711447556513847820000872646430782404064500674421259038079463156402954085469820037027055680600016767126
1581451263800838355688528058503977515370461374341681649931111893731828019984694358387032577810238301461219709115144208444546902531906601183919046401485
279526542594538376731027757383083346735700571054981607052638453093160560763991818839327205045096816082480611408780201012125541575251204997136431462262
521964579521683827368251446449903279694722105889704955359224695441281819085118913400136853469415763640572077149687169523058810400737189825079708141714
513947669883991569402645280076765161976299470487546938269440527787428009335669968856436198897993334527115076712824520645889686572628222721162477245135
1164058458630207121132793348555683783539508699410500860518191804938314997356529067264502619966980932417862157673701927014103427374942464922026940241460
3233673648440637923937419351215210232990021683298849252360999893946874821295730228131035877256627228870805305840749024151439795015564139517704463101350
1570911397871565992209506185586816887719433703481282600598844540011934915467054285864549327654159737501820294630547269171982780066244904928221228816536
1095379877817090424693553684173083958372645640047552338896063321495506049818242715866174141254261197269905650085682464409279364782493593478647065164117
856250462458306787779889413559343235765218153468400235681119608238596713647753363770747698321570185109375174235609396395005800745148012589758756041478
179557613823572040926530954660990517171068658055841774162309186644874692378920588335993399774197674469841162554447522290449484167219613354666226509829
2513910199481569780766860661268308598414569907762482554221948768717703271684588583567022086674493010291370297590250956561120290012831887410033834974407
643914428976881419658192557454869873300354574303543880241418716408417398830464127527223256052634444866687551883579702667642588080306040010849264181264
339650657809594398635296175104527322693516132234422398656392772468863022795624307030281176166958259637519547822624161470549367839431784729256662380668
79301904610504852748060991405121272773379746595632159645353731130530278273160860506254830186633876069441471983446571635718658042221872080613160741152
2739464083895905713186257611644920116333799946235971698399114055534310568428377699363109228856845992779048094507355656648448154066114774682626600385302
2411775400094525023595314835005230295916615171885502610240568726512964967804453689596244975867908226402078150905312350234481678748299183577960015793900
1434103004797755928177273521843702201380378456147939361171175463558479837634899792528517974780545928815574704497237314082963574991701432697441862915174
788561275816842328064524825803468318989684049831061598764652540113985374365909444763375384460351967635373939421431978957410834726045577435704509045973
371874789976410595388741050571702558653897423264332582006791709924176784430301470362310790546728292568439927188865935529821713354838976905292683853370
2790123204181883677147774661285161726614386744086068524255603866475269823174097543612986461071899131549809195771871521348760971974459990070386231986953
2325307868934094696914091560679149192989561919164896707489205426825524280542491650167305196218193462643808601818095676096544811412673520874575586770792
2273739575557079721459670862228437613744046929192114336495038078169745344672509176916200727930369260237647100537279125406657445780498749541610592836580
878433678892655802203587236494468025482715096111534577198167692794564675168993884661308980738424190850811482391984941566736090100447361088238062980069
194353604730934438343436621876834197383467151362480584881588284701124126853006792554195317962585833525706759435360471633604047846994110926861510361257
208791245815207572627273179778113957672840731080040195972498482535624849554508865857020706762423538071243529387878074022373952779951295858475508869274
600353695865677712767939659630741490343836010482842090157596932188155702438477713061379416420248604344935004237752070492957849184864207523587631331817
1769367434348979215950241820940856001036828388728621078283273219859404516358894035040200467347210449067070566169380009034856292397449310470847443404990
59728405367966106588121664808627359084515614769028287556634733032438747968750160619819654376504588716256590130298159217363705971244753479593296522137
1683144356070958627048610333713881975055522322761242747115150545778399356883101999121902413367145600107721115569065204327302222644474594425620940226391
764996975423079844436535221191959334710515020059382784487894033250221261640620873930732219222685442580713032549668788404927107609840516179404178272437
465999070997477897779350398004599944487697642658055131991937212123193954703251273462039618062874319453095735262720884362778064746103172934548479060759
1293776652282641487062847678682294041794665133981873805112218501347419955340976104492050867964699783357548397072325503305969369384780596639579544528000
1852384871357540710006727069186538616653648541784408567157667603787562575724262976469879269964720652247134969868116813251780283912607683083871037613633
2166028518150482800574815934587523603884840986215241956594422363234746551540294705612418421633586764312835195258010835790445019754884568745303570808213
2757962009893868326929862895575064931196546795108976327857375796912595996920733394227942093911279199620535051093503693671548976282965528077200820020484
1808360366555368169804279691289619629740584280242788644804477396819300857271703490514607118785418254824523872806546104688003698646128464789964985807509
2241425125401909424104230561758784939012039586389920163488893878099242400051288296659082790384585679178550086246794093092866605174994632912991270043298
2365415802763109249410141027033481480887983785873263442391106014678731479931627389332446757829896528274218030008672160951239909935789243275870230915828
2280780351319212398729456653287844720096557142338304929090540649772616441024311589964612440641462809040382628715430124427108268201967205695875570772389
66269075038557992801934874209139367387128589485802528631143152392021132372492172672512367068475541113027034690244127127039516690048423518516095307221
1348200224577029703416819642888636747507554345000732337794363752994637096301463810882970125075286578355344882540380570767188996167765078081515355174017
2972673298709610530183176505239743252395072612230436327471255521283670664958033485013388398072314973711919160939599950306225524874465334641042617218861
2099011172323977795841251088355526308054377967557805176408805517114683934671634016593770628001347111356499058950139539627955425518718029385215478816664
891163574547680901414657709912592793617352188003066559074743696766144916759491557041253398508914522869167122264363326419063370599462319756152087137790
468368968035868246465744797547824594792571697234013628094295750608360576714468125768169696502381243583777588746064267142430661308191179487965560073052
639318405601826134185846313788084540772790250318170691642897643913257550320448732741880771502084217512916061067231471755272935336024411823971912947075
520845326419068521540432246319663545314212005762350259473650828058608629528111041888756289400655233884496443194431831880198673934725013428703698599137
899332265027770286132363422645891572407815665958231814304800754834967506189040824836465441405142635916034207232538858370831479022666444053275233371259
2824633857739643847554342159739429936181214636461033958978728353247086959431701163199829634495239372226562708665901576799855957474530388861888278733697
2997214992875561802600553592655874661329549600767779458647806970966987561516831411020538226062920594961187457928245439225279336775368373231565647743684
1468221118595903546054798476186834816393288775404653428079721251252075162851354545856829621294938236183437009897482893713047047439739044186573997153447
2946444276962724528526530082331911717427190119478313222376613140855780765705881619802564348674068401270735075417210243947838041247264481112883531927535
2512539375977366607910120491499858030124188933680019661928735732371494444302656869008155840000204621419205318013300885269576280987601833818571760727608
321993065728870490318954255984493539468983365118841915649886728969635010470672582103701887158425511055245866578288289771546682776642505642163730550040
159167344409053328562568689172941687559345330962062418667387955281101438277636893300745900181470350801689978785853655187178336779086636336657605308479
2918039678246389472560195455098000751008814343712656696026948873341289422952397267880450597585049819887261550010506105356183256745285945234652944212467
764122098547033390575839473828747064915684612618073503265117853037373020310557814115200579176455557261660023793036091220122023145327688910495782946840
17921947335716734377812133805911119539869734018732049405164973641375186574944894340720175106659039799640052067486700650203536088483499734912733816904
2967400853689204448930729445362201725998434009363359894051893003892186378812367585347728347428555964657710341453715299511002496777169082021473829803051
1525900504519714286924177770204781349169337034739823201229748294169307458694910591308033783172665290559798477453531410967862325312014804534391967967372
1757796121379132268797601472912334787053085241043790829008955926806114588009619495489701806845661348121127722891420781926532320159490040454074461874699
1043014682773563948465835672850738500118589730792253500368382281418467557371585480851553342407296407305411849149255701186845688866605711536884616087524
1739986526135309404655456606004546840126037649258664170656490781214294565615815230759809321486655747689562824892907731864974006037994378525063675688926
2666979338268289800100585895026335535284427602259532010586751500529122005969697964152019166027800950592230411946223179140020377076821980251640914463544
1544934344903008103188136317431810773950005745732252311328287958916625307601410490709048552277473456429868511666984486713726971980506001541488831334844
159430763127916454462892557245773402198717027885909358622227733615684982949439997300974262251680949938128586099721017360299164160796832482186640462156
1048697514826040339464878297929017412938553524638291184279105134846855661646611194216458464013530426418609452835599765877118693540743607164909316169396
1447458537326334241612753583003087815470832675521840195878822549977134256843916898837393800515169257166165541291620629148349669599126163853197695092597
2518519679636295406997820039603266544843887566747387519140783216375242620618160118295038603234451464339516511305242009353001030180711018130196569182504
2676627832190504801752905620853907202297314539619406444555233081138524202247961934340493946676402611182155917679040834632432074691119084230702364107204
1798422317432538213691926332194488068150367738550905941973203397105667640766221820000421403321598584087784497921234009603653038545561390529523365163637
1900833489306425199694576828205915594091219812552499465999039231218356154655748571424224804945635762992799937034027823931525406784126146817046410035623
1210472583176356186237024888164945515345459780292754529369984834128415870809878095989958263250332413279866188811957585008075059521980834516797492219445
836293879211746378467633806778294643328885120767963762487978633815034710848316372964342786881341299521499496241267936084646405059300796707636718108908
2209560040370366238479508698007681445321662437974481334454151301103498179851845868054866550696221555693537245385650876320866367921083769693641114320372
2524822884500413274831956542609543781095344845914196567508679394239448017325899536873695704120891277068082232089868381801912239910767367738526537850365
119262172872045591007306599059897291643005778025017491873314744605120571094266301612225176425332909398619772664279198042562327220368798988428261368017
1070422852071604708936972645859058335998586421006550995678070813484033078975937997861304152552730003326082202492034029418659391856913359594392081677387
348220067260538327630974973562315120082819505340633508444006624167562791463018801346592888909337795430771012361636972980524034245195662160608961253955
2139926039498811646779247162485893396952820370049450603127786814611828184287456125653977327550172532707421441785113590624580348516958614317015279770043
927094438197867350122561403034504192046011853599102403489899542792604149103484164666857328614132393035957729493780399332457841715520939723344505895300
1222061779877608439932390508715967964223325239588517029519641018605134262663508246847344107038827562449179191699020035194934827756915402328269495982587
709839997503853071596926399031054017609469619503795041593190108757667814250713859225425602184191746792321517561129882722471661942298924240656706734765
970434039233880749285452323794135273035427022651879139525393780105129706873727588699174176280934279217251874909144245699753692700357289489377955248036
2029812116777779696090716656663904681106317293842789612683557550801043319510954817049285453441736540241596045012812648598822628896147831674520098543887
1572302153467397348947287091049877347827748613029837787487359324355727721336891814835846684532247125003320521574132570142374513630099906527749111915012
2920657650255211116415939213909661498271425803926181060368457265068792572690247314733814898877267099680170390641717128193435048637098549174517108442560
931268385453601681980368757615600022450911914311244567631385571036929538284528659886655690322855994629049336525718261964193151684445200038618404047416
786931128886155830882167354774642478486800528223003605483723629164964860733970369442397989320590396384871200189951126075453957660755485067689786170387
3174408919595757013816575845796572573868109685215511960198418266205693493917189065253028225133237738796793898562335160149673950030674303251945887385181
333969038918565450276326031001815120060383004372284827934070962891536277775515738210801987542838460269221498626426307573129802329011851812567139769446
2431327432962018346288438624372991980232592494452267811083098438422525009885342232346101541464483355141428953349939846499718845873292167263677547679511
311469858712289858372878347637809289479074050348487167681823268675281466053764188038851863290217756831049829869682275482413686777335021963305979148226
527833109210857599904312514065273335568906271139695180868792613337296092070345154150325196561139488739078399004596672031058334221601804537732920912374
276832611031788039495541858879257984637117300451092093967403784442157995193390270581137868451680189271043874235774600481906484193928846044246757635647
1490557049097757021864658802030487193985090237412930452395763310933983523843656497126852649961001441050076953714939116236778062919886570787212589350110
3092759839833201038287972375610047666629344069597168299922667257919412243870526857859950521761987057233815174767508739764054459318418935590433564631394
3089561930599976002741035083961902822680213873402285335721782491816135170680092304542965563830476274941730142664961311385065989632642005444964410565600
266524925506602895906468703647025644911941497460996964622257227382565888207199141590647793842881981966230472548927653712488842039680605049166820263842
313434980039004522871557471519776005985768803369802143319042942245518970784227302912063296280628581942365692726866217166486056735937362523641674313804
59149449282891061996045588325583019368076736408375147144218267969312176542904344720325529619292694377126466305939785232829989214355103505521449259618
2670351935194631558993796037408964556386511446001622788310492230705233915327378929877474441346808030587660748493798703118493660572463867033676193224591
1947001404479205200862883361750928606530135056660502829407053669666554302271862253691143834202827331630151004375386682485372142901393606636742706069351
1390356545950687905585019422783847655967138072826170803169137828026270656927020473572037141358361584751091016157875774250724797188842390498894181909442
335467861910555170125844578727265139979428792140068468510185402965040871515399367980151225274245529725853288640635778212840306357062098713578057170117
2306257504961711794753063571377280365961828010563707306084371462699793421575983409533067297900048308331151643618673343004061091252120305228455359944280
957015837356970807516705765126915340170063663016749708463833078440146010823398792133808387388362699963239588472253088134492536653575563319495620007250
283181396641709119826022617579622073598269680946715067410919841215809811037980667564657055222157570207490537610190620110739905022052124520700824442073
2355858990095085907873585238517006639684629846395989421102580159585206619822886161889802494794792969966120726643362731402023322504398037867202698137194
535757481927431192402453144595569005392160693431345911817539857219916138602687893540797580482389124417022646974714226858504520494575686432702437578533
514831624412212199968180013160670560577560087913963041196987486185244542569203252023173037625807788024109077759583863074369467433398136683396580863796
1060134913610653820620807201683195171523424059726012007056476570656381105664264815153740153740850774842260579860902712560789842319890271405113322334380
2831323261868900614546763633892874157283869375134788760035425056107135392560779199772936673911276019232203331799511639135175274643416398242798067590877
2002350247413369906982294737505780694911151748961921512512319340420288007146204241496879956117152922137523521185279176798655234178960118076285138931541
102863984895111541595593561497535235856137909259588790262054421477507823678856315002581749938200211909388604549678932131769542695903551238323946982194
639602732276205887335444955947327573269211857771131932647197450865101077487835367464918393798147937368225792401513046446525683862143906078574620576368
1466010048670986436410822291825448571699213650146255239255944727073110022116361496074798009403007154483140034362693261967037232745044573150519900512849
2825585394498136044346193306456178132678590646706836327805145736485387801046634673536427468896501333860443481204186166916512565666421767773154909051817
1975412862360049031446883092476412250160591176215461718219402526632184475415179580386554572877677689217831967921742381797042282673184112969546740495401
511141413219598426526627403672463690235014780586923853476217431573915187659230734593845387648517802839035249963364301598080056715323076403460111908669
2426312466661285074618562408765785502873581959185595776674279930983642205930590752912212640116626998875805927432601764498501264435735353229970237768136
2389343319533532518531967396178729256622837082990653360978527816684080947382031048040250639025218739798867015322726424603241110721429061531665217342644
1279395493280927548696272894837940496572241875066633145044425150155439515832166882066161557216154218098908504149147837164312030992758783827696334484165
1627198154167778800186469068695289856919457090916701903310499291462303644127671407215778566879424349103035529944947802360852891633814055952647573083666
2694454179486020150386536087638628633361289701207839692700253384126251792434428649338456946220406787000641233072846081722120678933974447118400715924719
2773729211605484140789507966045482884214658011132838107204325258942657651121834182236043178647990724788117190386918005042657561637526167717104244758597
660495473674144068396985730042567114116976942366632881313931571877925198765057244723042328369970354295138911442838351843198547607969405535296183760901
676075999460817652927924961498207966293641476443489937173273665803350343363674485383663217355321419628931118149382774603824577170348972612801764104245
1974251360900238978573492174707947839244576056438258907412740539262327103778443763577471996042797320553518590611109240857571276119727095438433302605677
1148368471022759670261138367992077610983247219470882230644455344318397265944151938937007549618490718181914403601462623317868664761771004049230142522702
2474090768106482463662306859088850574866694785450644853259878767961477128276120158047323695801254983827334728322399636674851231810452744060012165454617
3170672218176894004538295455087199078078403967020753525757490167713963805523050741322653183984529521285892331573037972364893873345537646046333923044236
477848199421055703618615033900924374803447769911855458743765302274686666366862060147957642731599660057384769998715713401665813653185834982854209592819
2997382929634568396459277171594920266627649022827925188241543179998214762659951224981308771204982622429029379763898966782362341568572399510333056240902
62713811431718601248857602712280494603865681145256137847474389260504779265205633189029408664790922667467777517413840731334181210961354012989528325839
1105255526690504533476201301034492219632872399715074503862931161876470979521666985843573738144050371192475701536739912393210337174640561808132166278767
10209237327842453027299972353487011202125576714957435577430961468547938810078021355762900614383838323141444276630978723050783393721659057215255607172
1794934383361301971192319988128733528230698139782362548720505688750385934144942814075214860942403268355811459286313203779030097181441209678283457105031
418672577170656798702401606865792858644751751772680524732938596500711751757572026872651636637350084039510202772156758627263310731814607810265368047646
974899576536361379919584733524814101807904022400667425120619100596795819320081592651415119405285097042265170906106649099261944965738730068676047755509
291584583086947775440691261622446730794547115506286837673987887086935156543218884959708802888396666348340869306611425927326956399273449800984882337454
1365765291988247962341347067956270717579584378985767853241197412725222259027449624136378544716453740654692025188571642127646587568760827197747268069114
1775286552432473551172776782323194465897329444208844540079555796417655575025015484787465930652012308230026255163603915298058428148092149848493323705206
2941958281984955009330890181776834880682581828634540208477308032841599269047100534747794163892633746195475026772948841221248688416028209813184410743855
2411740772095989563848594955331642764303622476116698441091972796886224275067433060409728679467077164725826370988245220804542006407804668374242230889860
1155319846120725373574267991352300739506700242747416823042250606307853944807501223350521526269328163605839426529901069953602138180997466207182328501632
2732386175008894879656467972245766633519943409244670756853259633796004551502110483928309851214415914249918861672223264698318707890013626748559161088358
2958483546302246225679883418852121761596359142110117093498418396620750184735696104130683707783566563270384393289099308461051990557938037685898586627727
2371735050700090282937270504266180710274733597892429191177100162533168718324265362586999191074676549332536468327564724796608570098294290297469138162776
1466814756440616723681026969994184352021582965487413594607357264803893737018803038580811778210238229848880731249150290256640805467485462372359700421410
1134959693902989174616757258626198503390512933925524123005833929119798463839611592479180691067790173249417555652122757368478628777260684923941256079914
2775409551661200801195605344590255883295551529594531916556512304384673406556892911512596037318375462814255791430593298250401641787402844194371341073265
3137484440504265325225621429968637074402364642948599252611252505150643620148559869392961034664296944938062138484245125772389053143944514739775821135538
1415298266286736967957373947047219122312088663632186133178468293035432908066777075144194992004735159736130962217128796172425790699234152203886235405127
681521536317979794036379674527973476239378242065218273700217549905384543063688647042400425183928390243778976828433182604189952310025897250081595095903
887696659672075925243951808320558558818240407049997826844266385221687121011838702356900141972989824409011373441786345303733079986015414109765034687373
1918865549110396341699132375358868786416552524723240843881033513542601459163250786612261234953891467091556065433887047549188358327461545826245528097299
2135062060199518863381027354965854073748618230060370664283186636721301758145325433948020092150780328541964103984362196686427816773489786720671387497278
1236841375559677500894704162337815211371953964658059567127007915931637243156497330081284576681625352622772788046793018115165963132867333885744033764311
2319350096277063314922585129943090002306792812031542854231012779117039649033205389407829984659020244066619035942744973452753380405780526038067851079579
367514246728775724417960217627072696472079295949275284112055489111915126663583362360538436704944489668801894235715364978903480297442368149548859328195
2681270283296363094955201628287342885461046819475512513125288281750788320459041493293986401887997838140322249975370596013423162003911727374111071594588
1217310594683221410143495347174329326030620143627841839440343770235105448144242317448115654397928473804389115357126257592266236982577344670907431005944
2394473247347266619913795297500100824359757831592343831913983788286028373850063713883204813491570561046912733600597946530527248478799300697100315987730
1570720455082044704817909929408478995282620592878545950815287284285477192737366339979097690454869236202420726354611165396058255846293387023097450602355
398885486809360217582267418745223783441934121363935753461883842593088315366107423712185655044961027054079861002562046085392784319853534418993601248457
2761833103843672476834994784338847176647036462590723708155155128659622111706156840022640658483747781003930761548651657813706840523179805210960292648361
2969836944224463406347785063078197128478905757495989120217023423589266648103714762000245443855282986207607989296782210592314775105837068326538802125066
798911360631167217636689333837800804163275888139325051102905810462399078560104515308045710076645669911323385890343246532915687129970864048556665048512
881735835073667748506044110645908133406439021602240258687659365046942886967977883972133804820562778117099998287803868275438970834550310825687175302680
1103106552620368934851159359693619690269339650545336993957846022099211574751571409720469063113915498371823552733063847759801090129389812061684541457236
555468521194839076765424485644849185756650865861959004090576501530178972088117860003157429951953470371594828228484391872535635626352165849380339286791
1995968127495304846058918763088180269535649203817122145613986205612154938377068481859404787910575435181961748956882193196598391466963940543747185720379
819062346247397095867731855256451379599715201743049448823735461528857943458096402872047768383315053522527592582827778305253349968951326792751856768956
2219834431406496238393689703785496132676263054486555352886855270006150176055850987508795789642343421662752030326497080883832340677289190166913774835692
1154732548242698606089710329496382093383023128826171554700081017204134348745596281889630072290920098742494446834079393273198655454620294553113180301623
1742730895169938058713244445104870534876374933782607832358936790398642630322313483437498685555591600623547673502386372832739458388276001035597546443296
2322560865457905252237396449104684126964815233782530345770297225599638680594848015378716850332653774025980759179640890675022546419870271096498814163065
2897730776849398005319015353763584918967874173874860440527329870943675322016226670756588193667714465123373742745440543740136935043733192454389981270632
2812569068070909413821480883637329753979050308674179954249636471029506048988903765736557014700627216271326903223482576151194194267932628119458560688210
1169907843938886284720706788155715312046721895346897253305880040876824875201525844269627993905165613487646662318874257743940579410537198823947665811236
3022092431216402511485130593911443996466518346335769835828370720003070150943563748804862063168579892939175858501232454774070593802606837905521171379471
2034099319655180120823361842965508733026460358592982728496829225361455782563142217938597482782737955334857680024074720928727081765956993561323390957107
1242851596034243930976474005459484958328642286796225198701679358986570126239067679675118907127418970002948808807019912972298361638162385187151417979754
1629884918783975164050006963126902009008611360258549079161520455044227113556716999956931046603043314747231432487353144715091473301204191687529124547463
2058294060964964187800638346899662826680785462941742548293670822609701098310912670039511438049150644205227431469937242270504152521741986120039271800434
1224033159977569831571667943979460028392678837167624166227455646252657330595801536241749906975611184265533103260421635848705469310156245656978832555536
2159378118640639250260090938672987766011699931591233318700781530478754717470588492968741075839196714473505545762846929654361043176263551129929968918487
1105031231120487496302916528816921152484316299702465197731416277736303331798053498633420533578437269623280468308526427832479027222425419471626611471123
438821396564635719055097823658400609769795463905880078032170675698340814421978243315138534077351039419789218713833861334746918968836251735792303979206
613680845678841396262679561578042964714049813980288519840750086393564215453429290746789937070734079421035622884598630778397091177200103314769939904763
2998936945072136959415964758072827418750768865575015034507007468251834971328784698269386886088727692204404114916831880180525816487753833042798949466219
2721469834111624278256072604174838313208233210588988879176918295206192017935921865201671695191142340440961019125605149276536522094274318768075469059981
957762167477130908087361256487956869165564690529752276670488541974910808340754700124590045193296937807147803839897988468775081064769594999502428923204
2651664466039382500692789988565295660948567533363934504992128032309010856084353494836317275200496439942311370381070161258869093715466905911418442418655
2486409904041964210423587427963765158623909524912110633141069269830890725848255307093789420838649449627989725813539231325478961646910440608723293983061
22191079907330653603601747818394151705261087379941107404027173051775283113061236262626856224276561773116190829435893889930795031739009510001568175298
1335496476192694434423235676446086023954385056782798427136436673787359021599875640593325700377367053729797594376297140753469917126645310803371915352342
527385662320149759991928704430720528761403801732500733296127847232006231963484159520584210734814956573666918376183025730445368819423401750297596304640
2819988966703249986372241730497524438203434239512027852104904735441632796554181043298150470996121299645531158863449487052989663150761373825790105053186
1730604507916352962293517759389241827658017883047242092706979105556978492300281068662384203161414392067450774898140001487077298795074749978704402593269
2362547074698345749365250419561330776902482865617465416732768181467298482303807958844063029801384901700822787160683292185164388697467422025979465081404
707397651040422371732996996024931421083973356751313510607345020538179352799144932385206978554797156626189506567862147057870143842634874551245206034339
2411651591443048021930076903218515134059038695549584203946648420038665283260050275224293547258396075792805143764471534668839544152110351220427764056907
344585122840553222543409586599195727203401621823486822781957418581925954523537861190785473223565482436431172143934153145946725793736772303156443730604
1338557795363082003535799509755161151391793973016223345328997763089865471832959899142244076388994948541171878746594607524344447098081154401583396781888
822512387522502391893154602438472846999650290991867410880007761475728250191405683015723950632760792862081695866980027650502595228646663441577183868353
99337851616178415314105610620926531743625560268789760074414255702000910760935164189542195579778745412171234134794941106900939711579921448257295061891
912247466044639829975268517954509654972599378182245997724938400340560903710186687006223837950402166744492140488265580508856947555279333437395420450574
135368906747640244555000152079719543704140442280426758582418110328202768896992504458414321057407957561405838554484206008507241808204115214700894590862
2838319150314983795281400653513560085752621516763272129337336819561615110984160388600162798400541263559829345095036117475989271560603918826212108901657
2260570017550685369068652483837544179221102831280020504529209964240415743095775081730463607861592292132360812383998576486323128487696945544504793040030
3235482040390606637516872164487093398431239116777044575544212098563498132761785497010866382217844664582135167513363895037332951073100520543115204048029
2815880803089893611524192497954980669930680214530755455958299099859434045872349718959407517171649514300712326773483239956186767247359540256208900079062
172029395654302582793962854459485963016965978425176873604296547789698416133421584722834348937838137415631572172849859438369787591193794149860298861884
2173082805700566601736570478154548887867914997690743694923718539146484816147562590275258263738928324617742874226623648475360261249431476725777252452574
2211447470033059335228179641778772341698856805107023553757200192949270557829147532706454893055535437692574586712769770561611487049013587898142992182653
2432405028992905098880441992687273076368869927937829954337775164710869083305361260761601750071719741430642580355219945411203043652213193827725960643269
2571349409741292661757163412354403185529101375231357024400220808018388910365248972374656441080912123874412737193348246098654104701283131492641121045594
1881778334530854378622421816903312143204288909789095485743714423383656882383956932272536200310227541615997527512486640604357774134520423317151881546643
710569297989109420583792894180584658004506749783025257963715954353810689090542951720523631267924375040858411976079556722419086400524325000989715936700
518657240612228512282908344733101571222113800586631586212129572270028861256961317085813543139918130363177574574612464943790542435621988376316894425639
38822735143190798829250434804387474654830382557313269090616016357249251173145726309824575386159987121025018484061356191990158195938035732730772033834
229196948480912200118768327763545472101963152534699032822039948336178208792085614674482203936896774065165892058538514696044685900462129369408686687661
2177289398164971025471575961386402145144445750785536232209222108615887989732356736645374240580502732219011647724453663118972761871561368723477897103020
501333101776556126270823408650361554559238049473479557180959510065961387671720109451425404371647288484226049149840135648161071373804693419817220984178
217120402513829750473326107718203809860326878437967125862529401192058850525936272975586834620806761129905725660791280337881903653998663471763578605531
2755958249883830335412172944144554366512822627362794221978660547862359135489848091539751518710670059207000213307370378336423509436796750070552373398672
80269603169366292691708613917430752250432483379319392764400273189906436419866509717605035886131830419464027311788425048921488397851215522577120959825
884848882207017160701380393622497176639533279779152972184230608335593504636887503636528487594788429091174359100489803083825130272129857809577176899690
3055632049172099748684289883874922175232943073929509104072838153867765151711208234263541537523640595239754155144320151438875782521196176118315043189373
2804485441932133399002731266876035539282494249711260767200103876190731447917411022115561065112798507064276423175916754801068702963483583516762415344861
2979685055108894712713819528158937415345562085588494130725672766872823431152191988677006707469768522073451873762450990056130793095714375409153716833162
979139884549456789977626847154129915275139244353390823952556639732333184064965810620452447700070148017536724231720855746111287825269829366839784475789
1937529347056398280159660414651858776261822981041326653240663675763545320839857099428417821779272388245007411195979146746447624699971938597284234045245
2570809474513809969584310389990297432605791623725901080792717832341876958694837994105799759226705449853548649653648814584869300282234995838309979989472
1938188775737478287116605318166505896962442083234332198664091503179609728230298243775567425324313167847581102324917584810482461718475265490139915922843
2186604796239803902684787735727324340667022330556561919043126324831083486798976569319570417989019208162711848464134353700740910614570985887526992071009
652302038312592174266126217718288108269072981901830029588714298978794047467198621051996101274886540643361264364166831046551501809894295648821980596699
330703767537077629373159046936700824063401099123402623178552409283107123131978193659903387440005854817848441001309817248899972775833060106368732482865
2541198782325661522026800071822013018232053820437375321669213822602128847488019319825178184718382472379888956323515249332360976671083100081326207324456
2368411680990157409048369851703649376491295872604531902904701571774436929294850349605698884368783147696774674345662070748607716592921996860591019632613
169557995920781304073350673711688721030590670942783954429252898435638418771333940995863407506847604779313355713532602709494885350002253087999010879943
565083226695183143756498941393745783302176168951408577427771166355769733819996240840654610166863913647889607971762183066163377483315728007660440571473
1920982526940328829333877185908309247208492132257054102692201044257357677751743522434686898455693915425512512302846229873412094594196974588961672163718
230585472054708662388629103481953850047604005996154967407742208069508991945265598157569832442179380454755670293669207552722407317598150491511230225929
111200218520062082015265834676090133505112065217977671437121630641300119784893857793723419431124985413703851589030828213740713432770268046744922276408
3267660650725460061470693738617092073200861950388081248909925783228913793238679885457010043912391370725852594337960400608222865712637173940677790742803
125886604419913134046289372870761384126728974388151386290684676308503574470273734664031136697477132714048041279658182263633535368213743997331314373069
2028086239338173217159206752517245451676168471817861665806706719430930325745050677612293013755343034713053606356015050986313291633543646873882482654707
1585288561963580415855260241505764956007698390729403635038241108810888358043392169168216091006964786846195198587362135160754498108337536455113083542999
2553611599137796662754532673464006302831598615226747330256533261953093997701402560459226965150501717375547182932583584403116285168509718733348221003276
1878568963908756634836183619771878536996728687096405442107700619495451375509507794844292124999839917376221264496957604391984159497123215425597738061530
1261822307291473248305081960740949453948050116369222271692544736968721954408936897902893523696247090923312497252159709281192091653446456170943728434009
2164275446897463020117136707866847737480385824839061723750436330918282799871262770291044996463061955651446131096769927195833821685412287441343360311952
1448579788052385110378236254785510801453060459139979791904471702131695999642771318040637536873318160462201960920883150667591683622255420963215266079600
385955472038346931458882224256159886999626950846462122030354186371553485265547364112221199455750527311963609762260211923180280325025535446817565854324
2968934101408267314959617388377240187217524166749256541799226846292593824513831768451961478761282053152602419963015101670141229445985582133987515976754
1114580596773455398244714027350369313289782169993721698322590980355923945241470798345344633224346578672478318282527856669480385850912089658479348746587
2560286948237075744168868394263116834206420402039095599454979515805760754905072525223503759954284383484140800160468073219125121587531426216726743804237
2191854771950171816295084922003163729599618270979650364653773145522149269746590171224513160726892234720191542712713450386626030343388549107856585933373
1843322188385092818028158688143830711600610214459358728169099313938077790604369097830348476226915121175035172152187195274371617320688392208859753331077
1296341112288946972280603640089233903182050255793243167588535843472538228808622884229677465799029112192758643825439522381930397102468668604377948469124
2920838667216491054700546903159909761591848769211611751687889991972523507085840995968487035406476012564589690744625811257397641754802565494583379118832
2372982074125660977322277168571188500891941022405195849517520373019780458801404383723356856206086457275425102753416130903424646183231894532800920733195
1278435355772241207484209189706521475510783515246531748833546654061790828080836192150598421509421853036326061996462434735218427075214209529703375946206
1157695543226855387845239711660034539264950536861983082779448779756433127367919031386968629704657157148407399311689066257553386928568930693602861604195
2246086752693371093027501655385751118997297824636175371881510091961519918999135765893685875090487996208350833701214882979718236842534403751159936418474
2082014188788376572201498249153087144425038268109534132775853372674898929811256620751405620181223313944799262220671286679958801686868635047330490941976
2457487086622116677270392646747836259988807044833763944887647689961045746553822017963768074376422565545000312448907019550623130912278004076535713133520
1209847248110742745466032696097918878333161475526817477738237584946097629671651602655108294879825860096548921365333249404379765593691917979892751771312
2083080579146257091496703384059568221724980699696183599489393743678264135886276984529520012476831717483328675940112299746704177132059162609798689626192
249673807672512206699707293827801511023478551846251196875276103615969738531542399336668336829632285732851365024418610615763434518399856571153009501359
379717542307311152597255194212924795542314269163238539044837202771258396822079049739994006343850706849387710820141467128965675481889530195038527514286
1660447109494805302348068231606421919301126440344174205239743996189754781319872046265708459486638269710880158419467949742629934822408890288200610518350
2108160120250260725565367219820457907922800367425436037310228903505241824673055128512870512886625519978276971376378452750203609944503613217084804827810
3180407798777211472865770184912722116100794375273885200561237345232203064692680200277180010754513287881543010161395057683043753819992122437272704048161
2576618164040164677803102858960300393476549577295165762597297890180354547735188121970443864530719254651948782154250462929077453080521949795259584017749
2078938314714025204110485714204052484277823215156880114387372118157216378679377771573084695181959479587351448405548715388902412695242867262858666904396
447045954179622316828901415850410906546862606579077832755270808807847922230902700658361859533890348923137650737681474185953045683731099264095921653120
1240874047734860180602676654864456024550649696974736488860772091601261350583404842682485017778447371469214357244696405912696541569805349221631566966885
208427114798990259010948841941217647996782961043253315660332832351141635873275353819390694352971340258146271391265260623705213815653828917620142648665
1995033887778941455334450600544041983722385429691205639921191801142354891483038435540998063677957554044046427564484955420690934272279520654059073972366
2751142110454649913709351453027897781305487257721724892948057852819852501693516301241083171819118711941474174787781230416701707161539030037321364181632
383266569747338295407772932958777944723146822046227548462169554384465172122390728662740192915856841585980720638139755103265537799960593486061692584530
991574727230951394646646386643402494989728838738954074411404237150151506462849977460455608106662673839803730906510768776048089077077839366563893928561
1236150428121836008470618639557653950400325466035015223428019399407972561747476387777873991365348352619482135137437325604398746828266926857463902213353
724501345743736119757713892113331987174582152250010637524318576299617442058401246121723516274666737016453535625912555471116414166546496252320919424736
2203120335721754725162652972154207724030911852875917875537556116160827038872184222084699736447168739924908372266152467814093124220059251956759588758863
1433301650339634164598146588472808756745994061690565002551720003240142798305911561519924317068301796033191791869191304477620915643433669276830900404066
637482549815125747547367923873092865500918592725030528237089498084354986508430728639886230729697510283484572330102443214103127843530060825409467400799
668498091114066931280893905398303450884793838391828674286404405597314158096710076997316803403778456156631260842052640616407878489966751406830549158924
911885880062552359463923397702004389684044639427413144890235806269692117274910345370168765848679739009395358732580737113573120873933581191123367162556
286614761104400058377176664099601903474641349393665744545387486617969535432967129431350062528921900062234012341225264178122203618532446394052815074442
1552914908034589949820881767048848259901831897256253524774979114737473914275334590280418717488091821915937562741168970926049763225102354936470487433808
1447977293622633231164667083530720820425783068675989897456415674783176588574367580169431201252214770243704519903916861868770724925800865214615951031247
2842832917806433527756363895601832682845735255249430335920361378113183521676811374647110908642615489913654223881184493655603794098911949608131270248486
388898423325264822167296623244964376384502530098256940167461627716477756984328162601528952919057790272397868912275442891593542802320178147267871833656
526287167666648886284129349084799140105958625336909500696471521912615923485828709990050977184981690275420102073363953165156707953267298848240169770344
1237628826131667239743030543088451713492122984853751857590274824386677397119660261653608395813551579907155045295708846629717945628436771698399098034327
72007051289617416638123931651457130269638117189106118429947805131245876127546839845153596479785631706814567392458827688704806917696510719295210240696
188328734613248444629267381513905957505494528646417723901135735971642797449468202248732301335801192366947321570604835040018076090064157522509359597979
426667889127951509832866932110303724377768545087516535626051754814260981131948345858105141216172233427620975195106232658437158950800054349571679643200
1121214371835474547434945384139532856851035116381342155017171291315482288311007746290586385555079539219416642105759169017526075965665922371844293415070
510099488598940764190281356334284542949859197759059059065394042039682364314639314934530720052223921863013699769687681424003259197882756940090112065115
3026749009665206092299411224496599461541018808467367501173070082528033904617868373367920128233459922419176582453871906949630168288246146846542791491665
2120712806385000176655747765715106914782381788703857737183856449361281260596348102970761616500547464675613305980457694434812416595392484287030108558690
1473596139361839347600747816098450270666779900303218909106048779144441106440728739492866664150952231969799177337173665856499935231464353568507331207151
1867027033098647928937114983078323046512409156965881311774026923715138216209994387456712384831617995132766903012294978733973739265457392948580459255401
1358292398232137528779278371777113172801319323825894556515540428875124021412791483563247109997765633533181516950918375488269091302864900090355352959647
2106568615820194026457110642901357390295466772845381841921280232505886093049344228188861067807986998139245108436433920754002663140173264779900741819105
2983041229646890018938840508884130997077963052147291472166777755419146777677677638827907019423661684065008668007670047919128355989757676978517307399270
334502528947018606740858482438407514331475674018636268483777420216819828033566914065414350776329896191884252329868851150405220653323383768239364883322
2749126686045719018101049468986423112991556094877917641947190210187233130256793662856683435922688043951815905615480144521632342414326301854222929177707
3139783303944955728421716109292710322470452252230988471595899733154711497882398616629969364400935594628599909869948547942922977400680675765848725995764
552235625088177173435511463680494523178095361845724719308403122023709151552610559598086454030938627232737650080743680119635143828843797169242025637101
2241241026647888246138741398657932506548303089097402316292404084697440270716167518943367170404098578889583252635347408160432672194859625950006445617624
1735829029169984835804772766163680312320904755233399402245950078329716101437041120395944651125979393166713233422764415731349083516257699686678802616444
1749486211621157522918568236831686634564420168324993693765488864330475162504373875556443265606877090958760913075954896121264665751985752663764123321040
889503466748855919373404855125870135937792286083526466752217996035667202079935190570742276104719757403143867407925095470299277583204592980822901118969
2492028057994255587218294067260257342316126828185367982515231589646992044321794937335449580836076111386536263860724825521057248361538076931616926742313
2942387074850057803264884853727177016637735960842909733289305099568379824824622807234749049815572557876934916450746829065593942525641113565592832157742
1223646034922212567817611512552833240709932267576887551589187435943924762820800650691843013024795591314546785561004760512507406454551626670202980022666
1958870970009541858793734126184061777050438442706583812815168966129228014104277618244054967770058113360787181074487335967951909683675414270324836395694
1445307822720581130325011027074508053406240627561505355169256752951554413585362918588425489122955913283496477059410012883275177428485228044482683158765
1167129353766371988698359950606215511726343272146399117965773112123735766079410241497074536071018430704315355817543549549821579959873731218583859809624
1014967504099672803936645294380158413020809698392021768132707343957759606759751712652980315006216090521345969066404074803500652881523987896245683790937
2801488787327964238308232583926662817218021394482019919082973231841456441719564772631760303758748174674630274915912673232734384595553250250491491353924
346170663460842687366740373052116022703823501495188936990167710701921635262744969919307003954261232093348781357901495418603119889432665120926791188188
2745926878831639390553201384722415432245871834328759768432436332055296550484213863385766114375007432431764956945665396324133447651152068522507746934413
3173589651860298718649332639961322391008707774746460941785335754532254277691854197896892620386899410485119059001087486002356869701776026609138515006838
1086462127230873626840261460317882628426920800610538989469916526371113072821724488081517590647859108700400477161832877257627739047852338395082238516141
54806973233474613317531523270808985037895907492597925466545169000638750851635405633160897153890646427634219749505077266876713578587606779575043037908
853640132550920267826639062621818582038302578303664845651740966760249137306977670348723831829846419867018170681168980594190406968766278559491261667401
657376032418285900235133333373883647760120942722263193866802755046338490467405812086846266980942182226320333918333896620577233766595983092936325830244
2238116771353908584188663901980692240082488251187782270159622336001175451672848925314801357808040570599617262114133784608969365881813228152506916151443
181756450735002602923328687510671018503786262131103543172205556939494099869510970727109296109968445804545676141233275122311472618546772864049391876469
2251499100881722801179081007895469006695670129580342573311066727079617272735647805706990741181398420659006194620329082602533920016823056835698473650633
118254513361153608960135840331973548471637166573674572951149139056871345951688252242680282821552233489702802070003316492921064395241962722450626196737
737812484932067862323260954143307932927785634658388657216423598070557973045343200405576646679880769196502866114933100990011745095296671014705600239261
1025636212997667892180547637059159450848106733015977844252587925739926490612994946721625284648494514986036815330212527467752914682852936210211564162003
166269532654349613729541789074105262856437261732628478279597735593078982138613499799620588856758472996387285494148260228743323809602209823041685760705
985509359602236475515613042705353154389134520186812027562474021713106273124031575295785990288461324987006234567545957967511751020338457631308230732063
897156110792009075003367650511844451559271688099024873503495469485034653425812015171638468780261018167647078674670342158229797262145487182696577576949
1829100989886153629981152004245654706798408714445247569262721873165965653760439934337061692723499180651677163493813406917997953405647335421476203041075
111693275500186575237730185575742382541770638520392482092086104377407608354837556218980935152708420751053393995338709039068914997361116939498220142592
3019534938860375985082685863347269182678550224471961162362627522398596315118372812096494159623145136423428128255422944892527620699537615582857475254672
1320752712363908448449263497140682764809942487027528929057365031638689551847073922217657363609977830692532257819970532376869020664118452529295741130769
2393817063597805465132110631334806161270839245064642293579228490651541789794501022991746656913444775278357065097847240316240585161987241716077456356722
1355133108184314630814112205703171683877200667557751843953542649010598698042374808755884682603485143796641314972225449060422355044594547041553538331213
1117437178777748853759589412355234389841221914574712853418053589956052751680756393640930882641392055708217286510761153754564055745954197873876565042084
1655489101466835005731150001781359936727615868580437868325674153143077099571573174079374101744079731169502129311157378640718365719857463882107773174039
2203000322048868097176954965653393378385560524400895531314539318073196502859300847864967403327157074004576607389687865372601377108665209018990529321757
1929949737500305437620738715162550493966880288990535079477586877658565962927387309186165602364897037443690957500430726750859257905710574341504671107990
1272090722042802346727557436165635855703571001401464674179372664299076095137094846267848944767993837462684336594357732035314314239713442293754855276891
1030859801945115166412141730502433167926689008242078330719024798947289832535805233996224587810923302390932040639546265224998603720944576665569707960197
