3600
~
300
~
2
~
1607083119369536871578516577570054357018152552999894273638132749740794908516375917387395480
518979194710837180027092727075066691125628751581279459973038871776591812854793664552196195
366375615609946090051185381818579056484383077414331504082148813561685666155664795251750341
1074781871687936099734249711255080375704797488568361463873449028026444817215066269430268639
1938577564929145752349945904841386436645097682699366167561124651986094339088438734993412999
1169384537257891197468259018330325013155485049626480397274783428338313833024079969241757978
105317459028833109423675989607120256938505531336486187447966417966922011213947600411317737
642149729125506674893275141478225402416991355926719207916720906313280496480768118663245557
1543037658499891670427885303238113568133497141027813469247548287266629416145812214025425004
1399526795537195432386032202520023143368321677460073499185844193902742425625325866082245262
1678729609206734311888027245385801823894800807007069440464070714557509021421609764769611134
782274584222368423425585189023947952057074779414259941796607870253726234223778312703405346
761060976314125166618909866486150825265183816000345108388774824388979928710754564592379378
620776045206499936789898352951467130038956493943446224281138869839382788456672981431860897
507500884611445684279443797638735230643274139531050582143286665915482124020005526399616799
8496531053918990195186235533630906050742576629908317155394146896373289390092019435082782
1034947748485028256314346941904167507199548858212404504296250934753505382580814543547729502
282760796821895774640328501067774440469786561337135705755432156502499374999505009243016654
780717469808163747969464607451888070839216054955746730956888013565270706337541395867613365
1303158571813117260575641726971383278958669164595181005471347700740623806128756389906240992
741022194021186026935536178992748186851523037547122519125116182172740003535969910302331212
389025451179377219908202907831691834986607220132753011163593151253569711298065801863335603
356121924934680183929931120102089154449404136610476715073597373081098490009891355595123726
124719144114259177795485588097868158715468495230822970455373204040305099663289565140206534
761827005190534772768351261295079022010349508545260778452067906627186345807054824351890501
1637142223771341773364595881030016517038746989573807613917459788264014228091841312343459098
675146013758395293479934532064918736297464303123522293788594681509408679726468697145571184
158827409610160640330636343830684549477185716876473165918435177488714585206383324522372407
1837499672030743168382804842228356930460023854976957743239568791150214624939527565051091433
1658417552479959723244381893518029046753564411806449838548420441814323873371649779980985871
274004579932342553186672801811223639376586345800822376385872186352581655493031469023356877
633821617853278965361347401112712526906829487729460970446493259017905282057226308264307781
1447456157280967040589973228592218327301066069475464120883325742379802639257798254999488320
620889884376588988449953553711809513762744262337030697024609621907031163572834099471145163
985206648033840562527219604635599479071333751758829345748288447945283017607491141951814364
761505003772007375270282160593610438682068545695617094368143413346929636990454409448704993
707432778024297019255729992260860901550170463862004368771754243046658085306866493958460196
1794814059986938878518613095224650634529762048366707650704389575001273322370670341843262303
1358940714181168422787750090517417793656580102078926737907039178022797247921207096157356743
340748707217455576838929727737655454573125951991923496164555165834780700343155598258487472
1234023964036319169218681646918469339602567114612085892275008834100903540514991894213258080
382300727191865243914492749553874357678518133586440119188591766149036136353234222180919797
1006525261188651138346699477806361260692753005940646976983316612628260583637171821421165539
1314410914338614800578635010993485387505497584260895276307873644785232805030992943832090494
181727281285475501990944320244585476959319729484979355336135483391304446347282050645841064
1596502978900175576522460346524073771667131351962450963545401281655890896500009862189119211
230519115502209921258824663608445668120255780124288829912804866523985037789454439368533341
193282206393533702278849683536450969263573284674266047262974685573018900002252211892839284
667209108309984078328691363911529845622503722340803801937673838884803241108688351983378456
2017181516532518859935563865354855194169442038055011142476393435183291939247225557204692213
33331280940955429202291408320355906888024450921932687812968211591187359224543100269304090
599193119492860946410718174599203777996622394469425515979485744380039255281252487755906871
1873571027006540915989758800797066233537869075813274697501016212470392609702456028238113561
118155007952978699903361845159815206362702716259779717550478062201167483898434234780795158
306363108851792613877759669340805379128664041861515722190726839933316703092863344133090691
1933063816537039820592710579611984056115519989136868096267566498318390734212754012248291050
684949219429922940200002978548901481170830737222090903146554244385052865268999661578859511
1042545320312457495111579489785938508234356013382500435438493003569366772974316540560022632
1459793208461554456872336657472403534635773891224079966496510710798524844417873695131491694
1297059512841004683333920224659715815114333037769763687980886992911879063620112064785834305
1762011804212644948519020706446406369135700997763034826618737605825571827425261278151058339
652165051739178582851134177744781307579251801818582661598999094415790497785137682177904522
1638829427242925563299293026842023170650095242794983046925521555383553545951892216147291287
133718659819823092006368974617984359216095998806370490367607081472841336845485780817037413
22026212646340314436103693501554238241398447972368461916908046700861653680200355486287972
2020559860504819962776834023935486509638420660241467163303754785365804436895096028675554100
1709489150095621438590490371236107020784780444208317313471587602923210400604940698681969311
648819607583413421912496254627808035299721053173527146433947951761301001055061223511835977
539223932731414280434362508295994643603301901068866938560533065531787646773948907491841192
185629131783161060737402437796008662745303881595736388347041622651785374363198380210989991
1533495494402473553863107970377990993307311312305950054228291004873017678456171557292644379
1191345280957193144755549795086376633433261545037759622946104479238903214795540545051694960
232064623356186769442335259259888523961950896044035251533811610478807853517412124156921374
1136135996218808789368653179468674858275510637943954977813393598349194197701120656529213071
437632665440926502774652669397777696422164794102075463501340763184920122757035489080599326
1156112749302559556782233919103104853077474050825896246929837852756718597501488193269216822
173832245721817558169376430914935429987051029990373882679602861273270445406936073566280764
1007784335137121433644147229327519037065581650489717128559080981481970570238510935196897465
733830697300004039627777679768033527004797207576964865909298537858301489500995407582864903
1577720612074251602627420283911058478519387996926762806831557990524891477848097926478077912
1592592806187052603787597691490457122167829359222961356353210258758253853221190883690474330
1106173891946401584176875239739559286804081993171338451461531399562106439652478466717993834
450902637607452994271985325933763166021165232611101937393395234544033741690862346529311995
382354280215512096044607976134273233537400879010614976359656591344869310371981628919503815
722620794833246832251633928390000545553509226095754915010798289609052029549032588497504017
1218680002632259332547019905714742319132933563604093565444377403326737085280484144937912845
1225761907870183017043947356505043070746175967565822475662764379059377087460671910368897589
1244243918820287228517941484047610653640971602734934629389974493074234233063507990229586569
1114149879256320698616260785416106391649653041765921402295271694041373562927826334635583024
853598162560136282549504562142090928618090840843470667022356084825210978227443274470839682
310429256117998230448218860385496440155325828947663965395778484620072686141586450206083485
414116945653941769323927951227341980011577491967460342320007853541567672763887685469313707
504277747374522229091989862580682587468800129473880305544624414786338300999003977738836372
1266045035505946636686517738173441467132025824275904604223151244013527888792108383859887715
644056432334836775306845695086602901368723833626090843089864867898333686145886541816033740
1928893807340965616033514623107115692131327905362398061638606888669597528862172345785719399
926171280403323553833974842477940133077798528506886109758245115131454247653320774665546240
1837956939929946555028336292762492089645463586737244067153998794641038672378327227543843482
1332864465197870526998815762445642085907861024245350111633281973323608600551812712320163816
1699377565028554163047326761775160645497212939747195644605669392478670252755422211900086434
1985961795988175330051658293048041203710526863877774276557191267074035913852677767933669365
1054876812718780527217246569843777421179935156732719856411100605544806175213825729076891374
1430209821738742783731578630213831989232008657379281177087373083512703831015488492658309878
24027271318997927377714074184184619296331212412087774425105288436236413666757343171156456
1910876918254367059085339040056347498744992116456440035984770339777726923141290796548533215
71324780172571443765357543553073391258687842835556080944250222048697712482480111281308595
1378424169768420367117559798725479023130968306285021873224668162470088383492266956124779281
696977767800219050137888733417450075761022643244707161106108270998193269507134150904216364
292698181144623246004056503930896757786237361723078531742420617126840596128171239862689464
829202865974165215663335684563809853453577667506828661849798924653092323973981195210135846
687606139643869527915153588387931387090811336749073043824992850617623217671143225590005992
1256852458192507289977191319440306649162649906546032933615497045342833745526547545181146919
349702586988618079760838861361819283100875863860049125852994494304777790733655490732319441
699549131030142552935830249836496490032300994310867527048299216805560268815348181181386381
953724956035596472648969189283215046750880337162734275738964708409454183380233614265480993
2031980201397289745329295869712024577224479151173724952524302730562702711332644022686833575
229611422958376184345485275196842742492788022391886868717269063801203065982601227496407637
750074313724322185470647489711824205187595869228705835898322513215456510065415340102277770
191533653515924916834359621449506581598118747297793835350303595954053246192320644462647150
1305002584071829182467920495225102268228993321202724083637386760091689810435579751751318893
1804322372846092287352989123630179173153579970865012405072195560989014818154715439139275544
711787434517902955096339834052733785036442628986288829136148767764204412589208698016025185
118047354561387410295274428190805513709714984606471053986334302623032150547213322665258896
529193543564307070843313622848347445314317844034536795098624379927215101705285778866336924
1674617748812115437243579251521634432806844959916797253825478679725648006477814982136730940
1610470838317608483849069457305218030516619800779332829643982905871110514871639814039277710
1579525076471732644343747670226757555965535734063742119329974379749769716548787555756954691
1174477902279173987916768372162629679818163260902650494382816662456466195609898745476909397
1587084404541349442622192742951545128450013256138191817150278972984127954324545927062854365
1783961470971599766087780611803712730585382841865474084125649143512493294648035310657299832
1349302991802369175181575169075705323008996990628087126646552631875143481368051535015816328
196382657327343336493584001911906603705584880706035754077255264229290165394873090144408134
852025674307147779504615799319755687191711524851673423272214170062794120076753634587062219
137469917675742356915542472481702998284691118282877898487914026175913429364890368020713813
370723123489315809723200799828743963063907588081765487731806790238301424086702297860381720
1297708560322792645870952283174261795991787169913889861616038843592683810148259351745086415
1233914645078289427961510098763553619329852874855572380643835979960659669233861328312354189
1831538395802672863506588430559959659744651495925712790690564758015512857140268085293713665
1970494689300585159186728473122361634449583808047311525441196974438049352045617175848416522
1101394384651668984236772774402096065933046402307034902048903960325262404082154978167938551
894699490607704505204710323373744210693503004411710823212670719643759358853161513665268568
167945354414782060722270637737257333040703763260663860463115123604518046604355627630101008
970530800155681026796785241817072034597215846019297977127929220588768258902784286265803294
1967612777701589581254406479836483727712046551854409393037186957417230427794121243152069519
1204317522865854490141245973715013638915747547017626401931295589874996912846767626388301977
1619793055383089154468536324977626596141548443801154315080735313538764506621546177109189916
421628451107623093627369946719426182619443007197058166024827410997001542501102292015900226
242902866203533643549298153525064291612794636203497888948985289221208379374777369492110416
113779438424276297001578312009852941217697858619231890724335442960534622327075017065424908
1770104324251644178681341174584512072907254816970153736334723115613857249041929724493865519
445856508732094151679806245730614192393270589657697578287205052924485781676753347550072399
653685268817128517247966404965842109565922935573859487886668505040861142882762251916956491
1282067068587660742506645736012884736044001595526206283036404316777063318996080553189749955
1270908750848879774570359751192746522888225935211425391621245836230420921820968980668020208
205660298057783878338355378851002347008658976851043541444572205774779067479524600325663221
1217317572454572839551891539828220895900651401470256169553326938762834142817269393747826871
1763221540762516005918206089310896127839499700203680367554185411150943840641321838420537567
290067136015395060542577465966080708311845289633714907524246656089882608880584000902549029
234987547362844372702125844843237832939340693584822772806781199694670993097250233287334405
1237604755560674127663987092677345257052946681447859508387183926201691593934204006930449156
694336432354230629639725867727104013436531920647239448779112033973501621435414521612685651
153696861703407616620380679157534794878947844342625982094292142047227351249459467172087652
1075329141568876567169475398107652633866756894265133306899825488334093308591036911607219238
293802108399379129024866352939287596433147735109461503384895386392632664373880279560883628
725274622244554390822961537924963989368191985759976914165720039255464632488143051072335995
1173359468397674027760538954518379512065565226181752055071703097408858014973461134125599039
1059771150938004432299882406861687738607831139938929968505332169322073635594789242426244232
1119042914199652776211678987355657647591300513329911509178524213581487206147258594013538117
769474486949648795107079981597772139554280495490668963698645081264779106784577045122653475
1087567286343364435479130307508286164508196520200929773728068934223105812167255631264305485
75208800181184535438986157887042497145510985854764749726411903675040627891416166089837807
1802926629701718467626273432073369473776323411972040990798053842204756576286883492223508960
1239055004825458992402702802839777357525165846870748744748140205636518268724706801090960212
1990280266391007070346140502300106808598713546924406928622238986732429427705884058568957814
453082292321284390034358647593453467571356445192126199057413382386057031560900940203528191
1092977280848546700062104417607673435640079904548630755016035702715722359674638334701433854
1774861441636275273367899961069120531433458839118046870272804958248812679007913777951189413
348666485580973043010328507125422403816684839449978915463184764094211918938680626603020462
140253097751005518434775062968355256400121862521254197736710803236157067924352686764910152
1525321579360828967007990262524874593201000179844736031757700448430084066721995017775333657
714872854714031682544969269843755616089079515967954868156582496685015758522889268249100839
1046038951203916968658876636346901352003159184189056275040149658074817599874437655986597150
967261746987373739077546059325499835901282486131468172807781544505648792677116339072623068
232968973986346515838971652018576240765309179019005937242750601506942398224161619327922703
10410588204616477442891119294505083157205418330865810470018060733640676594868068468201368
643441438102087817054745111266810660553330234055133532369471648769551993191734248788360835
1585322408154516380489185421048545425969195788238634428275569530909961960796474599683778145
795085536089617494466516694206042284856433501162292109175469271243061142282516847371940558
332211131517044001824641268377485195592481154327492583203958213540272280368781985223489157
1907994874461805016371074699327754945170250054731740150551403986598780430753779647109796565
64280188992482463273753372211606178819762077228536833796012943771384681018278257622773670
1147176029623524408147391601508232159811441662827981575271835347833079421141527458874225457
317356803004687546599882341981528725500272703973937265882537132879389858494082849273152274
1232421694224628996712593643437230750921600501778847463299299179498821065635423591848028661
1891758040563772685117989325138262162588134691682377682581989854156967295995715825489254273
41015848371508173562502444352704412551723595221315996068845131697383952394362321487468943
542093406124771391870196570753333889294390587375434058981134368413097379194752424472488104
1685351322795763124683036343893390495353316152969854141761707300745877669548804742862490841
495287344920566752051957789088700676876967530683129474908108396595913641608085965956409881
332557752728098883925794231080023345051386314362369844932858709631583880253470970221336564
1790862330312306798374140275273174699520166895214084557288002455404263920835097896792757439
455913907443512547668255875563183961403066388472599448380101223309523052279940385151140092
1314697262418796491160955485049147980548713082737932373071707289437088084775897025291052402
721006502476680172281227388310793310270830408387612435850240045739008060697428984880766621
329164271210453301020703825857371376048458349177965114329508077886531689258305999983620623
358317690083728353158644701157606957494421015959188682438559940723869756924035562003176027
1009385285540004693018399573194065613128907469991082550163010622099970240096550472998720755
1826423848797161651239545009487881304548326792296025135298818375993316165801377681843566021
1106005097039594329949153405275269802995093650568154566697903454989528550373580964946422459
672105574429529719826825045157926239672776632529706871806303457890415104000085701589460642
1408127430369172552508244933366069321992798700677110091410549217252184528523398440693728411
266920019877339098394461548649373608403988023601988046795156495158923747901275106659268504
298771883107690085535210768112577851297054392242930289945172390810245879470005310498069321
186257047456754209711373805642375129748940090673766789067067486483632658314674692260072296
1698252477971765179135293773038633996280662450890334848337574971734993154405078193681183238
883132121402294885028032494736408433760412909707627323810532627059893439493095816196903545
738927384572572659281001924786713525489273582445022791684908853696610349065839261266302096
1123963290218837346174234567022844579772998717570971519456324219287247571397633852571491832
1075275089360147368083448879862681945028054381077752007372093060561379055672062703349212505
1531021777138387237976660809935197706837659460097156289681907803881312904745281762280297429
1036019743684281525902334206174714494146290328625903008730799224879991390249755320605319001
751932153666174160567068985519081994931879191237254033048219989502211598999722318394594531
1089910687265666625957230138668298671622149789947038967445202364046492534927484461189624348
1600637507805277029675162087661925600931999676212167218020303394992255229401532122416522826
1694450293802180198424921595996009679219681150623600798590459875356065789279951814597502251
783123037082114165217960245650320136913241995819747036871490903028556090192988025196914686
938836349350481463949652918001459935857090232725284958312043518015263974824888942892983728
474781606933945972945585835249841067962031464679168505040377660704368885117687292555586903
98698586640395889151912831298289835019764211531690163436871033555679455104610093046226263
1367216466390252311761889281515776064740154748182787237096624672419366864996120285744706593
83664308058460217985039867016545764035976014150842862017472963955266937230694229693201934
394509852829748941138462843408389821585372051218447780556276912471800940212128524577296748
91242123835289835358940330402183978765467393313955102739181470666506520617981505016547140
64323261344707098611515914705515158474043005343385998269697071597098967309188079804885190
261483349706256403926939152650630554472915121576566964964729991025566134400505370570577427
1402204391107937746652123381446297180237471374304369439689708203595285659870396959618979688
816974669956810282373814329646094621924650996716132675568420787831395164702477039510131053
544666252927889521979049658910362269447466592699400875948823512301256396405613833572409991
1807259565441592325995273561994632967101255783353933276801099496794656165056636991218781059
1762959403699512536457260044478296936256265952955242638111072490242433734844457763899061367
1872997841876369934995893156596389502918806353942736571265454462230548572782774626928008523
1058451934004234409173585472174991904266086104823598269452708070862510228761934485696220837
1638926586279507013769067397075707206025307168505256688568611462848892339762934256449183380
1164864434501574877870088869377736711971303564506803686804720877626054497838449322155640068
1563383514306192416262420007916521038936045217372305586916313797153651434236364146129097540
1540943363389873667260624331156843918616893704610088018108299684196663563319860689540205421
63163138708109219777194265775758641837834170488375815906254230969096287442938321316560651
1158114814474138052639726964942263386744750702905099967313068978035189124822993062713899612
1398434164038753853084603279627852232596992739980165589534384724022932125658817195852192558
565834622425032473252951166315345569607291474121835739822873825762337424005189397981580503
774099077418597508501956225197015174897429881434479701162423142586532697117683588338802918
667826467247012241220563227497567860069284423880899828299563150847983517811180967843081992
1088462894916558711167228723434474575683966615914971083779489127600062514436471927267307748
1298958741683849993493410704331977733976220041667033830125824412925608741586045364664047846
752448301811094464804879831286846648985101042617666759423991858577405891729855535218358551
1123536850532333145992411853584451495492230950811767618305029385395235767862007586504421133
200183798881773237165825705580052699031708087225091957959742907133925338025585452015764381
1759110623534447660176154448756753967287965889409428392294850856007494090725268122824745254
1415931695867691420462074977733629790939466677698907672334653403795125171634165046057466552
419620229623758368042675961065590827061267800387946238782701975773448737041626744991572860
1574619230593719600412277248690739974631177737417164257036341078720504690154618213590597929
323491944078385418158536923731940905439829728453672183875237276681905109834216817694217960
830938582854319801812347939666811913503230718477758552154940303821590281313655551568823661
1649315309787159785322367674548768360043978426379036899238480707919595948511486434066278900
466353390109393910947957714553282867507332907923264064739930784097966618283424728259822907
49614673503697423334021095643423953770447091208847388668337923991416832511365472914240807
335128508657805646478670157447710204691420620567658444073519122582795551584034458646938928
1593961104684662525736481078802293958432257742405694744009193880301368083231701773347126643
237997389576419265223084145857440503654168632773506540044822374363622140376045279276181501
110700039732192333249328168804630433426962260410884993303566046216354948082297298702210790
1385737035458401647663737830630646047281808023410312094652421868206825568973843803307062533
566226440033061987539831449778134147433445118336135563157529008581669235418570352880112488
1740459167164592481811548949381084671783540267916110202805306058915901791200654855810014859
1772505685063322155006223731180166747213758139034941645961649464695648046313685199410104539
1398003756090066310138232123658364278031408728416077026662511486349790167947061350154999713
1109249303386049483166707186606834596360324753470809847328416829891215607815956856334409567
822396879862010834629533049513115796539237782119747675187069580021719766845807707356226825
434954762157045770416337126232157375779073015795983652430556273708635210497910756132153759
99944016763652928325465750526580598160717859535055940882730849855389003021317441253183978
941588657589460119235202955710307850509735822001120009637521900197085907243160577146069930
695129025795038606866206867287447374018206190031518860821189120407609134570012492207927450
665406210981119660335636420831113737187466769130760415417341759801850426778210548693570994
1659661284221004025661207787160853052678924426952044290161901292954156909104488534892537513
1426698568960404285973670034332113327925100523774073050196177098521527895784603943371733007
507979960198861547933287472301857034541811242898887085920987038633199518450888325640197030
1050855325968876563588370831420646492896032177837989423616981350696358195824529545447373159
658242292660747625788679821031963036123938012036184485369208847827512801792777119647066843
1722752066068379851328056086972437133192742034674247675896790890220212189886842951282148232
1462120279168470189055982094132367937220458092502773726171096502362637489549627220180359354
1107307926261092382755667607991729061883014947762797495958036321235967492258988154480692864
292285841171842019477720174630802635376096905005371317964656012349743749821370394446283
372063863520850237352283294369918963911174200823420949456439890996398205951123455661112720
413076775250642575769010000938987487605385133657527391489592064123377954399560600118247681
1569178208477790399034381583920652820425400767355601762406485924715483086384213379757457730
456878783306576643942222973483847410209072960796978880910301592642694696322262297492943924
1650850990891781689488221761358855413064809015522065489689558090133417581118252195870334357
1423830277992176723002888596457553893772269842003591943983712770394986381429194145282940334
847730080571290361723292002760389784751047271681607359139309027834113604897056180818019773
896583515343755857892686567012733962296911406693799071973893518104566046983742157823250466
2023531898222268769612953456913414625671064402698082208352151970779789606279161712431389804
