3600
~
80
~
2
~
576866796083898340778958
913439775098893241040090
40298629692320582230108
495120749353391184908903
105466552570782900740968
776484593101808049073717
717205822519509340253243
1198061490753869062927903
812352264928408466098916
994194834063487161367111
766094793151524565090570
883740441137644455397934
201600007141096071236661
1157067682367197913548460
141800786331269748805141
1196252575896054445654896
215378513708305474319916
140265925935268231117566
485094992729447085647450
28917254715427835277269
1163999516574615489058891
879547980663726507786555
442758203652895266539259
343282753712530313159987
22991342786751588049525
1019419220092252991872544
645137781620679021322480
1136618484174699559156716
916976918724214929466556
523457732143586337272738
698924091830809310508735
830334416346773572685827
405175993654756271476457
392870287528883846529269
1179186561829487757014602
156602942480234544602607
351397523583249091777516
537182364529917592297219
130885118280565449612863
5336998078735464409354
22395477444944372318396
66158886944333517601806
1203927113756661688375718
158256806848289279779286
201408729648644581188110
483718827104289737283921
12761081824391297167685
973328957729162784165229
335435566583975156981627
1066905844918807096952193
872462983675236452181925
1124399794420346173201868
711378562591711892850756
775243353654004309817598
122806753350873226240151
451590063787043450045858
257560159320037262542869
671613781659423514403309
891028268594599811486208
1161827892350033317524852
594303670102921349411964
885179527617323075172169
439176724965511334805688
970711530917536990725216
669614214897893103358074
129353333837169505937197
688392017701372085927857
328828293594936492040893
970187914383814334889865
724792082517057823807478
667031454869227997412918
58978976534597600367523
360830785728218368098123
780671127479518065462049
425490263817844034058679
540818862095698569301124
826255093008467931731021
289690763969461255874914
929582293945661723719500
1168160843273926999924351
