3600
~
40
~
2
~
558689108653
579975580699
1070797253618
481687536558
180219477007
20092019516
928182900435
9959973312
642342105880
825327700959
208945256294
263402865640
614237003120
67558719608
4109281074
147928576367
712912216552
786512674012
1089441986015
663176839779
261509896081
907206943286
932982234094
736315383953
795576450209
40641501922
700023563217
552982997070
582918064656
247188753672
824275013516
372448951774
642232931765
778674453462
123115597438
831185975408
41173305089
1005680683158
279783229188
38661375501
