3600
~
60
~
2
~
887333588722609857
463637115309289389
100752507348409236
521162960255723497
170831316127341409
562378434706035269
960880187702392489
628416207141682044
1127745860776043834
911008806748269888
289966184490663842
1036142813444502375
623970425301000819
901705987331855708
1036225981074484748
618279168653889099
588077118288666625
904069145118435650
64541718142424617
215198588406386538
77611629026948762
226459761787021222
312563507609907192
347444694655358228
676095138321563300
364973600201558794
822045140268491672
30942202164651147
197645386760411483
528774419771993546
193328610944170198
123621463125058517
13607288188446989
279647871405302736
631702549801185801
495850638229661132
219534855699712382
139067096933693549
1006979493971944781
1028260467438192461
331087305154582430
308177707853996821
221679887359679289
442543356798342725
31724497505139696
555850006310457398
243207308287978051
588285263003746212
575705623388509678
1119222531317034418
32256223215838401
898448205512491434
664450641348992616
1027481046998839140
313123078156656790
405414307099631637
625233498568947293
366218801818697106
81299044722479559
847117398665493076
