3600
~
60
~
2
~
1012277548079483999
1126907003627448947
774366368104825656
765396753940325802
872980294491556308
715470427052129666
713051219883762107
832098182593934193
1112353052596040428
878372020166196809
451067380158235846
839496810787795941
816430706771578200
249872722122691850
445289766598538280
381236141825346597
1103978171300418176
900233085599016224
569184722783659992
927710854969403022
218485519295943074
976999019335805759
654533135702122033
519224819400914515
260125630364124445
320085773767914163
910315676261184205
92486593134450346
49003453544898165
557048520504679445
85045843371304180
744282958226798633
406557308597282270
1118734788613775652
270493960904112195
901369285753999898
187062016493387313
528774329210253480
242528205918817707
721129940374775842
1098147128277465224
1078915951052383797
181831252906495864
847641058155266351
162192981685864677
888096175143517200
543555885157852741
333034642564424219
600817723354980662
78130272601195771
650567722215852322
533875136446620431
989801130100811698
1152630670666071496
431926487922775538
88840725846582048
209013271312810124
737932259346048384
907484565946708716
168336262255811706
