3600
~
100
~
2
~
916625629214529474661551025652
1081214730892829365415264250756
740372676452817941130645392731
447606624831746788278597091807
1048690666461767154152596823519
102260554244192258538857389618
228651540088521287403514947234
1156227692314916140799964124686
411761644666525505602347280236
427151895017245637217957312300
877217304737823873500719790645
1009797732320445737425444431534
6191719478442304042072349946
485023113366166382052724212915
998904235076418937849498393356
590672101747872220760375591693
744962174422309040134603305185
971107628961297210104460447057
72941580108801482022824804553
237452214849722237121563407967
913600281569760902101737274028
649360705052819928811754994618
595582399873226852763646976790
1266043413811387590495427960996
991044466691721577986822382869
606576900000681939869336368172
1225105749545269506686681754900
381988495800144990347227798172
779311941252448092860987989946
59905400845442222324812871930
776667736197205962437727947153
1082907149130973706798145193209
473419064758109365912628191237
869146023820673630600131191885
308110836139718637296462089069
142421656460773839094149507135
834959705893349440965450150103
1238427359526778343545366951587
308343399087444472795655417657
1142708786599664065574602065021
671357457264127180894930552214
810995808760240987196955674315
679997536915090044078436233854
464895354172726401800774849818
1011384441365377678146772792453
427777037545190354055235305873
646397884016577099027104380894
960667606772129368872517814728
219584703712398810962813789016
1013628161682930660482545305186
1033159812426380447741499328909
396144017295692432396729036808
572356183414838278230121836366
535577163473987204441465484245
1067539867534790552000937381040
1171790338298184994724184239320
607647927470144401760835170162
464113338494484586719844503242
437235989318190897567012975428
616364570310711968299649380882
947945232075284685538543203815
86241533821884376700708502350
1096668352342503843110291812276
529991764239673483820346128341
1012307601527003968352529830724
351911386494974772825257552476
190794960428057310770846255974
1150655436948080742172158601467
132634377323562123579173974554
1145752747471219848561424358715
1201315056650654097582180574560
844665787160655348351822708852
1244343385704008764447012802856
1121605097308776561757225234357
515134800092093223301315391290
149358832386831690654869416087
1103751213950557777012891680321
744703750088228157493275991588
266973953761033564201487638743
710939180656163909590478424473
1254697558576899182906015265685
119471191012307657066510322591
199043450094941116303657836376
606090071982292375832907002580
796832360505651748944928790532
281871166134400761397386854535
739794292616431281877270540357
1197674175969575272402901150941
1045409337345873768383980549396
940107114646089108304758880974
359887791560154350034956740906
314234145999396512556373940536
358157933888345244292360357970
347370573704281720745892785924
279440976025321812964572288867
171049573598142111047218697065
967381247129498623883406847591
656382915893628445585894640223
731055895509021343981638622499
141205937412075939850365311514
