3600
~
50
~
2
~
811322619518917
657700256573645
54938143712899
258704623823290
165282750685609
381731945826864
517937516287495
999255391944552
667799141837845
412723386582337
497641525718391
822773895646329
1119283723012878
777791559481718
567638109098230
421212848949557
5957952700473
846239587470139
102414509457082
1067295804367924
632750650844545
902972199027690
827655021686660
50661668443244
259814299384612
236553337330902
865326599209864
702098228086916
72166518440469
1067995115700382
643280686747801
960811349921309
257937423057068
20207908671536
233338898319007
313083824883050
1072423039609983
649423540551132
872065864104074
662931367947949
277871681294462
408589248971150
715862322013531
763120354025848
903779854404122
405359733618912
692723001765327
446697730899068
153846258387626
111036552067654
