3600
~
400
~
2
~
190766231000838203756636581941392666701654523893060708836348798165525789061349863963783071837541515883380823257473802994
1526718569419749414457732915838775131691899884227057024817828141945739130179701271066166103348844098043537604434752212301
1564344660156577912749383019730602527131355882337045039766870384364151396646834829996955815341038011345741181982553710707
438447964735772837874081009913176223703793896818153480752620835277274448343767030629673334737479308226195770537964509388
1447787216255120563314324591669947422249151894078028132470810187077459570403586970417998337199166546719858158173802476086
1918590064328688898517778322604549108258515878310787461720643555753151568947465409745486168906033102769482129025809184989
1810114442439267621959187290793928783926275967700388693814192836645111564914634074904913778105316774636607874290281878275
1195012412771622050013311025498191030061890020698128182853948703537021998764577633578221440386182298304322560963497384589
17053694480934529907723867559417683575180510378121439095835226481670354854074966307599547988601396503578292712744483840
2419134156861483525546595207502517152401541330191368337482133292082764409846288563688247514364136181151404834565882637690
523100235601147996140439254996526397216199399731314459667852328824222708821326770253599886600436970593800365627769236944
2053855798173348811869686195461599983686382400894165779631613742935806614447935012711584482066604743466828586731635507107
2537358528086597698160401991096215256353119935872405315202855946733791584952442867381919781658567361496354805470476054375
2330923856038580716992551385860130857677918169955462309743741587686792200003366990269609437746693754586190029714415869948
299576878842864075349773569366745239712725879703333549463947070243697539691278331777966736654189979181237131090824220895
615824523095593619142625185974648222206244211551764141312129752679243252853505245361380746627280624071359571520933780817
1511647486911919554104286027976984590751589915134243245087531270585348103136864250782722625967317612880227153191758547816
458335745881829683112723968462281266487859367980231491296054757607222600775804762848910909255766855960206875925093857993
477339409488768426082166226218069824480908399926746775710536618701723716301920433960288641154360306007483048875874234871
1027730063078313804358712207998801730043645189713825026303541060013342872148210441130151363439135334263721201937084492684
635431781241958550303099624896160602204125534131091468851159156025175838321891001047125708920751890300870042451873984576
1068628582554409828415148078130234522262570493123668023218179184526576975764630190648070645384961258674234470303823304943
217868325117761763142316411456033205018411036887408075179348826723867902745660764074475271639826915685699628089760841725
2210212523955190976814806837409825851218907788714972565922363164167296075655462620318959840095614345134762031673301267185
1275196339007846161709756617765020011598426570191361905393027433931674210067719851943645902650191598523389035485766623131
2328882086080793338313091293634445427238075798292086563410658863426546618633366695512890025530387259240061337971922706821
1013695007709502655026449659297211494634098897421216444820982129368191994736757558632450584918817896269666849050255221067
235629756934121348561449782171760459115753087821466800863801483899244219836130450918282566066053056983985215108355898361
783908208132078049224445155199272991807300081865165609836501352388660587653739588972884963985060452026100468822205706721
2180132194128203539375732911778380973563542598754626559126773229246407727450689663836298958531882940121121364423203812196
2423511216095511272201629966938213436530239841570178004012107837581933148562135472817214517397407022116297786689134186267
538123881736294145309510632250044745682812364206337968395649822311667925761712975395694826385198712441776289996794556186
1430880426391588911790639150583767886774654808058409263079783158541676729241877435643644048101397572239471261989361447657
486796517892569801423273065113556971326989651968842263150466149711223573763738168620961571775250530214904206064640918136
1126300096338483030764852119154078065447071918998359914679174034905305610437508549429166310373648570998456553460671435595
2396972914712088058196492786251400456043155211459104747682873151959764565451638942440621350316164816784493421178229195237
1617046536096429057325505308764892305273998849530908421958320196850919267617785881402830388044861874194538080207621122382
1935009563967259481153895464799813492064107672169056354674476040214360564118890028892297529281643098201455359177602521329
658480804671172222728804103461579221045544681839229907433085960411616269295533832022843905874508492266297253866605710242
536416774627661217276357592957926016755982422619596755159935895084860032534306938128524784958058708251610273098741283877
2491396820908750552474524656331568178938197485325129170858712868044987168486245407277227321114243927683788028487613180004
1653452578095745924629547523185366904260081278928775085813064749208489569194648033313348319435459836091425626357854024115
1779056937856983690846890940621331269243752497443671752218042955582845570884990092763677589851381190221544921164736752959
1270824917213744185393801205089077839734594434337460337837025328821160568470818803934407380572438792196093713093135193653
1262657911831097523265133517378850072177986889530606272428247775813494296781914422470926353811046116944548993728105962549
1852098346449884625463185893658170287198856956700093428984858029259096645534821805114113388777464574100801173906258356975
1697859164582507512378798278162893746621723588963002838221045447606384428398269776028411397069673754222719320049891384529
2178061010977098877191221140540573789567628557889017807212939794116447026613997557156961650009795198053810092641752307588
2490560355647166962638155377672962618140400328840933914720638078494607533724884157565637208388405853116899172745304987457
629064520394345678071684648493663608526059303749439116168667145549378553464021265946359984076332463099817789144670437121
978203648498824899071357648664270435090020574893194878379821190243123496244620228289820819703854025518643259851112534303
1078775388713103470003762562496467564808357845973220635097583176798620999024479914593405374103843768477903380791556957159
1409637316268205276182012869739621979425815264945868743745418020296140622655995883587080301517721077440073711739592154879
283849600989024381109999663622354936361645314487175505612470060009058425894988075487423818730604676840738098005059951382
2396655432779698432171820540994061220739500527934713021383952068829249356663656789303966741402976033519215385515346319908
1017825060593889023695216669692938845388707066459705021315247903965534693888809783560274544480215724244138972844812959213
997494262724415545416562945016607189419033975319143001690901450123448237579787492860962476289908998228241189229599367238
1410179363245593215751251311205494413204975281050794880895056077755813367957957450236141359993582912154291101361071147161
734617173294267382681586173262585201719981336815094758724686290039998829632234843765269893151778930948834046378581811055
2490071020827534908696718097344789584028942521291225474368512424808212107416712777238713874913309243767528856913837369257
943615399160001721924240746673032816591184536596081438094977099014294793493474177964522955282052456686894884336389493640
1895735415690765245279737505802882838192261475656185491736840993749431278462599787928763056898673679256437637359742756564
488685888453883546583130095727047507650927668883069598002383207223896716049453158483764543343103312997262897465386514695
877571692098095686623361459665524857788277870205031725410492662110056979407831369700707594751207922119800015191011230579
1851045022208849690985068231824529877800413058605665419716763120024796678653957202860085916522841630366549002145551613026
363958067332140932371417863539549595480266182685875013350784715591441354698639879161926220047025051976906728404305601423
2570322833433716564196366786727919503447527377583490768932379795858023587403955606719526423551248510193086523102604466408
1305033493822626353737873973205494645303463808342590090895828644694903525686534780914162721058777865955346718917399142830
1203605513430366934484034847766566767642290006191248084323381672599064957831667573250403420749778902666739938660560430177
2276387585645168951471943324791174010591387829455700114651924402993253048178847466098167050803110041505041452992239951145
93176589051611218594331425947976400468769678728982044535720355279340763835741982927147957109454231377918529741477720804
2189147488451228958174646166252831667857234841659858364558499823359199358218485112314324870405880082875901456559322363954
546382418495600961864372052919888036156283078878990791435983259626658336017714023962936436888343148331671122288087966950
1204989299109997563475890900467276805089683769755322642696708542171094390571916232888111653417705776855180470171662300819
1761140117969084573812678261395298381691925404381084105165425895240069961454210312425686679735426466540094094054266508331
679725006876519490359753387526925953758386910793218711064941935743346817048944055576702268664362617532657296179156168917
770714043705735752052398064211235807650321917153196588793528685829635614410788761404357343132672195683910094969238914444
375147373696698783676501774901912633794282244133276823713300355208474139191985434168725833584438019502674273985333765797
2129030580718883201920156194668172763768500746739991088083382255464647495119191250356646341455324649193869124604824070321
2018760398398655324841415063621863917762384965263010428975856598052524754693302452996432526031514126229404508560482920508
2134138152994508385843280820585662126588859101617610617473506376172532154877948448636201361352482286292636699818108747263
902693512284807195515478589281061335202147712982909213480257590858156909047505790902088971509878017378855028316567796420
1925861089027329410441833647511465208601855355427051580773912568436044481012247644270046045582773989259090832563021681923
870945448165758547687947251962217221791618314880909466051082673692394377215808851263241699567533360570614288472071570464
2287661104948353888149141215500293707393225590497188116368545602991932398240956669547243771586289219376002229176653317080
1806597428302100182964418252832491014477204975421501527657002715041865126402872549947751726322571154590933656656608898330
1936725505194613531132516941246145686021073547561057809257228663113688954109663795918490564172938836718898254795720194593
64572980382207916956688485056190252509375685507457637171514127259675661257498266287777567084141954925825379573633678423
2507096918927309200335590733869934839735196154095856784918908032359497534871345393475520298769908651276916158310773634485
1147331136189114562952161789745851107627854171626398286516492816873927642047318641797477031467815895859611909278397816219
632888393783343973638191057452723134857716428958906779946746449882026149943271178410473965939835788479839489936756879406
1273375421453824091211978240421096050989513872120553999666879220089483893809772567649125667028143857532652921391043150899
106282283037976737563284670882246775064137785547372496973969275697415785727831222897119826624000872799776675432130085890
2183144752966983880625644330412349320743441742079772228843714641935002659638427760290173867549108638786344661518034859849
2349067900505706862841720274997715326112726710649615577795506556527585911048062539664915978299287749446886046783433891973
664609075733474030499479014610600316198634214477501736389473618952531662187354353339464241349296925476795008606906344433
2147505605816947873802794329550505328891855306516452990181963488528368724513239515372495256975976931762854304752674084426
793239075786089671284002292032834081194776890955678316837560855878529664099070963701079559917456063920730496858045990546
1143344038684448896464649918955152222809429625127075028643332683007698898165499511261453561222906060137109329722936755978
1059754665194445979206542289914666147030913082217670374889660519249306729632763112096211827177265884162924973994140594709
1199464023851431498339174236444199384820063676899277392271485075091429965748670292636089849371690377206648596377115643323
1383093509590968216064412339271143820773188495246085787274509187622250189343131620727343915953061510688994653219965613780
2156435922661160920499396732929413934094378250818545421017924596413250254754010430850770991212178060312889506276820397649
2361444271176185392071778701837876769984374179015372063857720582767048720957025100712500710468741665877667535945801762855
1928323259401353479880633195918422330551170027750383183598993887688758850970866742368544419896956177777959992783882834715
231863405556509109111732966593095877681133987571322655604430843417594386791278238490161989461982464469859872028280616329
1106802788183127321467050275742607666007293222999087082272683611116740914430977038360016310106955374485621436259887353966
691447113571481858947417417364647049126541506447133159216678273613644787072413032377602514822075319311372168504869810205
909529477240651983722738775765177388942199374014554348695290557715191859908111940087345463945387252796992766963288882218
23612341900001908637998137225358845385254903641688196742256728462244925576952000009008117846432052295011393323475525764
234012233292465161934942019416266628766036192974227523172433753037538421737604979980126299479848158189412144839997555476
2027475184262461912395624355460350336773859870560798037553729929785917669889689403068149241385055495278865108900772200619
550156427156123150101070298566567081547047981316180550752112843790306232878554216845001249265022986957941634293779867907
573372031813975225981656812311589319631846610724126424757969229484601756974943757124910944575381426058449400396310025162
1445714597790705470901572241199165101288719569832669947718513598454404950982393632991921225124490812931269461047902500336
1143921288505604524022902718526112681826723749614010624447698245790176021427139190984079290579932575413924231567787404827
1295379767634163363486034625520537545965826743236856754305929458759700996796125301808168645869972009136178437030473587635
1672505837213200812153263345728430951212320762688881764425634477354198546395311114708452191607596103368397122290339318377
2168766326211608361694905576139053843082191781368042389406365830329938687346867037753043889445834828215426233986303681730
1572639878273504672852946958784457196842354942281974736236520824612524799771037847330808376548130219849846113821504974451
1364886993312582324181421530203320605015203004102478945832090747827331177949947832912381926969975347900478375509066073726
906090419429156617914979583407158271836326313091796884424039078142615771845221216076053795681182074831906340369193267722
842440225164456055615505581399369240218248392677796377957331393847557348017560048538372706379391410349171095316869376603
2221797358538584915844296943020678421753164386622414890281013946353086560816498448375727615042346684428012666543214159632
383987510076130189936593395350949592487396468911621932772886151243342213208904151193792904688989727100524007461619675930
993318346224917348494388352047483506635464804443316490503389564929174436396295546007088214334652843046622895966658692678
601154563776656369639664214051140841251642209991819286551765685951783923990581028795411608703896847698041898125474071394
2000411712902081572112863984796432888776165569452098119633605278852377046384592882472715901055506189109707311452315945719
103205884414567012023947340649644024197081381971529381202718065818433741959152995890293189279669996255954319582548093693
1787356255253030400230185322633018708026768368423515920482740598544156236854915791848006791192522238834981649387821225200
2368939411683672752146830511558431178305419031676858322814325734686251721628037551553567255166145544857877930520856154067
852241712287362813297997541782422232068856935093110419055211382860634284133997565407106078072431083874663323034693585986
242554554675471251021733603920437009675659298284780004323439800075939522627373719916984880442450943147568356813477141685
1709425658947492855014720902074695567127041439759278249091262114335185748075145779057391894027094116532001308357252709988
317387758408136101363383335294362911594525335616787098145996389008517935037200868796882039022828006029777646480953979789
16613578956077731439887590244917510931037135516907753592655891670695507586469923420438470592363036588519670787300594298
1127636856670476561768581416548258887768967832767028582126926859262721005107129929894455835409157760269696337654068715759
2302400468738861710896099778710544012507243135920135115132043333647031887588071267894759751426042948166956409442174918821
1790858862773742624318852661029564967893472067198384115146154686879352716738865632926501925213922694071828981470197335486
742579135849374729595559028973561007402680472205711499446480402357576302836309575334501294367712330085231342540641315481
1669960805077418812604554800549318469675480542169311944444428991633009647356837204937695095231794827387575018197540273862
1808334725456014362844952217801693952216976016809205932615902105122214158086339889359102541374864466399726128967874666625
1370228352940131693359833836118316683873376350738995958016370628283597630454751661391881369714684965084841420097073090381
2580069974434822488379683214034913776765672381708978124763752476810787704968360115930278664364941860348172797837706406852
1088743191708647567348078585064418498143697666492995626674954693972842658383896836740947155652883692461739472260464867015
1621130301899186988415103603532824913553254948381964158501408845450276010480676995851719097637333646829551361488530122978
1215052217350412752207618927395200860618108953563260362927531141931956902055129541657418194814208175904536567979769852788
665626554430712521298618025284008934274641490270166460227284520581936612115745814995534232409546935380443731372942079241
1441431536607797106475563037769257706937393691717473262484237212436811142304326351746548575493656459052794814928979272179
672072147069138681260029471876821557130142462259700350614633871367004793147386599887080705519504171821732078623473277875
778654804293707662740907609945636214751560837882312728220419300033773619448376722362900051132369743123240526791691978559
1766520109566230656631496703121172341970711889212217787755815976270972815480647463522848924904128110515648118390984645358
664770196465435930513320171835609601361409341604691963646118748345502145979907989504340260390046251534657098408629031116
1588013126245608228509875644579623665217143554537764955112359349024240009845145197937167691419115054860009027404700625523
10925358367512339514301576350869572937293784551354558606706404459315633093210061758944162663780975267437111795994514940
1886844610296815650580451046682106443913438485541694461842036766345033626671159979282290544369493339977562341858898119767
668509471830413163756675003005156287814975168191806075944062892111933206404783425883747850976617591375182347111315195792
86984376914666705727502310546512995549858377560247626271088021046935494913543010668883500866961680815565104257485954168
1760688321524285377499719197464248675802863289025971540715753695745996141254228429362706993937255082926732219485259860946
2243983672686411069891843240659837581389747105159681453016441851665281920847355088835288247814263791940518716690046601231
1664074108125181821922021734672909334804307339057301718094374142316806062649766782398039192790234574264919081002694937653
451163942879631534282442833797387563058393739801014964790785280040778477567871397764271405757158721579125248191345832915
337920120489375775098311586674145246580568465159327797958321143459028793196927229304118044183706730127043587139412809121
716670106467545558657091697472026956530617753874185037023510437434257291871048343778088627067741117897012750449169457171
1635120458173504034052076632885852830197329164760634107132396687621448501316419104630173979173330070586109458557021970135
1919115916841486951916345784681745575414990321332020353799412199217865375397947799886596146627819872018271676798157824809
1690864885882689751520688284001663156931640667869799006959741637539365870869299913921241553260395061401508294222395144895
1052175673954832866345342272062024549284728877149082608705038805148546205794206485987986481134696451150489039016333534226
1426793273987832802676988022359938772270419889897386329032462709132901511630033631409144011467013634281476401907845539823
820784781310657939906573635216549632926016424651936106112785740211003589534091271151514201996810787315241320076875591401
120531748648972239489701701320888908130478521038034827751010852418253448695651458870929210480157494303304764434146216141
458933258298411907410846620078014633232226450058020145384845458532128827561017424535444854536786075743853983704751847014
8986445206503550044995788663359771990676901595312973316150603406707512443290458632284022525563211490785161780253592995
246528762186297392491984534478081243401916673331495436806664369354569872339749935597112927798339113354100961801272647675
1638903818444438856608447974879185153138613056451822372756117256642396285173696072784537022709186165119564490097433078335
355502497225789118193824505446615104476438234068843147267922529649052185193388179063530646225560113102219185087618536027
2130210491514043364642388596182402840681691916632987268289688909694838075287567880281804548751006806564336039935175200733
1041461043781963595989449979325770265894144135875918041329926326449225777152138102293691465397706674137613422152196225820
865896224134090950554018327349723551949372249125214657905355034765636701655559436237380581925432150756465166691224281437
269313582769311487068328624083583366022991482124194676595156386957261985922954199167168503735192257737752636578354326681
1293697555784317908620861981234949160675695602911107089468084187025161442333834693914881191686637269507476734367352299004
107850049634346626383192423288239497179018221370985057080075855430367010160405642885676926191418444875245648066427092387
1478665897769247332681142609538993905273959351394732174751278923896811970980350890555620350034301983433994875772523931662
102530453473376594957706391091298196917516434056050605758525325675173158242011577406935374535684381409289282890094059436
397689817925674596029911383859426018896781188769491567291527256047943482470698422142242342541840028663359136421053618333
216202399846732542427979146480337726569178091537796369920165972315897859126751849702333085567608583207589303572033612220
675089045052286939922937696198651751840291231145897144907439861641801595561814244772870312047001363540062464640781893421
1021036092878000323588334869134429359059135434786502176364580940730414662696044544173244917867676386110267612936500284174
948359378386453698405773787384121428091496282529441138290195214052997355702454679651490552302610156208942547080759149951
1968379176045603711585980459909142554405740589871397540976354589480773646866249040556913337563620778066239731943129184655
1183992451245202872425022949919695413160744291526360684163460637315318356827899923866593525385926819023608322214215662610
1179313193925631024050551014581924087600844603404347847055754839077857100203625997627685840813963505091605225525904446836
1102212727019506425233535428595400920865103943412236503179264519534039989697867939715418947570294270431106904440427095543
1948074193142313356011568175857448584863589365818054352532805094724574665574659873673247854615941100563739126946218898377
2212419243578059523852600395556811237967563340164614119947227950577105394730507760552593843900758854730671385845411840433
1490422756636797877112759904106151239347583736275347763083290875292604440202459903587857529045906602736772033055180584624
1665144627919573071434526632899811586928109493879787584498366436634480252166184556889853988519764674759210855421555126966
94374503294456978979598256678289354224557594008237808714901126674403318510123098440396694495796142399534013209014517367
303379385933501157005105714482136948969633431659074614017670892474428415209113375272087761406733149218484401696944193767
1175383838006314433128053568262888590974235845620494297872355341776335064858630012405841626377286243577918205516867319365
1566138776218898073798370630452406543252643625248167515820451779408949504421232623731994450768304230109913895342029615870
2059688374736659960644446487093333418895495331989321808042596353278704786541922782235193974743682760309649781225167556483
273609512959262526706909441951642852724016064577801652159771631685785402871114286972676203764446191141822873806635835385
2533479754056078318510835187845840664988747574971666699925380300360488440768704984580309581974494432088292351444539279755
2437978023091700037639177816344020588396875764468757514875285810427852511198297696746386768417189220226952797358344788778
1420393382071528891082751629675975955658685308360375901812254941937713864484064828011569197105632303630555626114900000838
461551386369821631130710539362784456698224082067069908446392353974924405643098924002440279654895664886548235144548688691
1116572734181445516529932295743501753961680338114520117301540647801817418390061547396550614667818085591874206665605535932
1662101179678835717441382013110750090897250129028677428259983642707077025721292499521871620151244089182908718404087453125
1442561676859101709362638528296225895280743933975235968901575660063087913056858119052355231525202186171809400987996555949
1698877123994762241674368128161697001003371467041388273518500060587590003304414054813266850719978349738562425012450498121
1582298699266822066662966690732909347012094874020874065815247062894619273002450573070552947020663332182465749355388729936
1581922089697555667393489971108876274934839493039077465952844242909069793849796524711248576495040046640666768107324267622
2573310282964990520865475746495811711112349726647871048963286638792778907282999954195874702572333329225337341296898090691
551629247080744342408100705655266287753197362150639716035677970704520655762667999688856662774170151636444719962461877439
1361217679083887612778928066458237262983800077521414693959414945430191761643388316421809999771498445580294117686622931513
726995817378978068272198895567460603079950304590648253395561871069909572658817522589430185248328277841537766743882876458
748355423690307963904307890376214010750685472927282406243859446721410170269742141862526365226272796654503324707554699907
1244131829650196510646327290848573043460490024438624944577069828429100652449717551927622847441705221287207739430112212452
1302093560052628265967429033688801215801515774559925218044177404364380297959855680194133297449593460654754124545525222005
1642542394063559245710827584957730668652207613040419836981878453913456499970715856319191400219658206186320111214270484288
1992882692242053433662929391061272415751582336828209951475916789725507669407943414777589700827637352671170988667499825859
1536848352990964773189027855459936851908149066435702274900656177022738307307387111228503474580932289311825194505685211741
1996756153464392921296039259369251469585151185822278408937233377956928113388449206715160138711978568106443808257543160770
1277351184126692636050942768170451805436874096610404851486128160434385663151473055295358252906129842918707267860712958520
2534878636666911815585899033516831273260452109326432185221132789939729755759649399078833698146921355872438462292283009016
2232390040810777783033898485099096713868474135535130372443100426326917910993695466207566491366589548876310933877747389818
1057457195352551515196954363228327787895689750959539849932004754770810923366353244140780878527094957898650973521076273790
326303325796183529735974451088134052736791324540866493977056963195958648748503670465552180015724528365007925104202187793
2113731258190375415095209500862450057936224430514202670997065569240579051662743814840856680365331185268263974295650712162
1006087483897858001233680363547435669019166455205628867104902353558878552808479249343621985784151260691188450123484713072
2385143512603095805414937804154428584337535973637378858167460596053323395563609610751488611278937423654232987539978147287
2365262313762471698350641457475344064934620716559417526906033405195517654378289787497805548205070116673024361508455324718
1792788939601728330976343815666382117267792544149687308986821712307877788991141604262226520249379873867896971012005724663
2220067973542657050958056965422186876847872533481253291624986117728486984998990239588946650767955124863077633321958083706
556031067310498564804358658573219387614913854937014877626088583992440895249561093604055600939136693495960321475292044674
372938640363194046964024534063493940398162172052509894035908460232325059541407732320224970390665403055009290831618645181
973786477246838683343768142434204048589857555032386072930124436215098676129446536800134973227463203270955794711184113604
1888360481635898582594506359313074160071390906919650513165553322615900272824259310275003874626797489263959158333931630996
1106018151152982094642320508369595149473230063828091799709028872332225705193377662753246013738321658514740499255234911295
2503115572169915310748691929377424005229424042864985558882592761835543237402689592329117292568931185093760120712630349140
117482908338337624313306290807120368187711090904916092523293581463408408511307837619006348121137583342988719866280463421
732510013065694377627663583360169113793415016564030853979461095544108576537210001284978874248216783166796787830875271901
183026331714241367305039927519691889902370608293974191886870562959529386947228196782714953824314450984375748023146884022
1298992783659477077993447435921485141873864207332679499917350479261277786956875260195780051230368108365685519565382727725
69966548196892385092239518214732674783986997090130869013923093478764076813687429544322637646136710959721237337108354599
677004925043245812267919608147202076652209980326715371462437717689351471383033144090550382913333533824212239852246159265
2063345733745754985565050637802348015140437950923010281996780704531797526690659503177902066767404236301540378481812654717
220520073671562707617756552750856533539525441240700281758438547963404117324504927036865730867062878446360925259640443141
1207061802671529122364443612591734208924762489108126508435955402583659065041022458507654594249897053473029788535572561640
515541182293019959689044606023790635909394329162452106436743400313170199866444610633060814776222634278216569543286706202
1123591241202682105629957826282407237287776137290951086255191960630615280229207218233590683938795632008789222422144296894
730805895918207025938604466877113545258462177384470425150074145173739400438646468519728048097642307416332347110708743268
1847783694814673995609346447963769546060996430982456380112777714450573802340549871958585588598922378754204758616429873348
1081457978175866670243247022215272286125274014998907922565688945435212649565245217527539860947243640492597607050778504350
334853608180409887302639588032256321927057270482526745898339340279559408410445307690244805691538275533893654277395063727
1780803407687319993713608637721862777597035869910677592977285736609860656392104532874820366039625939740204824394382744404
823432889127213027325562667936645173509986140565450356631439874339687849282309927281051044695482161663155554435512002663
506286467088769353365547173229980933480858762206696333075578736047608912450808234546907898089372404899028677887175130429
521600672399463353083516858343710328395680729254732675180069549461605020421580708560283112796656096329910026977232206210
1313627530438097013223803770368580794454570220413938502879185265234324438115231634411742670967701084099905288396109345381
725007423492917030350213624161828296709330760702139053399641426384553066845440070122482330974586225153975100064067418929
1705323319999313674912593311750037192411026683958235630396306357024439309756356056290365262330989981021767989198236656085
2118064088281003376834345948484202079354212374348452271776973546174930753098216819472446697945122893743819887663610367173
1054488245707566803117161480053960873463401269007652408408189716601702017969096481551771185061025423574025363615446361283
2382075553049882719486058503560089249464312954641009258915155408320617671039273973731523312170143378739440054410418145348
667689458817209745193820267695944029692639343303972165206371706527734291110602932958453758632735358070706192895091668654
851899841660464351851599085199748535893591964884731764464042137564874534168669502287591925607807362194242037339726520474
1570137168110110249804191252422588920016819343810555100871441374539949563122717481588002276540325670379003869171549914948
769544877771602493862982567817471507452082311756491775266682116130112403448562134163823299993446449735326118996449190076
2054510435956222123613144375379875436550904171757360244531516047413701477208251930147506055618542606464264937150239653594
836598299977380498050441207128495491179181227463453653998654788021337228592781612988074312299658083139969265886070038679
571038458533902209509638775626496750097054206129967505853266237598644590300306919491106286323641646236660399856778293239
2082703954266189242150503485528572518556132992505573453323280279856300663741789982593447023051302882470801550129690030473
2370214952384392748086963887041650014353243652433686914364656794679323605437157117784064401410504326458889519514002145807
2091188132790566538479233129002079771703601594603326581105604008593267655738068753716608821787974456525566132362913585122
1460440007562392546143137343215292904317968728339528824212722303756696787022744946661877244918987330652984917317440218698
2488883944216920914050694082599491352274079753728826707104228416767711156390311159408091049243618869990115216660639758649
344399898521964230333202790894455647588043456072875480418480552039409391007688781884782500442773913556051800284123790337
2047294349693822110271974313559158172617128649700206875098538479950079528835878622746267492105452197549616526279685723602
2037998188282384736572295174794149682581618467277294296297031182046757432072542004230608461754459005598812592034965817047
1447242146261398158441966962051641996947437782048335056156358324221068854016079003188496359137717620195689036942752087138
432947447810172045096094082946953527670345656973930147106920746837685241149862869079319189591615194302321562603089367919
1649265827795073178364670534767502494839472611082879606578515158811614990974302284834286537948132116328074459022139770212
610435918549469438412080443031606118759029338413256883648422020526959052411951179782583963017926157153174870962012337272
2077482099769009982848447327176514892909803664894152218465682119370134643545778223811586874626372077860587356049952853568
1513425778183485130066436344171484778743976281426782186253718182649138096515496222986357613294989911628232415301566613420
1183730503283044815183390178356787823793995004260697417357464876796654221306674831934812256200388380578244969981041798817
2107547485265651802067130915570671576682794632733968785501054375212007098414434303001791640718104325386810537090531170184
1235449024558025631720397655405106904265986549899922780871821485622656467273339502507259008971636929099001012129582723889
433232029197366357136740176874504312184398536937703426480675508749730092393586205523487424089601981152438259744929393354
2059980351071299345640822698974640953853512699718974391617478960741970522110289293016316687724474295980338942795747779701
1085264862943800935539196085440899891557524112839999347530644073214054152712300718352167201947899564769842525618636845439
501374241697515580823758106149765585748855298939037190722504147788962965432542591802702913197950325466020231198498018938
2040837134573586087880739461520081883007487187979987044438867183277961968688883178246910097072716472210348484293868100936
82424677706951857109919650789764037920748401358418915303861518152132317481852381469958947652416556932112296210865296743
843172650420981652101835390727382287377941238996277131825494483447482114542291527107185214818213947300659380900369368699
62835756508191932513706275518402489389884611684356586267184622329363902661317700212908312643893964380927567186660959254
34629507712528716478754081131134766257956937451994864384862630676350609636883925094534723120921281845925318033723413393
1182492361412622316933407065524830718141995738807420293857167215526928869533060925856727827055878736282725525822948433001
540840163367525607930597081196305953631255946793600517786382695780073791025630682317960665517924002358799793700313136517
535076888608799868476114882845773219986655939098431833124959923193433571402583572094801697083808198236579809788886042166
1102335803547128712845053092353820564065106485759552638493172703155776961402530768071333487349876571574091244590198487067
1289118518504746535182436695879615995401149609383659823987099200441946505775488704623122726637046252765856473348249209880
373986205247913030555478464893675047158654022302320177920184708867678085985977431044048247717459346697143740677017041247
402848650393112932633758194982100584233869052096876473920798359265748873923504134192556239467672929073720592527205193205
1359967998190527753914654183549535380552696166179103651047186600258910190679697498021343711607548018074120048879880031636
590096622119624209972130525655833442838350966101812473047774224006556217499016891509207022863504397941452012241468497783
670073553447960569441671892309762602105477990717633510138424653127675261459793605365250942845590451615972501692717533028
1342357978620838375919156006216272371953411328680160366820217756342041263356193500820528697150925104557330544338267397209
189236795369558579292069193244252200401932298283390209594796788903647739339815748593531802668421455159973569858510699521
549021335624282347331759265520226542848953530268129495458740548518634286723670772384956378848548278934398582980582699124
196892882389365041388438272278616354244386049810625737295255602109828051538026065047098315700445235633285643612493173325
420153753565852566690121993150233587977896029190768357957420215316543158450276855083653974013650418184212757710352054683
2366969407856896707538958585609445387040732330857583876199331749789551010285316070446689331473753926604922093940889218506
2358495534141982679967537617671909274622424676071464555484406467539452971090055479895051382415303161468135161553997003387
1147478307859084110996012071967153267704801087856522957498338638298311361172336255312393272585193200410743968649853964304
1224166614635906993100734411184638281998270025391698554957238625435390400567636471288188117010272081970956896176963702327
1584639218143403975302429386131313231518598056309325698900230549628480223947012797932489889924875245162431064429754738223
1891195452612176315321684913740082323798067728315128168278110494243620330629940976700403826716650076047869576660933690769
1287604159691804755026351303281957943916766594147062891205498546336831270321441784798912099771790785988682387630402120714
2431924920987269558931830136465061585586585416175116283178182125664309779174944085911367918605217815659545488282957746963
2468586245591242314281065478643431311914473826877320674726633931210765121219157906386211197002392556456802247564531857331
1205988719000286887028776149975343357000292635986379803840432436723031243452980414254482022753481654103889087581698577714
504275765509174696447942267373639406578569463109797391997202536776939614477883987913936097777438706352482097329965603719
466594312358824132616922058802400617928078527703989254821458271029000359740390605834782307744843219745525900488172861557
2020433333087490045963691855317233549409817799545892666377629788050429238963977108422646297206772484585029420188346552400
427266583094094054689247858292561942210989034858670826606746162328847439469171066967929126368345952302018520050547678017
630357878878386784579459882470522995294424581573533234230244962500842816257829629026066444018152668469685012218277175137
1739402755776327382679952221403677138273650377023033033917869558975934468056997732749476684363535110184872411325940853025
2273300867021426052180309282777567721926050496350548154872556201142819678421127503639578762750403603565040963151446649407
240827180614111263831805493432006003184687729165933079493359505403827540923556884090445274703627738645882063869640693165
224097392312352605545158558991814831543551189340787281087182694719650542512301520790974037854521524299559259144302961729
659456501033274640177144545477295385060858741843451000176379331671787478608619599222841077049416766119615491211444984764
310887744072773211369144137096883446761880185196863647713939637951452342855683128629208979816395049370287380586808846266
1621053118104206734912528476358525410420281394647867752087403102417962437875332313536968190931322479944402820957915226417
133991629716471642146245895398285584738589582541502335027227484450729994933424411476343298288210671641317506906340930337
1690259734871834673476960268502405855603102879402909120249478842446180707908653244051198709838570229098171971894342100610
2381174546548830868354031911793568216491109961923491344840565177863950065976838234334904787612533100099613231073159539125
933629741318153748227269216905516001098899592341874858653894580677485864778361698140821218644329066398522539342525744568
153321590292957213700524999779819358162338619043089418282360705181777057384642732021748773751486493465025421757697674100
977191142253386822287577067113275145427446214747764062059090968693545323934220807892989553389563761708330811625116719071
544982238047704744822511545953370744637904399215419978733360109173225656196327384142375293155270885348853443790378864407
2121256792884968191330624471246212214337612895237481553625795407794774373832496284460145038193366180530488065823044601946
1990818687233754713714622160485153247466366787507515020666084908829698531334837398317568867992064365992093019342769147732
2265850732923997589079995309599083702530212643155422285494943581007986370432262672647511743658260803251396586696268605618
1740432192841387660655936297242892487725952818519114216279919170592504328213346146618826228496609459367687952096382067167
2173938769222042242541299960108237743748017522617706471549101331099373455661384104989075921657152954044013942917650048054
1719302270339981198889418548665990464889414690526560772763964886908160296717410661170940607104169458071915459389786494908
2224093838367409826560162020000334600184293971361647319673028045493032763797908348260812690696320458844930815531683132244
2034804162583626705685888552402446474500599039338455025870448494425811846009404062166669639679321885136143083046096118378
2087008286043403340253546737949243360896498911948083800597961925362649370284511372755473780295572719110579823270623370190
2373605707073927334138942266121276218408611861769664620934134794117189435212414350182428955851391880321176123037115017532
1053524687764306237207487899935449734656007226252144249909393277689551758166605516776732894578453519916665219097230362422
2423738686422752940510929799509270049020471355404871069682571512503964054493573583382145132999680590518245747585489536585
1089806065321415649821455175941780401493645130598961355946639258790632893709706701260663150826108801076246689578364931524
767920489662895703804681280734875493381576047589715415933017512959312893550431659381417573961301559105808096292635231306
63550121888347610056317125408008799706206996996222406823609960385216438796267959530984135435492037664033708224249415912
1533890702375339822347516355792006440179622622896117935707866211015885870486494522819438238380735891636258283563805286169
2111114793584619827445304642736168868872513440683402952293309617042742277909165315566291056385099844797199989229359462394
1838285932974760932794961658369363835356150365013543122687688010678553232858744334416422742895063572070534160409845033928
1040909861240983299089398062411229588483920012248121243892571762072405711738742195137173592231756347147055748406334582718
1248392538352243473430976703100178028711071365098223849875109770825282596226535741547911360711894792236210825391763124074
930184838894636432515131214484937441710339641106399236235307401826291186438942750585184928477793557925278169994531714268
1772127621241973613314278189603655873741314678095719516913972767111173456470413719536377494936932638265207284891567545827
1444797274086276011049479273779457329612547811581338443644548578913952198475212267644822882691744542706189506903151499017
15298344443764198485859740688850054897042920297233980287996138169114595938877297373597313911732340663394906606996545167
1007514976561220054939936663008039943676827438231464728332916432325910243658617840701159467326641935537205744031188738556
1422409290663758282790619240486059346427393257411313581334431423653887630170034987732589221971172896500821060228882049998
2488257269587177627118419284833462974144931796640844929424057285714136023094926865041845644659566738903143755616375608083
1107862091047575685604116699000846618698311859371095506906240839959695039699966439067864077273921976486343693499676627404
2380687366060849831530991315470438326643400295531493461354976977305919231562956937439611788754079683877537584416449151340
1580339772686562649018079107245241916066858424312843691563946820315199532672905896982670026462745262499928558336937845078
1406210613365297402047054663216281710655844439703509556710921406909421102929697273358478775934193461411343136185567595504
1461062998925021232963806344857927054714045868058829271380048376661001308160237527818455009392772072812626413393671791344
1082133595825788800340160754155769875730667007936940310968754914706459481428063264805462604275164186952979466387282413606
580610417375957259756014242822389769766503151294739995868659232991509323141080252292953730451592920901509330836461371664
1037470555030018648213066904233021196867944616096075319789834783102221030874199289916827458504428270843943723862647418482
1943342874916611087974119590367241072547879245935282068768629328546150700240956335387824212003100927419566066104182833405
2393933616100218318356730391479993169012270987925582006340974064922620404132763779478354890410463301290249672270645376571
1101673958719803643717018211930038747907378491268000425635883841989184372922212841583330253472287894892997726591718463495
1319518552733604700100858496957238529279057418175550561457530409701768829462146994326916719070761556296355584140716073816
457007391479792805668152709376833737218470649252243083181920567529574458899138391301672757720684981965908646834120519754
649420186300474061400274803121877840608764288183410403187848125561610499678675989895146643810210408066933390122485842392
1982351336677953015935154121692473963456015326855884003629413327683343331904133745734026502449235912595572570122660747348
755528758281340583553575517369808666370131296379202935830755273943149691312876414974071022889196190818453113163919611250
2484026907654059109218995741029055140530681301546497717864269856203408800800726229039038916105671227772548222119485630510
834003806525957367378518137146945454163098334752191009718091874811369089607160993840937546690230412110768797737580041110
1625145141202855952342066298844365557395788822789426793345403879393648886633858740918528383424964739095372847004329797448
539830411705884957628854637908205890472319186932526118711808464504335248666303595258923583918702536893292690579714025584
879350640701542022676901151009630834054602609754193233997794222568590388669492062322249852975828698726575840784731837664
731990009771694577700804102333234388197047038138498814749062394906748445511468180509196313640360024663757679074791904178
2481353381868584269392791003982977611352761249024563686222457118336876406893191334496182260013293432848958804863631098065
2500821956861017607801318471743511332247301355186009201373187290832297601841723716711410222378210231023394369256978422264
2520186486532328939005570579349357825146220163133851653822166385222538244334996445464165255036628152382051371828479442773
1588539579824571640114118229632608947335610761653675569434746075381256417086724442471282834658951335229436326630664565175
828175300302025288894781380175432324925210236027577460210358248581931706233633735010039476710420398831547995141351685692
2055292957794027885620669717262611709876393638125095523551994458052213229277496758847191017905275240261482918709134336096
1712050823379401408483086727454182849356323794151630128896326212597863966932706551199557613124886000300250050268128901774
1131846980195707994992903915343466149289865129592473774756152194812435108622997510468976960945105250918223724713972846822
