3600
~
70
~
2
~
624695491444786161167
640865879738914431478
951018214067407712250
462831866909023955013
508228325163864567937
398715172899810871416
357415869387504626949
721083335125875058626
691285649715277931773
442750274683272662754
87453254797991065130
670241366323693524770
878407677209264013250
47004207667854571897
689322778182796068539
846291257819250913066
117243132861853413373
501088075861757475770
93729159790104254339
447031302981671644140
692442094413710675365
111201902683182029119
641241342827726696603
719378597335943095893
674770135396335443534
480583275412431107083
992595352477920894462
611743538086271598281
84776605799764206814
648258656782129153366
31260554802495458234
357781562866312800806
256928971233043837529
525482556754620251918
404867835184508034238
928582930860924398341
430606699788226500427
102022305839855760882
85079189948656920638
154067959186976081739
34871977271572537730
474968993465808139276
435975509176166584280
406214891423975394915
1100350618693794236703
300591153763498686676
1022292060187104552724
552064693909561687859
83623249590722021317
539411826715009971915
138557296948026914016
123478986396496276917
1158428223251317533055
516319439000196607831
328004163371214924870
1115026870717540844887
1131362049496457047203
225579826927738247088
158224515390153428977
859975879031688168950
467525527106965258042
583822770570455133404
781606678165290959312
548915759441669539051
696863287285637137833
855112692676500629894
549276029200240336285
9522751294061615684
1021345408231945351124
745558093189338022704
