3600
~
50
~
2
~
328092295612782
80335773346636
691659536642874
372869124210052
11788148811705
909242779495916
74914321522695
924280581312604
705498592601812
1093308501433781
206564269872151
851881473893789
265375179016383
135879416727345
218606583118513
245318974221132
1049661762515161
525871382825163
773705550875708
189193707927327
594792314827681
211796333013455
651385767779505
1088172976105374
399061986120271
1017099154294902
641551381443988
290696559627019
874906581480893
744014095254561
174391810679022
940742329870262
355863500712357
149844328797414
525567335092268
724587967535602
518920071667390
867852245778748
681504940817213
795433459576732
48196874817147
316865949278657
806590661793683
317700731098672
599890433930740
938876797598577
537415769285311
645722560005823
43657901214943
906620909297801
