150
~
50
~
2
~
5262586569
8099917683
7337431475
1133919401
2022151744
9373038475
1865358498
5400845911
3152655414
1549095036
1121107899
4256023449
5154341380
4128235046
9077003662
1788041521
3607970542
6604709363
7537588002
2682592748
2142734672
9673321343
5713192369
3808291850
6879312766
2598882471
7737029891
1608732020
8777558917
1946661770
9861846269
2489357348
7954817507
6869926187
4455704343
3448022702
4632624434
1986786112
4461583953
3228400946
3574344965
3212380796
2384126430
2959304790
4547786975
7907642205
5242393784
9494284881
5528504754
2089210719
