3600
~
60
~
2
~
18800919591862536
776015894470241675
1096016525228956171
1150729789120868145
319110351117219267
965446691771009708
515616738623030497
333707649441144241
333626430974337305
854918495151357348
350328520943653017
947898426335756122
1017832443555216126
500919183341360765
1038460352173198952
5829317336005559
242011687501802118
1046313763058598886
338090259471683859
575753368076120966
1079723720538164429
1110729641611780465
758624196245916685
112853307962024805
14336574347377665
1119736482636298586
49434902084906546
594474343708828591
107490459950693174
437851880030917045
898555026786522277
396739601381827377
1125891052123783455
40229647178630694
1014835756260792235
736146726882771310
106718331105114851
172710244230617988
135174748334328512
1091387437606944530
1028192791740542684
903117526136266647
684085279460445180
649038202789783836
883398732567959550
816431512668265765
215639269093653106
577937780215805691
1120466287271926943
622710464053661412
946934916625998636
939451752268187824
132926930998996172
29739268681634095
1080893141693935435
721176803886456190
102147134468299525
663722186982257859
755822193122247202
612014737230939561
