3600
~
400
~
2
~
186252973710223307379744493802813203572593692856142124124651407755526391008222391709591231365674391354849818395038378198
714222973637469828392658263543080655951530065815796368584366922499943987880332456306575513153832128007077606788709633417
1354580889312020657941096979621879557187675888042607077730870792877340003245879855261632138110769654383666016976958418740
316888044500514754028546831348768951745159079504559109199540773778761479484118068886150056552891918572179920025989840822
598872513796609146632798962252418873995578042159835220096468687252731229798385366597684689359596571652479014642671165498
2353160250248030150932686033816173044481854118015280521051426128097580569635454193621313281465783452832882142668905282398
1310668242396066434486378625780895834796517569091594880771108831017175470099631738759904847427356386805170776321253480919
2110231631744349367620436303631446407520143153432301352965488311864082327872014808546316259248128969440122289133381667823
517911992320278027907444607116749162642327902008070599465436583860286581484271303328582143757595600047124733220182565321
1746673243887737559831624533702304685510643583018743470383684694266209620754757977628092580047597012873231225898080151999
227407980853670072948782518468975457837326917749123541450171968904606704669132077905277347199502790428738364049845136680
1681282708656577293400678893950797598970731882323753592272687663530372450215591917768552281981545080277679546155705055562
1374306203496638330169189734023000146929922351224097927481658778362315489710783760992664539311118795113141163244778919729
201248857795872928425078042989884568004795893925780768209760551291474795973516324044176827215242169320888086639784786335
1330724138921243602259869880873814768347133956799398299922197194181632493136483701344312715136088033364185495160375109219
650719592463452461714600523536148693797815894813916046329021190852330780331861933373164824386953159007907685773551352311
618042638754296605617374299003220044320389253844635638547923273383428686406988349283566881593458609002545772503379031516
1934335465599201439387358442033890347206674270942174546282875836889117017347935224289062070464362278710238285288101493360
2218060913670103349971783431709890458802477589438641566070201129865550439213048615708124021712002428909775093142226364407
2452918001541341225515159789137116489951456351905621639243107651485669171742079693888138454183913696617163871724503677664
1096070041842408955997396810942736076560941496852855995827564306421117738412570187409039298972715688592101209494446668631
251354369165321102095358519465674801401141384786358181728221587843076668641961833743806017148128523510546688142345745932
1895479064081904020332942662142265630442612139022670801730531110507132912951564412922672287741617440444153282225776717227
2030635527064240630865474841243843478830715051130754974894026688471780504439635787459131595468534222474688663435446456964
170149525214876445972200825229141229602341339392224716233548640210537395556410121458409909358278205639358173511096860943
1617801475834576701781860559660528011564927950052668324627442541453623300621283390288933535372374413724265110430109991148
2499351536427497601048920422029994286103386680798362856643410178053276230366195161702237335682938926618543689354818926408
192193941980615400967007368476277045446166781642697887239450165792251071499279221916749713223174276531989312072024546509
1838488262080735442175316538582815774878229514890524748834013513430503775567466532783747688794016223603877117401184980913
184082432351411353168893705400756857252088828398605369245958881713666430204819332541122536912775655475071217384798162246
1561329319245119066593833637925082025296061336473832461466574184406472899323690184990979254668916802386563038956260683733
2224161715104384859688234039865231862677172943946658669875025103564500809651239426106366001971249615074749603670825150511
850437881983740625903595693464890888983786875344281709263999821308365575315900974158576119242364040543451831063825856387
2257657787972787958771660099954362440512631778690958728448606578268474313803014167570302901491030458243563063241708539578
1180340335710390991699349561004754165071515941812795547545710715523163361746611222087753731541399761253473832634784845839
69998993374276134049271519655947788263233679720044345210569484289865904302006679093788519983076639156924575762385933991
1863193256700069541028608014012457466413098044895307679440172891442738731646415940040478907577948803286577085849428375787
55637007115669361805162083363770804499404100349055726526384692723064624410721598751128543522631675321036027816291788862
1684593278483987628259186932789758601668097422459273437783635785977398532453625895898529096875281947498174669405864346764
2568494791043465635826884313228822701544002692980687129439036089293403404591616941910671503542002821776305981899096489242
1175275787985431448876031811588772157085702094139797437784683086923175775308174441821174843475591386339957566884318298694
997345139229054753893460669953342614583471557496776279288619143071107512183952291914249666034436339136982997567830294648
2241710998259506412142919789363740949050461569708750928488189277764547142522552751176717784240810072865885862250288474410
901857520750417485159327615190637499600768878472435079294317194941662004259385547042230597936270685140205166449395825613
511737543754355146022875530649112124492313292630697757630737037502636902250413054340791511399825510045600127290947717867
400476953252450682020770713047527560764632521737589039079487137081494915787904116126179474099333859532870029866621387768
1150024510688953377332106216024290409602494476309305555762883033522622277237816296019987995055526289034734877323394486849
1995171800685669338220341161031894733153173274518334081024953818121943677115381472349050304067126835742939962473268021363
912485816203725161156003420444752164428593966638222079883051673544201627074188047999434831156209775304995915683887152504
2223495450453041830439117488712840388712315068746243353592355233638040465172700025498661237603309748586270418653475675342
842797785747797584989327108872542327262557124899589729148757519726063929637863563385173350161653247157077421821886435770
177350582598475774087246427875210541109967855127140952822696913654438822055848980416857647223844950727379755683808637538
950549097082041599463208377184781966648530371162169959068308232338145557551470351361539766249737368303501593336054152972
385246499648887884400806604296069272426740875528220729703055695528058734877194691222535618339331343203097421838635084364
2203710465399325707305993438785259134689193228510046035678914577730821378787970907445193883860616244253549741865633665459
1264410093165340447812875206492789419192057109169879279142553952241497062127759170731981391075484569988607729967221850705
724802576555596279222390058334129166113260024189502518552307393466504336949244840123149752276048207186621047076620266442
1577939361523173287617978343305496669501877555612855405676263318276149413108730770291757864664943144658211401877492162834
905670277930584148697159717924338148864860913199958925456867215988982040781773434429911639942215358164139910432271712413
198997932065833022849944206686356700421267127023276659987918034828942277399246033942026319944674767950348032811426499257
1241665730998426149203440283376651831187463717997507854745820053147978463048852367784864961673881131494457445279177796679
1844140128069457669389754505561143585890467668554407981007543387029077785960932388485923178526001379627394489879273787056
187301544431448120571024572872879394130613831643639044811591833964766146471385926621798999287828454651894127417707815092
1100526404451981579257403995039954647564528919956744098479383791928694211160625055161641007753587286784876441909442950
2260285824054511679228434151389517128621075227482264259403076005542744909210373227448488260377593511821057408357507463253
687861914599148974880853549644458178454783942022949323115367292416183560908659473896364681598179153753504257636454169082
639272269741750143351276381379669690850242614978747964754174011427690381202676648538583994359170087759692484753779981351
556501754452608430080316667899769927236262849803200962945634467276270413324615006727112392454776753001237615231416608541
2013416045766692208086989044201453587033713412078857020011345266489566751356330630430675826664538810323060690221119691127
595905813577102214955658746684407392839110921149809065519171132290916780354113418580455029396350586511521256088925429626
466004503889217045282105684025894607440536285515092270635595917723835058965005540297194121851161087620274682248913855337
1362070932187194828860055971712940184760630699797742941113574533031584657352915122853107576370327409929101610779971596019
648210657882846268108607643645555798359397510919128282980584751484473494226027965644485331992542315784665998922767382673
2540796088679766508164739594226110513779221596643328329460561079122364478205186522455948980931888131744901114755921555680
253049357532342215560136878486149010706031631263601393442721173105627181707717944641150761472921295357386861655244502564
307946956831505535878325512724188343848869108571748288938270654394943307162005114905427430468588669753409724487634987457
2295076525951263026154124880334745027405097403366702392384099142862417240654890504599226999088991622216306486103468606885
1911593518931221908430127502229064707354458659636708969671383865982882170114304443985345192742613601568963742602322532090
1415564698216529831779828322491098377241980158942331607614597444617400855331365116905552826544202914718323611936794044764
1175063186296488467032917800784557614861478553087810804126813938593049177677479935170210094708120983380927208551198867921
206125612269476589272713981056961101298718108539955963016422484453255185588555181163032521722255587484428968513335145677
1129512452698857146671542675442138794908843230458453114418816920521015399889836945029429629389991091212028635817406116306
219283681358644256970929676735073334316915479160700593418265366371822490079370796544096037734873581652453658893227220215
639247610460493650158360456973998452815751696930438696866463124435944143396423298952401665181834617348633294092715632606
293378870208940846581978324760625016981926025961417160557381827502223923610811860756424624979728913870965432805005549622
273825270130349022825859185846358458129398488158827396673175961143404174557243786825462532952776513999659419816084160023
1116576026552837556605847785241016472181385054687073069923206999134715676220556911093425817360906595917825713711459751601
588226690827034873212508240524560723235505718782173653389775009379278449772429735302396776185901680192573169951107817203
2480950954139548018910801341387580693337370355579871456142009452817504757101911286837093022439620715901225256281649894933
1786166762179222354035077947232596864258711071972609865135162969710307555505026335523510014340638160280388088116526307547
1396284935761393882323345743335672500699245545002911590695732979373857294943069651306799094479784897009769811351561922641
1106551021920135641793728689519421091079829485279984276928593692192740170580082497659379765093280667448362753600627760035
1957142367603129602684663975122226932228053035585952531411916140588503140923437298069350127177049474104563238700234665389
1090971633026857284045422691107758238834466835396409600167731603946970108293217911516808239115508193572414921317950349238
1207051672084680028881458137170822377057664190636436746184681000544827674781597346727815064934132353700006998979762935354
25944087615556356618975381958191582297348892518401352215405608689164775542511495910608112742459858048457958624361927017
851514214185647446748942563831563804350025625482925786523620430180261994138461484140503845676415196685820535791858587663
759301689192701916765497520193691512989786560319907680784693075955009116824434984266139510283821967766971052952935243519
1690372352454683548490812139489326985099266156222680956985018085516211942191250938840414130424215711052256598133743186385
2321567135547939949622469149501989954805322005588497397725493858277213037631504906578680192836024929179929515960307052401
1307899879230122931095855705732572912475500156643924930265911008993150604884918488087788860956826474130119423678895706117
583150869538712974279206842816411620793370429170617713520175397963415038922695620103591920974225382141790890878578016463
1846392123590434538445663741596601446351109687444407029771426407464074526576652874859652536235899811503292846704366426783
1359764396967325760777163690197090850843322784537337308303284934083130097263040563831724548134805662961583606777031137762
1874629511890294299635812407371885504536236638050638892243413205517634193648621871504415477119309243310697584700083652279
1114713755039338364942576427064265543046915345345924489905307314101366963801988987562852128657424319149139110175516200170
2192708483039570574747886181559923065013465207612373762368260114253591568322197270046734283582915691192875281880846326834
285665526893179053448882411738626960665007848113464872568405646172014797352539363235384057069581741211668460828797720617
1803767239950516397106579199642101006097167518553355227203629769031977096925437073095721530053769631459945799446423576007
2296506926500411209834780333854982767064485235296930408528537528726893858102580517093865610937904517961584741779138371807
875931972175534999716296900589332502080602194937244996620743942706630787606184869418264854975000738156124733799324938077
2358032020461409013017523853500222321660051260869527786729187600043581476523329961875739003206118297572506749526175218368
1571179868667448489246714109577716967566079316516965997837609467495547372337678068999961314226342736533365520877530606860
258519513073155645170395234812112311182070809149927483957227335983283694894761117969324052409296429858745827421635825553
2396332030757794888644904712835992936094634086503191879101783368334534530671744757003363665038619643741179765499391763293
1656796102925183214011474566121671868316621447057249436029916356266851370340752498176520180603089728595677270273336715465
2362005088090086317197213875407167595034078464124920996027116938100842482174459798562644709838600905448210843599891712321
2497985719140772710773343016656884214231228405458920727499648816431901902918384832270646248185742218603881918099467209574
2347086157919487237093156363935824669998821538995818767026647329420310663223239827426739030723526954780207388141592131460
2343929424794211730146052694039957949550152040657569020960826334162271047508307958563911317489078431167570543055503504952
1523449044804082897464204872906457144582842321778492790826802047702854340258457608283261793793833276752099264336368307620
47274053615645151093906584070320237045715637363316798673021628451649167218122290448379007876379390733005729116089246312
418622759466930995627306573067943990780798176177596343503272325760626791868683697992100056078236922549162219267061114022
327936272020284391433647179857905368176611201734157750247381041493876593897159654476850184790055782649365196439091632895
1431309517841819321442640591712299193802094374992426900874321688084727606690794268624088514236600932568535292793555564538
89425465475086332954398040871733551704476544565823257316549220357715912054621309886689743457789513142101758804761093792
1664145343603780712755312999135866627781524743854862359364230257791974867021597538410889687526780838711147698324825885381
937034109315731579631998540944054470476325622240300070696214370056403599388939086812665129842097191270205977264367777926
1483260933116539116522978481848926517965383682716425936275243224988764813328135274310349168876156265929070922710188817506
796876387219366444894531418290792012916533370936300665399643075916415247299830274926956221702121045655147096668968703789
2293790990665064212529989134445869466277816386408726053509096916690201534987106427535328897463104409380422378680210760005
1802300165899043882196013271846605859559822634872498171266748693887665783732888140276684129110686342369725784424679508779
67470501987823655067791205374513052758518268379150779117646476466588283882263026258626081988807525737883242271867475636
457083180620578365725922920953418331394287556020936287022308186004646334977688386462929553806072801084073580071348647099
622117651519176025298213955382084457575021317117928638471490689148313230940187992140150595623129709137664766052357157062
1360589199202205866362482761853366336880520963110078806547462982865485932324709235898069091420323822529350369984313222783
125182350894936200767121027326329139546910397371951651129781890828509781891628450134686050706316818906542262524305034989
654084482058142869161743518192804823611928790054116491044727183760808890227499618585017238503883299812913069250470087568
810567463074436732782693052087276881063238940861938568464567668866952807695022184000367804274919362228177088603656692454
1246312520666551986547618518592435992412753255286303423345766956164573828545473446503133547512106998008962325804406363856
1663102218462558081693397383256669527515460142545239887708035289209500137912288344026900341807286863323566226781992853895
723962276323564262196653482564075164672980589904479614034595242782987810702127283331776302183250152402574568199544673584
1102261975987694514468303888419441888470530673291452943178155296906904649362848066870828012937032669166727681236222647390
771236404662931796483515263999895944144115313833804756680112817978687294817030801610212012349473193301085484143322595466
2511453529889826475463221436453370498601308282721085610771766270860655768949021409352510597534172775143293172703514578946
1488090354761695371434003167047523322851468962139595541576880702478981453262067044427048782293520311206229276878970299579
847979767627972520918125739142489268403524686021632903369154166450592723295116159591527578013821843113771046336749232149
2057198707532555132127376759317962440940124773522229161701509168745599256240215827961440361857988246218206747558837756999
1745383860579469212368758892701834084433587966448557836620817372960516936360429549801320057294930912431075213243390052149
350736861357468478874999027118933936460712662683304795390785802892882626616345049662706312357596126633876274015760246810
405705430164735117595328889730544784758020551238201711061315285018728331736312485591814505762954729167053479560283311055
2030450417452657078927560521961995192549904080329332910033703452034864292408552745829972688120913364547014674581553894746
582308749584129636393156321200894738374635611574997409494473997151382806047566438924406683387024352042889526470181645825
959286509700939874541544976201622314865124924119054219272478055285272917723250341603182267631890226214729800662109299518
273263317426458361299218649973254322479071349727251828300635139474935192090106173873399014514822651081338779880976873721
2048613751807998357710661491917036815034587916351645767323332310556072129225872822816054197422139366307197461553042708220
745401329533659209348278015611351925117325823357019590820030702884245259310171922449729919717520476384003245875806919851
2428543375430291033059729875804602084585198917492868124329283871753294545466869038353572903811128881915133741315501723476
1725172040620011717473603919066290290049712582218364829670130804541563692919590797408381977281632956416187595280442108859
841397394314459683520073915765730978743767590768714767378099269813101033215479676032653287917916368868967504332501655259
1701337495723868055153603242078601556555202760099940261494847848701242561589241509974224144692946150822238381257957295575
2232755889267632429467222038215419068648629627985392693912090783846856118935926159072278324232606719681509858741279764775
2467637146445376456184636966034078172571156846276762125663120470778858533569688925990012611034157561577058777513991080139
407726635500540480987471780406708683258440415854609017577801882898538320712462593431619197480822899270266913775366677834
2312131988437903026211674697035717438556642551553823078233765270451658504554686183231398946241339029523188622669071062982
2037615731141371435512676722555631506717224507651750920610627886257914179392229244465224047838079671729603863897942519500
1421075798272221956156457576314079053203908447942446679673205776813358334884950905168573525745564641271261185550442906557
2500715380899468318029268622593036124117317801402276186537331085149349905388998742900067075186225558202109192374917856493
2344518037388579721977737015658392028739157992939703569047282016560506944849692854535695135800036310566513836757890403925
49284748877642879897047046707555689173855994713913641939100881464147770245826395773851875821440687713949162134475731611
1235599790676894312633488113835333032139242324868669514587464947650904610061862543567647468481071394543048464278823061876
146445348869657288460070338483119332060881288598117532042552698854007996467953260369582988503229136776117350038324300174
817301952328166965811771144976086787595315050512940139850074785370711471471383079436783978833092163935268148095581000022
630577403064835443222845070349408564758265745627427655025422675702255649104258308224295636148812606338494294667595415092
630825829583905828889403886488060619065282961188447055568124920089137579500051870248346529510783467348566017120613485867
1384800152102802824408750810789117427164588641476202343998658975226735380364307997315303695158736983133445921289125755810
588379245107862007882512071463897440901385750567306564228329818138239103204852110453871888730176182580547241062820992044
15740941894864068154258626249083997279958421277620103705836680022216243016977545725765888839128557505402732211692872035
2259243069564304700908818786202902863640871664604886754919373827661848521317407484965260303318929285393048462557997044950
220864425409829368202846833728445206198381325640668344463918001486693979936612921988037039606790333227153943351347222048
2502524901083603767821019845931005544616319573445274397102664186657429653889885019914403894826531451835035189467299818222
1219044885862942369619173046723845711197456211132542496235851313808950047522640783215718620601351521271831467858893922924
683298676954171986407018667868442916447290504492487265276209763094077331415460945878891632512434611439915610376103187786
1263190807508412506806536689974246843806628556667209308088836991861048069180303438844911600882294738588739544816702115346
334422479364165166873018821369814750659892633333001210137928629358580229171265966944851576724852043513520960100523382287
733752039797770531866962391440337586270339364332742047970973231483279285515881127168918083630812612785590052065474787677
65279981983279466480543725484046110403151795357760240100415373754312712766018113700164154462209145544579158706126087175
688375835066953287023544227626273064835360267914020018707396155337082883334657444293300124376746294372068744063564759623
1403894264570130581737874640471872001545037388427496817885441817717443136037684133469964706885044543625809787199211805578
526383884338612922699455561820554902610704374988953188963035259323729779939376975827631809310082395774060461352481433439
192071006706755386136775603887975222784679068565556539999318776845108809089772301577622286058797122309404744867488504804
1273595191694746279873569564142523007844454613654453538901261704778860800234926348078984770609777114291435471180037812436
1246869375046582463694818330481020578105125476006577495915885710308586387799500471444575574484529379345882566812125459216
548759396024100839010060877408716232016178977567404108782764866975507810569775649092257835748272371246995969026279414573
2122393547380235925692187553550384574112420344915910514155701203685195867471491393527384197732922853910349777175020783265
623928586776835626602268006789944712354200586571972445876968036117704915371124292241360088669803564502843220983530975742
2355990937405772398973372916674123231098960625819002686061491016066806975754028825834426144873493755671294262349938843215
105979772903373077474471890237691070217297194962644527549397173877703899172546242495570705960058475578095858382081790598
1037699610888553072292951852155029434005029093588100233197213984656308765238861861555352570157813732034467509680557761293
1109950840782532285957652087668251306821312889875672948134843346051634034304697628388723996334251563924592843612238740945
1027944971492891822209733274855469447411214134344872393306265444617774912070294641173800060126005718203685944536556554992
644920482040222877348301450354002192284443539481407461182458107356047775577526672648102530249314929279724723680164676007
2299816173198867600543106075415813095227737302107828797553269521115304589653497230797540965035789957592473350948092146217
851387721848585969337867261765815701251777784037751919699576490258705334299789068181382611186559807450052138321149207909
2240324875524765795913910313753965693714932387634299051704036979840393428892101388053952208945600215628391823850532464858
1701460534762874522567954495097416415591068999552756066993814575294222553872533125649947023353723003078627753849480341993
879635479135800710925414825063703933880409511672403798576496933816066761261281026168210068814178335238805590018652335677
361572581983998652404081789533143803999133957194668550114814078926709949722352318288014701376954919629885186294930807778
2420041752095531294189995478923335824882852480216358104158424146558390209663635752046222466823778587592646305788259286622
1562931636786533376970882309749364425091505638231280153667394649499488351908837795634014838786086176344490220562337536580
760102765945313910697940671028780557166579852721614782405955996169806390062266065087054593487515327172207177267494931327
733589780037515565189383330643803214804705229139373942976849952654473843105661729037523434425242862430430987302165722904
1064635336241790098400465564177682758302605886248475605384024565451134396691620091567298397158204330329455038301956245778
476436932366344201383032950367013738559713551153967833493325117881390443406834584236378873238005736200474394750947287180
252908955248145070336999529336666362576816306060893218321445015136960752321028009321640696244402012490048666405920483236
467929285430969710322095401622187874279590272946916394982593219670494721119684299078282221430592928609117980579011288336
946606362366742932586233881869513627253059927959212133511413248179928453215040903032467099103348416257160243786604755796
1360948904826389105029060254166525613855021995773911955521198299581065154966543372906879097093416008608992625856760541926
1081211202104345894892085871155174961524135534428473963160867337882139051592464252803697888108503074958124562122119279562
2514447803232325496031902124801889439823106048521662539058509966718396379728882867461159638934132453991109049521895948222
2241995545881646230100511084983198098309554902072132079012539428915430659756689996575172301663617356282644503707836491913
114779202343440773795372196492879684895837315876979358682528270688989939321856097601022274215899035337448163911786471617
548218727048309118120009935286894377747448063433339537223452217739007804165033499598636821945630341352081423088847873868
1643297398370922581459701491639288462739605338947036318755639449840805406475621085544816733959728731574670003155410540834
1487944804623734903177771252562550949021948135172147750865776174517092176282026958869493258429477573071410827499935968674
1321454139200216684551312539949678029498905776022463636263974283180408764442482608763652848890989443492126378072966566779
541749671212832215717112311218387669067480995989314666776191264809896760912534247427013625964756254597413483068405265580
126919586880632033529132218994612394295577027982124938289595592328600485968124302120089022941526533256574134867468448650
503978341804882981771038244192588963909478267828172393070133751963484077160034008104583832567025742648328806141697413982
661885237280023344391802408417135481207906514572101441666036192518813541037761743841113319542153850824743572973808323749
2050150244676602783346116159550087418522378866196623565355893737952938586157305210662573452896669260383176214755479307097
2489651736965856926954593446519490780007682656287705760600465606794497232751835137442053936329799431090771610025099947101
654467192259338787429643043660445512297284880705606671763414193889107995442410893576421863793956027855659829340135810014
1089960076094741199539620253042874330457189956309589033125725427723001917802176138668613019240004662899710043168263892411
2462776109602724795859423601071728852041856380201011754276070836973489527284881082106997017831227290826042185704794285254
1459905266046106579248227802387368198450334606636069455256796752844751730923516998372468091361981271504962536886299622679
2041782666268896716212644175660659621974680540015019075961850446289907649918315815294551250771906632197561251309042483772
2264884764735824589914137897883522731811118626021486915079787677592076353943329635716959001596781112409347293594227778633
2332388366287575584550590395807886665336649647494664491184795476589451266370733057387298166239795274840981400778521675635
679972409866247231862823578555443866824968405101304930624949971127010820619514367323390646611081826363843834211090497016
1199151741953703635019080511805054782801877080873128519188339917682711381407917707608190424295991513438026749921730154904
2225710039082248947903450881088817199823458357483468443180839774375925667666574169857014483284220700913954605215405945171
177360530130084934755913907490750484294213427665565329478097832814340082165332094343584062606853031788038061887152483620
2424344679247711876638778987664897487385168797883071141848749469960694214275909602300098543265073241830570535947340425340
540355061565991895422407816787351015576166171873358199483266028899088904328076404319138249307497227567214177474916171160
1464600557842894708322440711750504888645763004016717976884575214648945505874166516948969858589374979508052455327647875863
1100855685434409947357764064496885325928350537360439479082814023560044192682549589706898544070701207339783998937723455340
524501104858631291300102265938241511859530354320883377691469972427182954968404242242283418907351211706510118327199586644
2124569733440882390133630639070648672537091123662811054937253694282115109291767530822953207237522138293709036471962773733
1930673405045369054738889430798923398538452588421658170137700133271402211972098007996950272896488783371998049045051646025
1252900457626151365670187429892587355166707775853215180306180107280931966232953280186894730388659810067757403733203921013
2344096297362485586589129132730687282646620674209607874373002689450654234419767526003156144759912990972016650117946798178
1322957027180125088006768022457658178380230989077891586764570303671754723530353761304576172740490016155778674547953889418
952987779786929479928079356164547097769946689439812249045809483023486260294747180783523347228863904561731640848642353823
280330962410009922894335005246687287968202643268655448557418837743391997188765242582284490553463175324025955137618667735
2376098275274702022361793128425864521221737674457372094088980124898563509209052436484870335234646009455232450769717193221
821979135662774409832164564602895913570805079002200005625549047710827455166526525248192826122005893033386278537189798378
661411093288965891961762841254678124000208106457870150523484983793635973271732666980052427015466580943054672111396342708
2075499618725797126930061481189320552822683819353834645196334268461488750452162071581502454125234509207762094064198858561
565432484566123546060578518716522743324596037276012306584189528767128086117257830333701962956036297349217352215684498950
1993125890024082027435031278219208518019498780645641577306233255338892915637001968588626758468709227472710885104345766601
972195332618293547279403991324826198791420394987668969056495352702852278291415746885557401749709950176627742086946905137
1902022190564616574841845840973109137924932123902975947771914403005312098798819139169530720208932325115037103997904988309
458974880111859674488114545566843026424698144768948718160382643979532513682076056538359772640170732588119408545057674529
2289219592056990689025464440721847869415426944019683556302895798827551790485050951370508260668597937152855540133382926896
2344944212215469122713931602111220056870770344417659234474856760807162445495711449932518019113129194739579121320740256833
1783167239087271014963246510336459885219721159483352392501381883738116437192790679202900006887277775398112741916677236025
1332238732036152950915754970600996135742852493758353810998584729393798092161535851433768821820628868500828880521943519064
1960397803530644221239610783433969215946849203468724845291352198481044552065515458879130810892149712351553131047802563422
2240216217967426473364059079216831366042945269465636534863408223065620573609886279575629987714888260040839818414110428118
1833189767066219329534340544440797778520273027840312784528013442068044344974216231635728311252344216463631456960019980930
1988786523693333503017337420389872817456699562390705412529640344125179444900590880211674118769289540910225807116630455939
926878935671895470125238759967982478260739085710981270171375110528158179084829973634788621873340963293003925689145255044
271001548047492773222153766732047235860873605554880024533218361066709235133293461515769766236618402139123597273940745889
1590604338477733434325585501157093835771688127534884959423915452544361655310487995893323135990868295149647712347840430727
1508975404669702935369068076689072162417582752194050315933782726490761330860703376234783251029801338337053409062497364001
1013393769136317384916421107751280122309650429888825346676773523387148191952642770855106690101065677452176856005883373883
1855573494251574737060202505056488931162990844585382832378609719353055576354043399264750937144538622183864738788399548366
1810370118232272510447183409401782099690314213995843966103863828376425043174850797403731678123246618045706442341794202690
1319619521826848619975299394313377470669601994747516507639068457915523764190570573460789371050564380925713836134852135963
1507820855383890570121564233005035942369586591727046220267832155606648632149083658215723767745705293968424223391701510399
1090610876563661161550155211068416928449813055390997261213863005193396855357151376796517855562397726872217928919027600660
564505776751849739286254912299978195800487683076012807043774483112224214409131225819299312752581893816362953555990722342
1884581063733464537689710884786632612800300651255127875589150019628257934442111031739733863846323784439413640465423335604
1613126178243105389022046095234640500373182864139903795407601419457060732138847491611513008497578535815853788589374124368
2319288132523899868772541188183419745090789185520379934805153542543030709987110441235663180522411895980508378734140833971
579874892894440804427302428180419405285304601493887860056549296611579869669730185132582106436522300508307511915419125276
633304690911146084592429993509057558141476151548880533512159719684805546821227663698288797700586915475417270031963476997
647021632325332017777620451365170114947693158299046711941191511115727605908942972753816711716970836195982354278576144294
1631977397511723468746069372391432973499101971269900608244214844774924623744265217983069712705089649846810284219579619590
2171385293373804986293167745805114742341915172742513961646096804855551677995692375342943934301788110800273526280434076911
216800707693675286471620034923686054227885448589550877020445656686892036992158536014486121413453247324144439203848026257
2530166434516003879710248586450214045334573375669653613097663967460811954620308020271270273147208243968099045631521064157
1591343865212666529199001069354954580703980095959040956474654252288802498454422708202325142464845345814129356604785924373
1820073291930838091085701641316236749203420814996875986369445813554094994948961304263286734975496884964790800086880476429
1059302511227068544402563711570977231093263041499633960085445438507346533009132637030389293214816547910322143913511191465
2220112459542965113554487220219750764537973926074667881926274312936215088887332410627928415344765977353579544948981647441
1929578238289068321001426340672002019821358313475924908965212319120348702660232574595672306136904747284099398633885566695
2265389070822413747177330557217010862161271203326582997268528125010042968404556720560699315417469604133826107152912309524
1878082297275837936507552113087540555634776360509017788467197280248717086478653370427973786586273243005150980530109407581
584640123057246995220908708535711833837286185931808115053255252836887275782568430125998785829588218728655393989729915697
454545555406682600802197895551649852662104824346529270560552501280293813567380359902176946260260131103203837217855868271
777612263947262193558611798829734775173026819456777843646791888318708315125813988876492623919390007261949120692007179930
521688504986957301800989078523397558702054529696712191803746649812682337290223562053484124322712964573268424640229681060
1896452567451579894711192500962445510589104859791017278100107219878315868341836834520892583276525175046238924620739548787
1662218051756336832471313830969852429203721066523362511226878154201633955334909078997389677142950174126751872900372312664
2521444597163903822407657330318887209386730635754503575791961378991234776464100285985817329489789524226250493429549241531
1260888328466967548728074627868247306261895139509517278772232361333382816011809683281337366362537594250897780042183127366
1748458197286730651145538843407010546819522748319026350359826601701252880889962496738645533416055756832637884660835627923
1746337894626049760725673073171563229017523812257055202733445744452602205168740375909530163230358603889547836672045230971
466197481871313255930909441326899218920663821444052987953198478975455852874172123475859639553247876636248700534836982447
2344271006369534206638602217557118410660260461084306392831833839061798755585448784231064775528986346373214945533730063721
855173927068600654164777094851596116410901247442339973107939443915384721980455034808339975506898055279241289792657505929
1955708313899980484091975950650196396472868057125602052934155431147613486241596198614134837137388080615489252219119882552
489765627628099248989959476163066577348348656128016380766119194110074142803005118909371487065009851092855670360687415783
2188772976289064186284325813597329806735874856968630961286950078693908136603288657078631302627700275390124802972707326512
11991841881333879876268791082073664324180415987990672285247333057231834607446658804215765267844071989819623984433147285
2062453962671040496093024190420667373891862997753054807984555979577212476775137725038622804225222848354496296627900763428
1485291963516518001975185764129589716943954251291607549375321492515749650634624199682479673784369661965548943835642399731
93336924331381225112811084266228796214772689773375028358797854419096725485539196383160837147405308446658353300777169687
30237644884430040422638834489094257028429961765658686084021297090929642049618440321515567565706415006149389865706673905
2243144481600741571758027419171821690682245685568129511496678051544884991345903238763549340031553962587755624169285439831
1698175894104750319010107102675412728127574658944508712446565183307742827138058218456491372051385709405195224745733351223
1930844097973905788783958322051455665923059275713671738928511507860621912336257973074078580770357679686911162002825895433
236792328335300206552201180379695824559888009308450456905173229555031803381517091539726983689897435813004303159273154076
951844851061626783384524027739978291339244663473127340433095936246497941456367162835897852085111277056939772992602955985
2468060056637276825363428903784320656098064105702069202411484194942583135136258488652963611726588748792881194316609367393
1301027488421302174615634316842450234766360201584451034423315724407125567392030227056579976204167375992085395986341596080
2377960469523464869018845124684553446893960784149904047150934352602906694177786406960258594262438370794600609916006347982
432071458353474792679631575018477429810930236718860669787851067929227487923377828546249276013727250111864449681125379798
2093501849420728586816878396532729927142395349175233460066153882538760048621940650565335402861327419314684649468116867005
892973786829568105499766292622481518483374313027585398527981791984925719247264068532335276348106172092115209142665329525
1097422520154915277183596742944986675366025385617924763355640126641287729976790446123334719368118070372035742364076613792
911950752759321957899844106754007543420854019318904770282896931927093783474480708331876640858405996597132822944345288656
1245226389231175509471783729246285366398063312048461959447987838433760345614262476194460375754716776312634190562331287083
1009575047753247738482154174805312778697011799983520702190585744344557757457143498889223569578276502146193241211069910087
364176531542235871900826924982379527461483936729854678053089125136043758209170203583034581614733068389564794351354338612
987067814647171128468073967469466741550745492027314153076411838646245313397368723451882677774947215864093354055080019708
1461396607010020061005229464990750153894160965235364162918586946234019570242025276748859283555198081760979605452434732105
362985469333121804022340747111392596442054362383632377140253618663455954658729535862826535484392149105837389995701207563
578464258289721668728365122680005510566255648959675615454259171872669573561391966113799073648233506518518880890233716205
1586586189087649701444780820829193765176951798056852990053579863526987397366137722760528795635465281319462264290912084125
1584876977531784089206363599686878028295411189867877597232774779175557212881394519180431162038295167810052880336505668167
1664503906181664168524938191113694130328741474579065768441880545716100232370241408431548997067701921117181040531508608243
2309823751414826999676917767639375730638946200921080576327760868222577394605884605468851352728423990729812833454363894635
837382859100036207002177129987751444446146864465461551203965079369229209465960158953506131542591009288885187290014750034
361250253474803119427398425361135942399189579345621595341953279486117914819777969672744484323198946150416258200253400925
428796432796350997179623699519049880438777145912270632289034336053978667148649406814577695527000908761524043586387997610
1730028451173913775805551487504654580590021176796374014918335358084572042189130544288210775337074380971827436527710411007
1136090915648002662718985662460887575645648648447362461333557150987059371136288981925378631367182761617565636667304895558
2348136398835173912721749269552399210791179198409332737823316439926423090156103720219552306772908028265148983640155593682
109158217725670476682309864431936897803803029119742768394214475188990052900394511043130126902571014287523517891450774440
1751139132512979408552213181272928220344499340677164658026663044002594232181127791646164086371087139757738545839000811082
1083022100471507395004008764302051150985157902036721061895903547586523855657594245901862139998295540001730823497269793634
566768842178787760278185378219728931619438715896952419059841258283855487169155795791293949342745202720694533540875342388
471726089408925655114500975778246915904376439723996744273498717399946352360736481334250536722988508001492804289409524583
1737954075330946349611047930004835291566675400843363086619124993361492195538865534139334923795681069788749332203867532504
1918406586848701247228548267443435582910871369607597619576840933953803523307703545794955226120006739179276795060295634621
1747248964049202820148267326601780422922956689760525904375809883202461089827183074355514507424377186085838218729677696926
2545509576607752521340004853254403039206434847870852637338047492772030150627339742844332435706541828419246782079481133541
377761978435467322612684656314616607062448041674453993871598284958739650082149099851079017906853417809407091492738262201
1690146479320811010479971850725931041438335800759145418902922823093379458305884098083034403988381782558546260759507787264
1201427552659895441569534306404957687760096837800109007230958180617380576175386928806752280362514380945994572340381004397
2320817589953147106270312488269650113245912979748493578995346883107041021343825238327692601743841870478592154465925382098
878804566354607048924176953357120538423101191588459440627986255514292519728493545410060985798182033543152852807291103072
2150062553567622018929521315832573964249183595976566683786877332890319837318732426565220182913837818537363647642645863083
629023499236555318482176334464550411377005133932257443892735000030276439851875798782648640320464609653842728853553726177
1289212481638282362482386276475227148350669118437057922396585654951614950546111038766126454111926488406713063249177363053
1278554086695459531320015501793114313511912873915343127692131163035538932845427692583467658354948011033184169373222203717
2414781689187288364603050902922804723126382334370600597328091574400222577976999405431240209667000501236034018636231036403
2061587603915942701098178130607787191447463201465782356067801937119620894824412541129875447148545072130560867924010664128
1260308610156676249270089958501778217865702325289399789729083059711046425112175263988855963805379011629735207591012420666
2545326848930887543258570997186316896636657432639077448672988587223347468404765819663066776406524195746230710012024424451
1013138247147427547000278143301282272079639525472432409717938380617883231621931503762597910934291995478020710502556104866
1487496305070973751272949754520294446012481022430337385425821561655250165636957159446677453076514886551456878832786363161
953998189919928320828488178880780155950674664664670028060426801833777136815490335013463610685950734264058062234759581154
1178778253531185584587051515574650567976831385385202621409325979073485574720563316960567764620134352651568184755229831718
2135963875562359825389118062876863437212606671408446596241185882014573621648019327593841213310056918233959476883489812416
654751645142870766677458809640987912482329223773817661090567923776285388741767498292511586183695564611675275019094611534
598769991628521842476673414971861057920759815205395262652681404196722388646424382050183408675309169055414530558582729857
263220275140124160587311228816356387656740644325375280565459306537302557545203746105904610668191175342707636740388459459
474061625167225541999581209219791327221077030023912442964244768199391803404563724659676808006761761522333585926950978000
2528073529795180540419191482794004189883231546544303683073876724270861175475286028927880615829670093440462275275428204255
2185581123090787742843418861552909979254612677927343184945822239724233613143628484806970656500657611438811804396784712959
779049062041898887048328704068149040545978215060330076342814334712118485872042215956101172544208211478584637539723344394
954279759659983114694907932020578510336579263170776595969294743321793323980494873221625480918702932002444462493106074000
144222564330109398652546747786771275802429561427490812500569020289576842952311789220030668419806954661510081549623170657
1482176667744486778174391067005416332498957529045851081059135597776809261360998211817593618838234643431892643978641774893
333294967979425501949296775630307011705063151177516462730994182618555417745285042367898921621965398422625851634052919326
224287523534261371589497733343121241942667225808060061097936603874122869451597752520920216951280549168157460165454648689
1808822770114550320362568242095648418596552424388068408384693807981406185886551332207778530952053564902991771979512069943
351620690359488166917566967712118285080736271831035052604442686028089951566637637326969016075163531489751474326953336073
946277009490006654647503893677678646973396298152259028779351576827230284981266887732138510417920264263698692765742516559
2144626174298672002689342034163018675364009275068620173721252232270365496018874478771443442022544574005119022923850614518
75805261924805176997634679446585046617384914465938807616880866822115864017862621692396180373631007873140921755716715459
1439111909860157823200277129592909415257052687846643907587445186202392529422912863487966151865793282106247661127503107363
1090558929048843412653634881588606114826790293715935360366296504371336406078638177994391452846602185512691894321746194229
1853055141711495401789307177395366677313796154705536996226614984102581986952470124848848769868618295136803687978915069867
1654571720241159239641404705630354458784170448754993164819590468951540414175002228773511201331420406831902538781114554851
724739241268862290776444419224405090375148305204189710601166025704459898087723602024829366196544470847009570697675707721
