3600
~
90
~
2
~
637565102711583528449533395
910752632437320368641293156
613848919594977488489541006
95802793918624432888421566
59321904380240829194667879
271068085185590510060905688
522421363805604177889150765
438155590885809050518546582
728718134832566537251055775
222915047867566794543476157
514255556450557230835424436
852139417264991785169452923
191098478705750541581427662
1138004353374240193378165387
263203327422850147570572223
899342880725827629742277231
1069088869618898854870799343
986926029831219426075639034
141162898499744595140890385
403634683894663646197198777
183363621353907032620775999
833317752760924065952594862
484094019496948079018850512
1100147822595446726482980615
308926179271870056451888002
398765877134148288630453223
728337128632959336796757213
522100052656890659196521175
935162722744285544493780304
396042073768773780445702838
236961443796879940777665690
427906064529947803216182910
753660764112889989293357041
258208246582172733661278914
614064921291954862409934487
923194709844911777466290708
1218491995310438739009444339
1081742537687941274423256696
893453213215197172485797433
643884072638838488366687763
302002661751272389194847616
348431159453956871883014789
956353649831128096442288784
807594007482481283771547920
1016483145331235415411336300
960973230994441468364953952
72731464928637756063995461
661784155585411321167352901
1054718483191350176357503001
91634117816510036543202641
1117128355517749808073538283
803818677800350906845024276
612582006580159372270915852
836161268096483612001412921
1057268716092055288521244083
632802234732202220352941088
374857963541926062779473219
15042361615335852327306241
681128935255713724128181990
1058287386916719766299269334
818264988315677108924938795
105392432282595117883701916
333484997093095875086010928
856427000949282141014912227
244844565238438296487869104
663332241483306769907748133
883543616238229058112887989
1053578373751704680167336895
16145830338917058380594075
857392024420885338623548776
438892166463967297418600824
629802734750016920624306722
157239092766723853214040440
626729222051174286738228214
119974880527367966561643536
505131617865335201310941866
928267162052347016395379088
1177657424121183530407595770
666926689764907650756643422
759216602071429401806912060
5082011804205194523444648
236591323536536566386515594
992098660320607083924043186
1191867682122288640047470128
209845699510964453949596325
331948796724279017134891789
264245330768871197371356731
356497514436799517518420274
160346554156004097642101223
971648342851893662995161317
