3600
~
300
~
2
~
39764945763714145291354538189001523538298015127556092527583970384984484813825140392757045
1974105265809512777811435508909455151695709138787465454982541233769949661701871974143134974
281352957206887188662414562341527596381301533278765082796292000902982670221659544322354639
1504517629907715368499050301675672797231200980160192760588174968747777802778388066987123391
932517548071808216684607267771212566047777709910210940456706565497488857011293631538356370
1844206616279386254924770968955422993591834896019870860701753938215080527195055947935421498
17294779895031967772349872841989813700823049358824883385529342528690216553222184035049242
602515540484636270728853451062331626991661494019507049897625613477588676598738572062034091
1616787860503435649508834205382460328019036327278016699256941111135837029372546668063663723
158796180381685682710677152047553926796990951629422723399354647234902467698170708221661905
417218966708375254029347632958441098855972760011487640486158803280722355825467317310276089
1618690831441939310661498221815138313221959901464241095165315701719325324082898855286315875
1930343406862204894209540999164743327849225205175988598382145379113785202179810661636060431
59907663536226358850191987694290230384021531638145008586923729344895667229518330214625781
1365706172202103744405138244485876912265985934733397743482281258481761085305254754271272052
1618130554070780215275463058403030564002661482677691973678195237499417646632568410684419826
1995876706165386494307640981366070045805276180595548136274056344618018388529188378667369938
729054777742132381594538448170352463689052021791011169633271356416476968393536278754236917
827509485030878608241895897945578453003866465970226021208374918010800933604132457660515017
1095070309869548711493349777405355310938974901160886775356391933729460981801741618053396440
1145197757243160636471737613123260891207094874771515127082495459945770711693269659711801809
1389783251350416168235707917760155006787346660008476109873716658593597065675689181878419033
1677446764211886812729622728199067415195284538297425529096274329487382607637642181061360867
684760080685035283682707199315838226084222763666225843182656744622903789129142413884733052
548768145757254582632750311731666137733466328811756279686882960065684167724263996063021399
4738710534697216627121634652178532527892209812259909885908626225180412602294057592670120
1569185257344748999573932674262063765480926537604544227647668375797095507814687749946245349
742241045879571423287978617768603192434177901924706354959109605129993042688216401085259122
899417101693444161026056940391022263850249139234531841042242977002830316185461958047313699
295229264823618883412115124634741541845519411595212332764806717719619029115473198960489396
1102119644570217034623455190451117526079687001796908317749890103699803704310166260949481820
1425691435565188329837047176871995532862978336668009446795337248591692353868509228301838387
368070134710057114096245945112382103776032565017389509405222445765235957165563045465060520
987186105022029478940313933702544128512327946089400548108277354502389086458926767758972112
1364209475521451755485237229073520392233402565610191557949344006088333054527571820631003057
1837329743017860530841081554777592943272808647739612886074801399005326211900936676504263398
220605930657319093712882362625388343777454801178867493649207354313282348104827431749719673
234831430946012760888560336601014097483511378984628894506217523761563038737640500278959968
775169810728627580632850067700067177872192925090513304018239893379523950071588849170978285
381645434390603139212183767217229698354506130087039003238223984183255326652635430250573236
1184827425856241128312542586078837023615062723606524874281322218337524677357669935943855733
1936131449510518443074273934578023042854982803306959497827771162747492494775270366510790973
46723057594977036175548662529849331297133901118043429258963903347091538430731282117588868
300263527942337682511366964411267808106432872854390495573777809211843229027657550442211605
1488075809356873658687554805027665837674288791036596232728583127597399162415971384648518008
380370196132025822530608465140994757113924267857165603330067385862652273898676733390534376
1994841265718897994785742560510135927030966834951706686528500453927332514477352417951609565
1130350833874652358726084011252942330103947801565977898726651384162447181194155448539946714
1358951587857391333117600266282803052956740750378503025917405686438311790172042902347216369
1365940568106916052271604060410826950122968720053661878165028257141537089140099926691809284
552435928970791369372203771389888823469893272997654155836614913583424995482572618799054028
1506410023826179037029293064019364354070104825858471286643240931728642790952657854553890698
994767049102457742852603852540880450831648396387713077237965309320520872336968247379220837
1189488223451284923455131512591811926874197998348197427488679300267396882003919515536168058
191727259915593429400963316784642442217161777343912484456674333404548396618382411533634831
639560126998061087633944972068140036693091331252424678973408028409502436705054734172397468
466703250404702877983175721302217444545342667142489518092902934177870315819842803313485519
1941985110579280256685376514145699771915131431127647756282870781698661381980898331435822819
1732521569183712646384452949748247686298393783008316596971404077918896713765553257230807354
1224178978934089654849576593699524897802190678325918673809171834169727859550975896739714209
1114862408129018315699276299555843727834383378796503524563773973681008830749291171065915525
736347597609585764578680633702695707514488373790127510351415955130785038958095413361715663
345320565591421466616242470474406175486248204826045237977847491881643942622431969098863653
1108276062464540486868594449849628205375059252197105222203247708398527666323965678963256284
1856427021144868618474112263528671065892448971332961889234474035152916455631031893746621093
549082496546826907209233360201097431213248714155472205103054126732477484561929090120097453
1504072756607953307795930012651879351169648464270393471187386998233675515122801608349416645
344063452350021584200445522894845829827877594653187185582462812735155223672635769912895035
1338957391659474563190628685319307425926079791632586068749605148623412988170577445393905505
980380646029347701093240235387682751569530469618613081135618985243175639544682308222574201
171353535759380006662005415077421614191921325808027501264963461163140560264751776742302649
1168631481822956601127036123462900264891857232781095253447120896321852028689943541063129077
910492460332405956503980506709123586242364968194266870570085774747844867371492659076389929
1727570617101741680714291986502089670883985726700268953372634937633185557830689014586076557
86700972994445128599065132291055505234739943274040322379559585260224274921019955936279038
508122014567095577366968235048393071759321515472626164471231795364229917986680373680252001
663327706322129759744830900871117503344115470915797426886438086146022488321749512254791648
860103746642602606742053007883169280216627039458299207076643422397891381177326117450671620
557702350563413706061323906499417913512762516803690936250167468817874669685998984110135917
937832939625057490495083231457978484174619216191224275936510139096662247991833117059317443
44892505691313082450727119411990220562196802813514311919911341680702627586937497188144926
1452475255061056491515398203948985498794163004218830362096329365306088814585790532635720407
342417033953463664416099011666852350941414446684027277701012982701890505139828578388216611
763449611083860394984097926423397216041785770085744531707213337813720408030818616402300911
484242227850835370475035861737316942501194568983278097608066517097885336076396870693967459
1883158829955296811168910044849898740440122698442005222986822134428442881927320978055048547
1121391046199713879082840084083639010915760432535048699280718593419418585773173178042489103
1201238623067024961532720131805528545211033582112128525230291460110579406023111091473537660
785400942779153328173864677134488367184459710411661184095649320348716196900547405259461742
1846323675959222800335699941496282489465768510053266245189507130199115596187169206586324536
959873033313931021385937772719350315761575287149342845360876017547770481166304426581656571
395074591783141062171958634129931819436429690368468523086783559962062353667810758174768296
1730192849555497430591292077124049611938943751952901061355421243740846808947043633276912735
1777926387952055968872596600354435454828083748570193419467122661729473380546640954384042238
1494354508763509875537355865326693266533505107917571389543196190305356426539720167558245105
1633248390979473638846193935919658516782287431006114519979574125243529498821539782851932240
1329143618003690165347638486979032376007540545825356280400411342944557209446605804383191600
823944998176872667444697644962809926506456062884217687293677343671367737152314279396841488
649263199478799264872049671083453463627755705651957643808291067162206980603699560512907312
380886131050857352366617241102280251276820663799725462185275388826595108227376278124696297
1691499095455655753028521330384708895164916146472996225890642333021036147909082264316432918
1810146732168101227828101156654131203996106995287991920511272897245258154778693172305381153
1224397153671332914130873107887181248927882316298743950789598373918425393638004040690082354
1143449763019334868449238058112273510132910120761858088590941201889872157993574968700276899
1274957804701742429191203049100252905035900968197200585881605597774579527011127914411025675
1856211404230870973306587053092564265208613376977318679936356077249148473104442762582362143
152439470030979679570605899875369234369080701170446484540689849566522750004456106082829530
1392291511342694076580265064868800912252479697043580128119293622498420455407669296785846594
673150684701381733517382582192165025141437687588084190781619828578210852430554870387654261
1754057480789913949099454946376379433322421256761087508006303570969354743685606346152362400
1913187345322645712462611882867503934741776212479558009226620616404115647293527213594182202
282262974818451904087595164501593307299571183118911184405834128352876733492264344408999841
983602560956945505708781253818763047942474745294134177914889358129949405309335711792720292
41074099722605032109189057585731026900351680008582998717545294060465455126140095525322052
1621218911518319966833716658646987572745662526329396546765915905532026823823755959165800118
463854774480164100554607223423956109651638503627903367143917965517909150987606908597931119
1822705870054883940082750819430737288488201442384728506817413492508736021630655585431566446
1968288304808562812871124174012073997756440258800326711207614994270713996592404932551641911
420812870448558283880551321721882114631188856551130114938178180243847991895360943637230975
1370621407701494898612509542839559756626977016797829439212680588909233321206468185042990277
1900855665796858186713662954578947542762172429017168645815401952137206801947198098817070404
1212198444873178828991695024818602429419654946825674969627363834247641892740950276947418807
1595050375232588349654433598626891223567231611889024219926662912094736579428057283204856865
1854516509557740852266868023653655961915307425308115649669396030976131879618590012332593767
313307769890234458368723695292600311008989192928629507650950795487588206831858627352176167
641704991416255251890918083781384280906406417323795431664829992421318380528069995584675941
882847771743480227684395454059053164379863208936391095858694322955621505311172680422863852
282037866121591628207437281157739028185806931767460037997682589542753172615800591636599064
1041007404208044069308414304294833709283677122155417347791963786527599691393308038526489430
1400917655300072463593223774509903429090078291807582872514850487757238368247122441583679415
1897245195884088554908640488628605353393589856071993024922015987435726221338818729142475880
1023515508816005214523527413190101727288609924558160010617775673194208919057011798648633138
1833294342560819263101413033555433576938232963699836850493031575326336099845278479137690626
1374803516380814036472088703392064524305260018826492795599758961959556724337414907986532916
355773823113249089981279461819925748188744767250842549017190470680579705749286555035776489
630685875490263836271509783793320420301516897906040557833934059766217081478422398405911197
504027631644196698893501309947123950493450528453304414984580491997306515140735603339493077
284034539716757964821233720412593408863186850473144061979687869618940974043613259709408566
1453782445225980773556987033880416297192247848122106809760101704331089864363595187757449449
1106580443410988620782166812225621588621388004831663954352788455666215638536149576032577578
1558666332850517326103603972968898929615765718032662323465184925265175201950085097499062846
1090914683543683123299747622686173020187387667849196137412066064239802852723594137447133583
1332480336918467079540721766795337885843206738535262449958825020853073068776745713730800392
1703606341200000578523718423600850030423309420823069784189821252355739329078426270959199702
1496341607572255845252431232500297010190673401230214582103800236157402515434831150023793850
559697441675786313431308430007464279184269855223536964332392324657604183320746013371937914
47136698152360152263741391298501556832599935091639528300714572981713434736620834009184986
479220335111732814519469853165595895125227902185215617790796995508326397188191363934595806
983837072987976257842330398201102096693885055310400082310335549862019820851705302639159443
480976280231215426917340150673962094194200937942949100863777436162827965812028881624547199
850434902214772527254902372832945641362329338167229127622006669559636849534616702194939895
579149437915140436539488932667863907223172579798282043834474792437175574022894981850989045
1866183673499691586777927149097569867447077314135939986275273405755503913843133989386213897
1138101703989607930394708685013072191471406687749361270226440357742247603261305319777739282
667529623365493331415307667170269451674082669496619995015695735335783187217859345800835844
289705155387382186980795696840080095943991234487173685295876575322164885151054691098166397
850304202022669461119838855280455743136501548816887353639513760340919430977245625309215895
1704422964551686815434458682827204782016340032250677448434049016859224757467313419623966551
972245177273121517037538698097673140140380765689830625957311475507500307348371848635381044
53604764846384074153988260447983542987955847209472441459257532853170462201074090488256736
804216029201365491953581732939436924705630865904231700638798341885820783112892611834484794
771951781409045904268370363483021726892596452860807083262516884912636828109951487365939239
446074850329580934981071658984916083363844085947962966192224955607497801730868359248388608
804859810740701840587054457726775046888501200715697400079461018818542929875807509555970731
928404921118661226481639481499484478419413965452039583652386062862963375350180919188952336
1320670948456065310560934152007367091901842966686951117670780309082060707134798259237752742
94019495580732128567054653015495371420594474198301062190270544848099887259117170614472688
1448945301927122931535163808999772498378295470595983076776633262199264935490120961068403274
859176025763307943705649368450362020025169854103918083755477977396328013221076158124826750
84683083448656253187971684704831572587567649718944829452440336727227628467099814929644737
47091316463217033919887346122205739182127374839105386634930010358770080419171666022331148
463284349808242084874731552708476935064820744636046096248374489984769128883585979038631726
65892882450628742876685709861825698797652727238898000147819128173585404918084735313450632
1067164849315069096560771008529580756213350150189013186347624555277003648270899175416065006
1600503218684221727259983483447546250217184607156235128808782386176820139879039799035853170
238494214770020602947445600406395460712659681288048939500977411960313217967076716794873208
1788861984789208558405834547781044398454552332835318887353898431658357522025364922544864389
900329653671274623116317703934293569097998761973402202935730319222832078955203341692868442
1072280449325035555497528128149534073030002256800138470386156742667960409115599989561501603
731124568409300344131040744984342139806694281452367721357281674348419249558547569713453540
1645726236683131303504592718814127164809429465999175764482508222689948350698350493080601570
368305012386539746636639307707367007592358864206917497142387634835505363655832740347755294
1433183095408506055939839327510723350174413230181724261380622409405780414871336408689634356
332263421249076881290310000927426526081807580606438427965306032307261670132278695775267390
327870710814361396755615928588678772241662057100400106957862988621308536227469600863002391
1418438060585852436797300736211507702366504539822241264684284290657535887487995701681335143
546529983356858123701941672032728443382103677469953039577255590984899442121395116067666585
420122467351885430504695829910504287609799131539419592291210222819922501922519988537472619
791935333082391619231853846658722491468542062069993937893081822552283634620014293638047089
1227728091665061357565336370494570056724669537936595463352793854809405619685639428207061212
1036400150246700891780965047444963981722380557956703446621858434687693388095700890828121438
2030825149551964851530341165148358556855673623568541683064666348082841264553052465675340123
1667635431869890991590831090958463201555717871236544931394250856798771647839046613217616646
2003015197182921552638257074841044570778042827436782159510051740312346675534591532482109228
218856709686031362551400680751609538000361067854970036962340776768332013454028493092568378
1283282203683816709913094889557505910641077710902970790435659528738418487462748229050916083
137734134297625891266766691120704607915963289633378515166445207911145896807593887619691671
804068002895516145621250210174179281710856207772438687789682271071642064099165930251937059
945866678680188704092963632995260804123570649607913220946591529357010236004488742101079646
201606310732303747839738805522072804436755219114195655954216425827675158908542331208029048
172650207035788746344640739076834870095058446737775572889824857055952115118560010558456786
816848144947752552242138500958645548515586192886389983527473726065261242659531625080447455
609000735390261657552247009444133553048954674667037187897377669102070747066947981159012975
627416458833047512372311115778338962783106935497710292808367997725662796681610047831197599
948152232666362729054001953938873937788189594357174227398039374014238536947281558260833873
859983160583393784043608667650918204647486893230858420347183374736312900568420786608992622
260415386349848365262029220076757284898375999790824797566374549027141893359046839769020959
559501941066474839930712851653875613194966622532887951940803412867934431870349046969322145
1262692191317660122522164130573931178252576013553770420447704232311863332436366857986639863
1868889201192266424015424243568457242254280878053400009642022439498471938188892415794381811
641656020126008002551818425911182260756023564196946196352570001152881043562121177787554013
1091159213105502924815987714126799147561678889344147379786595716811320642416321668398724955
1814227204790092009820147343059322260379190429917415985266467519295102420486220819636257606
1475413173646006951400470370028196859661202078495727002930939960590184279126773691682089656
2002918995545781479766579386102564472909681221949174607539818790097945871849472666100673210
909108282302298068384613751656530716912508073340775170521439697667608508935919920566421039
1271528859942926053919178045374572545139162106508112354514020845514754475142695100320683926
1326785313983134160377140622672276834682814457746793960498556454562911644912394798317805142
1435811793046934283422284118604400560705621776378695894206446557112908295196007345738262282
370030202873348036234072911130586369295736768250862670889976467246483558188654144892903148
158513944058218563534170675538973526696221501509597210055963858444896678828656681456764618
1586953196027520303833484842604657661358303922692943271647903181101696057287791993623037418
1010584935679389390897349144172139399634126789476357157458369475879896149516345197720448421
740671300192525627590010786319278621226526511127944008548516817842946267898856898670451035
512676035963041903034488217064356026847347918611625641763918746859338699801605640241347834
1617535431790690393562741141714823693531268140887189279213435970274476025758826593397456434
426523237614879669977972430963069065537366505331927997201123817451364602133666504075420328
1027379050976269097564493554285797192539563672895796920038764070042335234781513303616281520
1489995612201463009557034899488185912749850229799402681205538645168387794101545685698024171
2019945210026882143163730910481114888745185454614355364751485150934347176519700240924021885
398550079795799343527464260489496190402658900807190238808011353100594532160433537061218011
162194669522982470061467246725378474897027748611948842179313180693781060820742217791357647
1501181900082828862226167338738378351202628849400088608430710611918088026174779433219529752
1073156135854906221823903652753796421137381012346756173468478376564568192239037804719465198
935671719216264843600741241769646675629138397146695426973939327738151446733932042959674133
1042805286432683719203664318373652238267446932704233736626762226351072669864277695407054536
42509423123233031594927436916397260493606877393849689547176541196003702158706277460055067
509559429066175242724271766951759642946889662095843872372782280592526949482934937587377280
1805233774868566799792941747840219235833683364074048933619717661731902689174358152351009613
1730575106536433042459838284436485270274369127522655017232129731765493492735353672954440146
214547301959858814424825523494130112043923202896231685593965307034519796218567734174180750
1065196396777591072355722055664642132828932801972886900854685976603108566823748385158649079
52534257268749925965691289328811746123736831074550318970097144715921224493248859913519341
518876947623260558798181818509748127817906668854286228757223550552193175008516072559867867
162649597497406596672267227782790974943062045318685408595731606240693349242971711023277911
426615706432674899616203013321330864171752955396109383115224598949107709393564463534412380
1433485142251876756633855455227592036859362570797027923880546862486137489891414918338765189
1788965382818110921659388700142790251600594324167322799995355402722927308615940198102749068
329752678963652735561438895439917460361026284754830181705153093232470623001159533171320862
1331203556888675389946364609306610378881905044615434784679411054639539572900534163677250764
650025059247399746580043477007293344459328443110968135936460663834763381388477348104713426
19676682376779120367609436397748922421250804309680105307324887059460802934037569032586288
2011946342999241507003360513379603279220341900004113698140488306548658955977814096303874314
648662453565265378569102161420506223985869476539339901883041688790447837868155670381172495
404031814563607838649904224399021279764304952060342216769329809670037170592577386273190009
1750037023771238556268126806702245905504172259856746919874728562263013033702875434890932760
1740817642837784541151701059511449537848716882037643297396485686003328724143220576997002087
1322982052485495113502286055077168064481833116113543209941857896343194877257755076019772449
1794615624551702463871214991263274989500002506646948037980309600646086773090563500184105058
866159727270318970466950811964797056210082171559546842009094548856482131833235011836408508
657442227710204752772889598845975669012747978605096038909310580956287878332210431780436102
367216699067310691764483401946480773441753939650190632473556420828100311297982678321599329
1886066583281163162171691575881329898872158722778235447650915086608881203632769422967946833
684639571964433371127340037993362959770506738892807905911691943032912522350477754328579657
1921140285322222806589088143392730381103424275226826820247679873415689668291262823123779417
214057887300757604386205782025057888199801415466898077013385808621613789071333808990630189
1215091556364454290464121211774103537214894137921430193485820277752973790926345522644473642
1678581143919662657204745984728685430350204384870536032027706791153705297774731193227427446
804592258820752859409042141816034556911487895135889626102259397496894641354260767022526302
1832016322338014781066015902656442610232404615540885359233527329597316886094972812497937
874514761165130791918852232832693076374743929595865122970549751440228013186698545706541931
1285244527284544984519077365310433744915058149830620074560414483655899053688621493208417527
734794430580611680584122511917908808782062785860457164362136240306391604597989014952262587
689671408280623796325290341825023285443284863777699203981688789785467194604520488053638707
474300205139124526389042303536332212089361547825337599316392206577637441804523204462211164
601333362756978160431560784487841245558379302062706621185389721039191154610489703737426681
1948948499047580582290543141113084123718599101631597794581343416989626535051828441044233182
2022578470427647551874826538517382193541650094147299389244693610467483622695747061243708740
1276128693845156609853903997860091093635272970754018485354853142544555841763522158438850418
1626928723129972574070456772052491538285238125034697438285786529732053843380758974444480994
1309180944948984607105584528198801373840864769524994954819041115683176647206595323026501073
490028405043020673595873580069356390710516183881479310907325617950850489067378903626637601
1467026875150596190774051726620297408584371186164918142851969994963819793331573682442444365
1525590800559607187419169272730744673084578937243240466903500491807446841509106816429475009
525331349081908518447237439693858673952286168891637136347511970776394759429754131262932462
1030574703513818762114260648276393755989989929197564618484454001964738138423674046604126858
468707832739262101554534279441705470290314507410581776990315346365857720453907524957706102
313402347071786796502460208414407828031979144035526869288051336994306561370815963451402492
526916817077329137065723496743627515514201022088352036501488553059188075482768131720247445
1741017355372349481637698384907152611929236243243589641936934136964111445042996175545208172
969501073099687671747273406510513710515255648151328329895270869824676654736908368753618623
970961093063931448595115557657708402365445855266589660155688750969005249557266455568307473
917022337357849078818422742951077175117347384937787234731592922642758576874616871131019414
88247143803100620650316699828745709739049740621594333587830885485137980554296266707255385
820393393127290143052980013235409289217597400531347796130701851147775591853314430241930409
2024802308926673473601467368785347403293478844749156450978690524309258437728345566191276364
516071595980289313112289158801618030985470095570436732584880862948357687212829949874148412
23865115981373930305358541354099576351797943607181502834517781204871191214986828184359475
41260599873237222333574005388998160935857108445555553990066401825220728711773362500124862
499243083180826061962641132781383059842280827050724652561144261058152438961754891155955979
