3600
~
400
~
2
~
2193860267413462055683036752737525338850538457950994481053152709076223519500400077025027534308268941490455676736051518596
1150008304109128544608677675302535239905472178112168414809127918623388873488317759856762511115269425127912752359837146580
1831075141112388757423456097581519736479494361423135167238356424483629529621730881921442663948876295013409696665213676507
1510280117273405916167143875290193261340783444860678048739780532320157255418367506091298685516923332800569143116100945937
142113798605730781994002448150837522540020450514386262539474287647620736862376474341542677953119088257750778713784659348
2427158984012119257368203038096553626766428796142916131354798612471683316899590923011412293953271291262743698780562155635
1350891042369321259253185686994138938659531713875849203046512398362386309777168652391309931305956301828388282755387156991
127041799099312111704895021077720523006067649107815612663561859000522868226936772776833462912532105563263018969964674505
2337337627790593960515337501221344033108809322504657829708307004460886708082637813806017950949674698511552825775273916473
685683345086763503384224391977279456809672593480213279563005733515297131793608783811512727842635913997529018388702416274
2285864297216479346715794927138712975567301499684395828096597733128723045576988092281886081507968380624456029580491741010
1473873286869762683537232818414474772496551748138834657973723352093160888549089906127707572040612530059027938683499759074
2211241309383023258186788431579837480632994418020490027100432564019610392145144989450044721629112577372481686854104476675
1955890106542395239152040578066194189049474874092476222122456903947843121862947064164885971129666198700154044867899762368
1617319164634101243177232250172215520724374313003206536514818023585890841731262645379504911180242082530141802368807708247
1418816493691726250982557862853119488069122067217480746558670200213971224610592191994926654610021356085499231199684831593
502836658619510197737933848207008152076707204117056158224563391063344167113503814550258732871412094195322817077404420400
153047801050892760462696894719997457913968239534057963445103299305449893400436905438730002547066034226410464269437551078
1840298644558421052811431636081788427887467015894879101231581802944041891169888142044910375070073424726921853048105934142
1301402068354347594913294686122339850614886776693738661472614944673207388472903947566936136121124353875066031077675696488
632023434246457100547741914350959125733109090317185744846393346507140297691602676076128270987604171224489808561682310860
1944179805317078909080705838462316073064223083774238121760850112977172639709714138985071591774604812220485530822390337567
778154042262595210367503154054451570906747197603707932318918471241873836710365909749502425006196588813537718826470025758
1415934359718331632360516364664672811402325196166687558729112320885617817902893895438278603126870472699872803135565730498
1829461518908541909648301339522997555836722701732661503686750630268772152447517290881316991574469777736056248934575307196
866699603653251726000754868915147362060648238807846608829138070698520927030918241926998236387988195144612574819935785147
1898091873669343387500676621001806311181221160117993803778392162556756803891826860588877189454085312873968109369188029030
515652986859571112008078657569138305517685465636350679980965929018131856745340974311798579945466470001924425403174049234
909536818631881558178970323703754436711436631221459943756895190766649956275497331200633429394857737452879152099077361607
963326943333190452304016638482105941332379282135248914435685493749716212666204242057381714007326627102696296440036282872
57786869478609468706184190043203120144627300303764048105274647661582595525855693513391188613288046771378171925233402198
1102402303195601956906289596801864539632640623129830705122750128833710528467925674899540566935919973606053503944375627165
1720724674155013346313489917278513474436832210726122532559823809751781354841589843713636984700779765348513324476324309417
1640199552964818347614734105978812380785730231834236355558537232135393234718571810168056756758614066270491588148869796650
1746513062660484372025491899814303085154583620710617549744924686370946873294051834266941894276594593933374001047836893871
1812109520458356628916880929810922205642660413898508043819479700434725152671565178576850778646083046845234036449223969039
991411097600730285342562195038492544246304861764351329313021593780227654861991073147137349202078254173850144875444716297
1358191690745813291184148197340182022900013071346335055921118779514146954073085772809256521324926530499871353371458083623
1184695377659033093600824710807630148879174047230582426187733744452303262047095696091942362192929373916949905342541742382
1405010076394770069102448382713243377030090627212508835926620364969569857968608840362294198377116148574952544593710028742
1362159805996825549502487800128172902909074735720747550329779963383943505310175860772197813366769094438707399618752287240
464337214809952944001682782335414681063329164387756163736977106137370887510916556683249117234122342197949842882808638416
503381488115365603392533803555055575432508209377239250801624229671485521225060791275441314222423725336328652319553796664
1657472189165026660757387749229245207403917346040807672670163478140861711046073222844215964243415429854637941179284244665
1735301455842198206508990281349862029593219954568326726666646801017491827772867712191861898585136405749170110005272014148
1597969318814124639671230458376816614847758408150393860617770242540997645888023024470956615758631275359501858864996134584
447880272844574991966101134454449165506622691506458991515154088576067442492679392843128793704654628970151212036234378349
5315290417780252873558255074849598439316653375317138675097701155282893572310313737232344772787299251826022209806680079
407459948886369850369789019174248995726393003862954178965468246968988441843499076004649352552204880430250719569130726111
1771474466464815602728637877191860642650498446247910551988843759001417969002872215031028645368568502435184575963800233738
2024314437233882046229167643781344256372490010656228296995172072824687897255161278287710139774841126556105415851746558839
1650189667557093985185097702808461773670593320140135993113411152275513002398071417457356198959990129140472884902760845153
2235785977961314598708670711308360729852437281979744036036339597386892512524184263124574851026843110782409808287250703096
2026877421253336714656385838931498754184344100502055493690480184745176170423656320087695937689978106374141007752377649943
2097656395993468981652187248722523689766239100799673943530366042317772788933671485589578797729694734317093183367302269751
2104997175052524204383338909943537754715530559809389422582454025069957679676240087298614801164886357081567037099705425856
510881185112648133203210604318476876477066532976266788069735507496255121521790622350735582538307197649804629305904036420
2310613418383491297161191376623679741565149200321398362113983816074673134867287274574554047127365980328918206688869649793
746628277960315112505515075741166534755824978148467071410957069769142878262348929717011137748415190717908867075182489310
1967762422798737061621744841403350872226759902729703614391923767499928467161582144554827431699235105577161380656676184876
1136447884049173358609913793186454066475974593215502930485313911464355605735962528878181688513772794362454881121988381372
308241515021106608120727447948899241759953552035387745275638666619712714741216285217718251790057012819862711315677465467
302881728318454746476861059940032268073018318451194841196111964002356289702238578619804037291641107933264361780355622155
1695559909562240326187021682128099795081797291616009544420424084331170805762950837902615809598882569536638906108730338874
1912959820667268051449338295509096141491156441695032370775983663933754019027126789363620016719936627000837587895352984771
2356663156953382690833329838970705060171955658229775256910572485295410951601596822939420979285837318479422817559419803645
2198170122969002928645562163948883993021272447720967388030042498400156090080762876153864041342528636095372526811452232921
1936739974495381234252150475482188648166728289594358394011024630915925723593898174463037021269005700490914116537545415668
1231433025869127432462550658669907123066140099549137946244896844667520333447204723066589761743601379739210838781264433157
427956027499329635570165966861251340835357940193981405770210730591426524369949625399408370849409199214413460848820509994
2513466208063358001284515314719577109957537815304142951179065439204804108514793657231241469047783388944395998520372048396
1973625637735872161332889769666727000315979549175416243297862756424771322078657755992301649790539448807786007803975467681
2457225872896762168062323019249802447796375262700641455569700271314682971371648561656173544009476906210760990287647374615
2237478888292512731917397499700832698092299301760312720009381475031475341796105700737106154095607547283667511503143530677
229052692840347507928379840506720974889882507436421212820030153446123075079398490892890224895015622393167724735256671691
1859947554514052995951952072989659842737701437231876582185011895191746051184956811643548411160163715705809576018865468765
1917869166446200326214746642771620050975782576257980874613751216388022142026776900120980025085095034909440856238541332485
866217553543651386312344479895318715450258390854040901789896931234848204152254840200046067404000440281634140153117694349
2120044310661405282292015437644996338509431694820082583587003273597598844836535744948802745435363659775424143128299455676
2090440742150523879329836514593713811348190438044017699893003330874187534523656055237058079706532943244813477745100496164
788043551705449807935410431312235319920523859895678989492274216568052832136044708443000113086977264532137588969163885033
2522793482941107745430221310587054065347394021565751133260446880412155405329332935279387313248613980093246861888992447274
2012102324657824981461280882410016258040669418532637979363081211592667777577057979220621688508080912410978530277044235908
2060522186958488627200259071768865111855515157004867123788645393620616125761889072215901535809291237930090191792369713531
2452939577978890632781119758327313496419812266286186769625477563056325672241944740039802167476294293581459356404896443534
325468803855476440073467753351995468624032425945215316989981729569553082464535386386265319078207559462227417419669039474
1204811442342731889744680118701241780917074436752279632362495937566136404249433172735156978495870832246348200178198528429
949915481160085927472091654134538724589537195928626388836736515678340149230522062701941907185649072845222418360752238355
1893419263336783863287417003978698207282749263752513156947921615660391149626688184533109170186786165683123709833431725052
1621571284436393568494906422955954199281911911087337690628151831631738873012019206439683252147324940458948182724272164327
2172043920114764138471099122225607735834010860814352096227337491027242606814073274083891436173692515445815699048497155227
2149684883576442013394608904661208953517736925938119480848446610147702331977481691535891138451506372164996304334190664293
825764088842549397020766323141517852532829064982696329931259288891276451623441998261690719747385477245304439931045188857
1658593381448441632291161176687092322073521671668540652120647172180284426569300118007752980690280324041493425192577604980
578118516063639194329278106490302679990956682769537057991501815505077428693245093509986427713397154657792472354469204360
1747562867332234859471004373438066744124610150535966996735815064437477303348568274191329760517453981067698828437914049612
1853566881736054807158286227218632318694919357426809290294139585369343940956705867601165373056574657556854211337233902771
125739700689785294156893844592494361682130637477760142980148987135109697572617778501214929655735829667578191331393848887
743952438538209229398171036041118544440465913219709275413409983456406114048875799357797929078466824798238751369476582732
1646968547526940908468301977913105714585045199918082819332009917216504769181180708420920981168529503659666606097976286123
724983670997873367461650587457197891126335746039333111002876019080385519977289842586149089653971432402326009869837921432
1251798505670135937220030273125949462734834733592265574477876725723725949413891151320586669238913604239952352895982602824
69033598435903458483882189290039806080025289609641138918615123408004160220220417846330941780432175199395395514192984046
577724212200016728861391534646888722637863112855499585212903368111123415486104084022660934098995013890724186051589831748
608751450398214307298819292383552724570189070957995268849800503681223375318058306825498980550214743198431521584011084298
2033947872359109033484562092602010225482113948915414612790777025772742454746366073074871468970570049277476622304328191654
1728312449036848747643771676911252122086157030095838916927783217667957118465569826144472097295350621742706022889890098149
1616725441315424129842862994296431035800814312439729074549736028268026409454117112308285050280866666802639747518825783630
2427298433957598157078224155243433297850954457683373645005804441790717040809901564547708340478718289446912370626143354552
1079098624570054690120295039766301461486948824384011985812895967662418781769898400021673182250608635219916491774206900598
1710258141269520568389551427084756077818677747687518115100166085281475905481787237298260276107206615505076293591927723515
623212698364630245108321813796325805212205834594186542226490708223590692038094095726398588954812937371069969946614952425
1702871029327815289718109434202606988265221651822909462581318931897779865382851174187507012305516799267787802386875029378
1936105081297907931629566676858799014438494626608370566170237921257293508520238608722363629667243468509870044803626323823
892106878433940357671266764465700226967396564703973050787363950312589756894118809521602403963256083343575046057107031355
95611086878525041684409987313931354784793513527165506733430159226450900911179673137405189109172672542850294425395649948
1661181098947635048799275496076037773872067998603813131732822093292668163117533191791031540281855852104927183112744536289
1307195117791714255649944337511041028390320926800894946505400605815993786344153939702575925631353217174171691846622162330
1488258200554947948789891537324744808792270428537224559521409952156888377467507968573525202591013487460294475537562312371
833410531808728252665038696521250589725945562542975602945061423424960334799889102449812671069969755771675621217214229794
1850197644262725281466473379675173891654286342184361952290041434352100230759214047753630978437951437005105966779661244333
812526385186355790019425160351838599690049854272881646904858121197789628104946036388723699611836161736384581977682820820
1418126494065525269284217220065148526878818426559409476770765670483118604824147136823670723448708369203689434211545057042
1366767493955286098171255228882160090255373244730511976954776795149138697511045289939861105439428497044909856402917330750
157534238031831350588435313796907691225772098477793982245253809901086005009692710508201643424982962897709840943174521155
1263546721253217908796180931280621976415361703759720053701141951976534790202846984284225195750845407331932950650995397187
2297244361214268671129228032089557279278199555692423406270946263395864277541848346693527346156517073760222880782079821614
540770363492770212842889485817092575066659721439708716146104156055832706889168696215206791011324725263427679467224702919
1027625668339900808782436558170314244561443127529377232401665573926349554214808964021361080925788762801120302107437187334
364713575851109965842553069745331291115058548175184119596743063916408148083649602689342143737415856145982724971095319114
348117159501561704999486513833809958376773408920151747373394014486342055180937441058036550730341181318126582018500362873
1259545249247110558095113881765841347617887456242417861603076212886621208477813165946401501657613315526297007929786061159
712279928171617071172815887481868094171819342451035034706653774626204585123763853851833311068873750609436001165278302494
1366517512703702725018373352063821499075976987642657898294041358637644032746420356259088843799469961761722564100929485361
1395790589244792617551443103978491059906399854969433682675220260565332615579357902156159583210232434619064566866773958724
615567285599922988573454384033762860589087658724520889614206435756114876567732418376700969127867271208357267554194214128
338631911725529526848862424724374715732009257757992125509380987231786909546170639363241854733106545729697757733622268056
1599791687391296547290253891793361451620407635087312628042347809069397168229152044294771080153991294900608852093032780375
2251503922095969218231609073854549155242901190724257853917339277158085035177834197684345623841819631808672225138343216263
58315467919632438657364367398760986424630810123857264188035643404544855346872266332080175886401389306828366742111541358
1234052399530448293140356634474597336334442061127681875022606540731376640371889293775782264116702874097466214026157553148
1686880436241126930046309800881517291932143177015323054535521992991043442020386215934002612403473291397006659733131411226
723979630369893901812562616946148045697835077307318682122163606010541961300418519017579247938658766641638908215254480760
155270666709006606993754437910537925479913654511976703305674582367020583881637365650263575818253202316427520214199352904
565337249361224648692800374298871707036777118011587754431068777092016138952493136537485224881879090712547874468168741061
278892173318678495900396207835972799125293125066661727406504582971559430332539101094385010247515291166540603844084710373
2149167865359560863625249357264655040509018340833761863603984931308794934586748280435407199674710012920152114403185085341
2260987057406727768320050617657947000938101632086773461034546931842364307084365821017773989162356697572374126481196348900
2319458774879904898613727284694170195261451370907415368310631252395408677267697378795875785944110690310947543985922120044
746255116033406376084641834839490093750291310364167882132904116033552689399613899719517065626756964476003437108911966977
719318916386430963903025923155986123631510198791039245555641781418380503639547210259315812520118526332138768430984320334
375458785013392305807334235720659427990777804486427055984855039021246844881526908988460886510153017112136813678762502092
1305347059678348290415062538691022323694547674911017529312581899196936986529084052880857476476898086549957536062182120710
1379980460222239546512857640546787971776641210511071745398716893297837745855472382019765526422331063211822422207775283753
267581198892731763986464464383053443104350857179786747702209054041959603818434132498344351207654515080272587049453190122
95306107955552455328534978237085586924795688646507365594595531320758318237074649848210321023748396408946832301681601078
1976514894158745875302956943966578325997640629016657782393813924102382412638358753388123560206694920548412880854911787119
1986475042056724871372138752768980708135631686246016483510158883146077546404566799200121046886447272722431236427228525282
818846158003823212634322290818356984228868538070726872840454930943275273699201323057999527606662463129797772532382219661
1197304928832447442495983094878915586061696719034103465883487354852061660520184233418313042396979758447121490621349219479
2006261656019598016724902903893046720197038240986071516773777065160504415726257451991136420607623212537336261500245130313
1608156070793666359168570773573824004349039437890540536284090847212782058133540035154601425678757817140291445383117724453
1710041320117757465167101851889710456884099276243639772042992263121169187714461330237087751931695048596475694457606776488
2202913603309230355008301322986000624878116458263465906900396014558148486064740382241285189233586770821528968351682062742
1129597126696165770876994967819431993334156147496665544940379371137688732613576673204798445037290135345662751346841018795
1094427102737690046501914120478939833487983113719136636566363184746930856644653314653065730821938597823303739134717723885
530986238461904193015317811478575078148839318957628758536751572628852954488556590670778364146870549510723165156669105066
937460755552004352088888777860951935769357669859681414924058954440566370893994336734211334367124377592442570864835716649
1788507607463596912783714735782628991929874679112069750023232663964878429087351201456420449666329433982275567033183227549
2453315977803927443127368559433037865743839973763040439257078964833430936952947027543820774625626839951150963712972809700
1067409778659359493997104723713586495938393153289863491872690038164979328940085709854346438496040138716328237844316913511
2221404157472521426616920280804829688001248718432585667729460791964828670779153702426363949193057585788535352791562983379
2224512553790132602907479180791280365015517402261875158138000921836675154526095033763181332935744286044117128515753777230
204992286400791531513132282177047621800962061479478586738604517447639538138438161692215142082359496453507617888797557350
2562941664639358257153608020942265716011889671182286547457089159600969729132410933603681151303435706199315423085831691471
452859726319883009828517780614659116343901984174335740663375550748924289577228655317661550066329683626053745940102306666
953086472863204525446967862040580662811017175591189742388093926138119632764347479530962232027562650751747701200034891661
296369200158060296988503681629174732690668564989451285004176125229001244249527257911249715786587661865616845849542225723
1857455135567418761973773560006157257616470280389722701714233624980496719706848578216961788324760557303872395521151342977
1676973999480136035881519268839648573524536843303836190504562171938868416779346245980727049253357375637016828456100949536
294746030133106607804340676103722188827535810543699223071305882875252317410501663812390558845414516571866318928607924446
845768996823839587219337403953177369641983212209084470574330392249949760799956078936309891300096777358321535762320283424
615761571892335334941865829298826132694428387537005706600889106520907727486077706753318015325768804500417292290231070418
384580824662997913697871799268682876832901256062450543852634560361842045285744158644539708687009833969236102977258324832
1496924502437449479483380477403711828938715251501667734436144337538728307829098427515721825633164778476202986816373671410
840821421966654067108989925346703423931090233492142098228324155177514778288322207647966786013270046029930842059995611758
2087308176475501447300811134143754665608332920441086414605675221511652015935291245155239859877104355294720161460939023738
847429496915275483469863388752604232446311837028563139157151312689811180158719853937553978919231982690036149366652845281
1898036041037573713177367782149921287182865315628726224253394223104183901318965546821914034555808624972284034624094620821
1402556949844400955642539272586271094829172585006151920175190400175667976679037863613232602820083000918987283037180922299
2255817681317488701684251914150972350130912672430912996194329515298521339444335438188989141418076169794604069494135447740
1416937780413504040488598400270521224301702769777777039488416175849182799951355222606001758178653919136045504886376710812
1632856321577321274951769648621350132567851539319737388851994780000679121444321546565940501002827534018176093383859715712
904582365812558790430845788473558029457659178153936608558324406367926023475255125821247495223994608306189894657093979685
1122104889721195196267296762785740784268403390788944910324048190206817830647230123929687980258633934766507593783404422205
1992876598575749863575999334617947841442275104486692358502226983436284988417644915314540571445501424350890800688077007798
1617196339395613948447407380269140798458963585904848200421754979182573713995783906354135390312038766920768482318062711500
428374687349634675432920397943520957122850341667694774554155374843380547354889854446047961214121022469048312282648030024
2552040888390979463017222986111775493308070426034344643824844845317437166337103525428618087602634046939970093852648784056
413310091113523742776657679029027013425518460416622709342048405562316792120136330537498775026391088976205379400293249077
2301050089164434784895000416646717433333073780178822101992762463968933057005676135614877772666493420699660744576834455056
2351513932616996108352612325732564914201568066538166527642148857064603398692657367672656900901347347380948044453134328510
852631574449986839011599064713296687289922806772906763728406416378156921527042773148315344873263268502857920959772830215
812636000086714573698869258462460414800709655666336346924656259859051527264728367836039520148400421466515418152613801299
1025496252048966838870544143929314469207445941035976753417602770524120890557862925976710799337582167425514461558358628120
969692379250937627453363194235126986615864104341480030232522921552288851172208260123000635359469151698564755493392543365
481773242094064281261833645625396243217626491751713077706718239612715599693684737899790619325641541028052410786444030443
293402178949989664999560237317070954231187655709169077020327142233610938451950625967674306690460576051024660088445865048
2541267984316141934657131684409385850750117942260736628585100864210730897266397583383098885620722487442423404303936713143
2145526427702628972059798854243892460814872438536604615528345614913285637296879734234863030892179902809688529524628681616
2017477350089633985924168665260826333096966626966115535718324717576773581767676971165784869648701511570774492836396258585
396111239350133219907107669001731144020844992658000451090884751926850573670289384059631876508115215513583117316481814658
1708838466112464082627245170642606018407475529044598393579874559295914234157369250110754232960965477638534264084554739120
1616822655051662074586034304044136440285857855269135572303154596874877477210350938121024179433816639283583134020059903728
46370988820845312176606000250007293872443921759664592644080723789379968109685270308463024522909585400315111435709929333
179819724861690018064464782572112084325407956397200187614688095824578026131388583481332309608154664218390001424065883963
1758835618004209600066565332949084341600342272905721222000533602451561008346323745404407560973593975446331954170194867709
2123017616828957319700333649455083004020301340749684618182290280551159690453518673369170141996850250926512580429063270175
1474513812525656433758128645377346481929813987344842425165100260322591946151268656252558438573656769759962166177976777971
44273594060356853551926191940305388491032415124270331370690308911352494070765553752266655912525789348186791419715395482
2197212341870815004493494161538054225336691573120137730295471721629423894065524178090975797696322170931427586452489761323
1468864403435676633144295766533167563794675816679298576446316569900813174416164856226456127295530154949738031707020400483
301159332527759318697142134672682842974295140253465761257252335645135684745354416267931605325531600144000854473685868040
864991981267429240600005852128137322508790102158066906170921112738602494345978690201996319002130670784782827582548429542
603209639697147894479110922738917676569580605000704928718045640637635185661569050061946710075511354699419427993099229488
377446302718825118954189069888782592469903923922200000472239912604085248999309151991954394870843826516017959632580937318
2168711743326892003330661286831502263401124208726050502631884106953071266756711882489803321698846328918303973450278354375
2530336101984425728658941406418659757490290142558540502827159449525001361723257918694751526554547886172419753247922625499
1064689548061414913828409817801752674709732695246573288058713033576749077042713800621696478381394406877639963767418198506
2512148305782530747340129737783780089054602933006947498463090009914190905297006304230588214166658355769023982300398883201
1490755172377224526783636199199802873170638410455325398510945285182056310587690233674870557144797324669915724482763685531
1618258413993578645930363257202968115403546557328796442270585328270033501060318898676243355628117608002953215467145447274
713875890534732494355094152926001396870455975740033147977616133248618556623999047440956138441243419381761495902131049404
870926814516624864353938017366220041047827067686182313695915900755671531025944700956600383643739170785916073409263239487
514495073091369485085537157945418831236143947992381441240481480470618450795909996946507409348214800179803711993388955033
2261282284496094303787289792642727355813431773063460970799344671687612433449783101955901415248257817591225470122874341978
1530465546349742405498401597262027303869185431586084338564137121533137268926755229522136366756544720564343273984474996292
1727277948516008177299720224766270119413433983497341854039212975420525734788425689114462520023730112126581891359801163552
2324706875284556188142710707396483817802359087193472868664942512698628865919229602682815959795703788925401896565253390851
1803386379230974788247978346124531297275000611527532689846485151566707157879573689263929022889392185596246139369480318112
565671957325142612590442561992148388359632439349010957505170834559279883274381197034881705301993242307597445453146736617
80186182823005844014284071959031518231988798777986093637488881639222553655268919047381521162343067778178563835094040190
588159985595783419198886248027507847289628946176556314056566253739836632563000640931154828751817490146556549201729912787
1515862663071457962124348472586274680258229921558379137551538674001173621763522879846818018342074673485861540354758325858
690063849482015540487909085024516783640195799254088000483763395074024221304317678864622824654543519979036111053337989527
2049605173012380713296917503575487072661794472328838589565750523990731393169625916763310618105297926862574873516480519474
1169780737016266520833163357886985318851677124331207243429367730439863408152822624118564328769462237472883779154809269754
618283724770977417782738554200756815508797326786062406950297902585401081838167367895330743738114844494834502146016728349
488672841410790538908047797125496563165818735456607871238734704220914426480160602903501082495455826638484203738565790273
727654407526481064298038141401708666558839282070283111152789588705174829487567019184323621479904464306510937649462938436
812036333813014596525766196165045017554854704270430912533037002152761543116843235262151133760284251450601834073788430701
743613828016923049985672085441367416983933837509340970379151903429530670684901451201311923110058678272355355511186554761
2382084300145142792213488603704262094164122421858348205486713556429633938741810687765959815017400192634560730149588853048
2486818727930897126742256074473345924216718186727549609474613112700835075099689633940466922983102270417273892954930078433
2013088907161995575797763436890967244830617291464384525384540258315149082112833617042170353645146129338081545240333153845
873207222705535319046274782223510532324339493723088506646222971865902176055526840925952899137850281380288096795333202369
975599549811562580383502619431152478773160422535605511695315142986456013966526145011339425923427135857322618255554982445
338270550156384412879107745698795982183845639878073692892422099550209808237107665260424554627407728359821048566580430478
1713865790990051262910275669095776421950988158827569449480948960839749570846955072987632387317392504561225671315875467892
1210323415496518346442960958784943647528449714103242957609250156565823629066889425273286825623114822496035515396482344531
2337734230943988413394590811245953303016080856065661474338981876521194837408032339402507891642420752821359853297342867300
2255032917641842228586660215590460513042224492521017955252760592144952751027405617939235089723027661976594598007054662230
1202740188714118760689978065347332066365132240853929853985434841656696627000172022182991361830677576954696654711513198154
2513864693763304734273502459306208179140543807681406291298100233759084857150870670253735412980719339397861528359521430104
1392900446369485044933052089167295599135138378197155436082950544405339149769130492182586262572417840489937561495193864681
524310900056482662472480707722640630954417808900166193011696293952796822592739015287633855476097009210074281119176269854
248127842802537681654294121602866214982769469598997470845426384133327272383248743625282877998595417241865835233540670452
1768904986279550665403682309570730947219964379344162162326855306205884605298739304472468361693120097497668761070219864481
729752545613668650239744628397763342307578246739955903915936699239096919590726589351913580114699457900338476043763965955
1544955648456007468364118484864179804303979606154271757715143157744803419561224380258531218716307892368787262599064315232
1503974803132687184896132957317118110425733963713227406169617616097769362624856519605412260979691214495653933290847936319
914116891859629577140431669502733133726291049841959145818568354283746736406995713902133790328142200737915572979625125882
1994331753211948451691231831744153520115000802917289977419726154785465405220283529762576860677667345164459350255022912800
1793982091873773364521877187353432014865080207747586698558189246828993748662204042406113695070222998367819972497363809498
1984873595323579777012683116889108523897103247995215544212954575258995757546122054381088069256893601818320623860823003315
2084498519894003459543666860712030169698544116659268678472395495137241502297800807668076193614682971913032999882930835334
2259535218604179707213709769714992290873677001815885947289344815539183309978262264859964017585199629581400670099173774020
1442588834443074749092722081831589305937121679095817944106758326654460309569284893547833164036291456439879957770152076223
855509040369695673987152284806841886016031881977434228014331588662878731876746594850995142916299711429466794885996958063
1593208288528228510636338472767325576971607922853383266672263850168153871603927420037718973348243987404353292818516488448
1789337227446440414214336703452764763855312998474001951808372683765894439575027460217981270603205089670993028501200708959
437278589042199308560802042538770077277075883630688066087498864153795865838335443620987010672122071518681687103263040015
285215581500765750616722520392787833917369356716833098658688343300507013656036896106657384721733261159983182807990525893
2347768259673652339657989257868467113381826123383916252635769713782001583411454367601097205608885782284898318084450101842
2194037464636280778652246695498621821892373708060120996457847864928006599194823021338066324168254945474212826514874603285
250390009297272560146893118688935726113236757203578237921922708072700780875942980512559068955926749194124397542817938568
1066444405935103321395290142633594544826590818598811653900122423310011314751721693780323006143553208634366566464425905430
1742823373330459556293524800243728447383732295111826723263924285353287094010282546596348381063458505759924150775821484525
149907153136011663678561344817629284174700014576554371437186706951069217523657592861780665616175991767249386060591393744
500363093681782772535626494065313884217876967189977953136761745487674625786880109290725575865615087564409431762363433857
182454645876186026974077194436966254906675036440401665781644704882042878487437587779367548543755242658515823381815961404
700147061202620459578925035704152183669049709609854813884071910762175856683747546619251208948789215625721809830418577564
326377962757184175844632351201069129335019939049140502607622578496635147585757599727655972461077800563408311799137544096
371828719869931379780772839801227949449111343424013274204887055389908716531605140353819456520493742914537089924960408828
1363341261834884350526844356467528393549053218286646830864743154444190746288196959186605891967480888159016043186304746653
2085978214221053312594738690334026317605486372981078857362898447819260033699419938012414790983939373200847273861806592186
2101891082177735918844338790523902900247034503723678610674878057830227090000775340217956594435699474290941423028155291577
2416147732817235703648211206202258757778676419022569233606357477901062648889083904002054476303116332337906232441245381882
1888681353814396790667660509437323895624507007498521787509999649264932804241468394319685704875163310495691951015023988232
419861650278246828790429026221239944148639463116632329787990803453085636411459793181521656183752918538222820588907592692
320974352173661253790268856795668377179923743630212222860189639232854644980883273526113248576416670934738461203172560345
1825912095541392735137165524557992868734483171421304869247348974607331252723365371220485609744253927827611667961341620087
254287868496092909131446080163338023792973558245942901660277527714117514628321186790240552628145125419900209086849650027
2385253207592576645749362328888004389026351254920845937519188789497798633778131276875826956999704619657856832071265934955
2229097927871867780202509099064600654891475366887433088487860635941926962018875086114273541392282930708951661817954842444
866735235332213398908705695551138845659011371843171882338818718290777870744021403106020771466282909700645246976058033550
1746951240390883467835445744141850003770389738679993993235580766907466776545914293178767016620837996664232674791704510849
2174691846853157202651570746434365709103559278458336736769587754818937420146093195690497365067500717166403277070924470007
1638007671518278410635140169073527604447012556804496558997248091277260807490758760210597221033153442659133740624455631991
829777239031649969560787111374018700767824588860471799783902841458318841390766198184901069011822961655080304352128073812
700743506245003820388035207511697308744808828643211741077616800076387338244064281099178231306278069430810944203000208495
2375761072955884751350399226268855470427105617637534942217417524930016542327474956677632290656381708537167371271307785668
2034618393233781934686028366987015417145894900608047733147573482478106688786396676526769904489896499407184855848071544845
1327874965357392200480448458476022022041558125526464089191943030366797063261702574130304372864821139327712853816992913280
1277664940663415558913059609079660806564454632359188757720869990558782865984593107428992177403532070861535417279051943240
1304468699359747380341199254132070334537201132028206371329943490699410690208615058125122632053140529078052923289184315108
1568157398619798614221451062044876425372787149130729089598365457423174951681267168979491525077467094927209516631800743999
2412117276809013137063640054545908243500880746976270944877420938634301554821905440287517194837353636551948508858018635187
1380614530207565867070395215158947000740152175006704656642024736931570884095993859684301426070057080927122221572251516621
2246732750955844478551123486936064556947628979538231388484625349668405651185465464458863389138900943828168279151849027744
2475198298881298676236158373360565076689950951130982325699555753047722611073701821713277401223732894473971083534679506552
2164065028874106630797535146721345167813765259113644382126326948563894195337696620669138563100916289550264316885454264101
1391424452966715037763461523621530383895532519613557179020464775346973067782753848246098943327759558991008787585681841583
2253125699661887093986817837157914703677725454797413510787138800290493275014543379372579222816358564831545316473565444478
183198470260701814539848885788506954884440160891076498688362878522568342959150508992678328862789548690217739637561721128
2201626388131649684412764812548806583315061003587494707174522455793243484865345847040152621081477432126267135237258946100
1474066396031556645341881229955720298879662250056175410590880925283017739143877593409143143141029198693408693670210795987
1241158301093351028882008155150199076962131400247442890454556954639982940755612056350007995858003636048580652368216964168
1007111401756523124840703944526796304645571738625793206303232844803888557080913826224061007115047778364091725294362953351
1422045190472763749790028667192612616741247200331933257821364069129634355086139738874913875135880286868158711337496974887
2355792219057774131527620693598769975342822990133388788537613838507676532374964142229722457431098709060765793106226403428
1292026514543746265659304947372000280750643096000809280954776595074961113116883642965864589666550712190767432435969379419
805207178215170714245926156753839639005996742976600109389222125806649019731146775139028762710462107334619817248912992732
1543586380511758889329896507797278050765306554445036368837904370068598384885632335326336675318521262623868137902230678431
2178988120347911737918786296289664920786369085775627509545176345388383628705435722695308083538930157252069526102670964537
860569428765449337758997980995370602219410146905097943267189139376674823114847335528406308168361821313117152459438633046
755970183422309870224586676625481446644798201287987122318114829324657651839331570990112359684864313507788723428661269566
353818205361391649245629517579611202506793037394733438663064086258539522051668749707357378127721010103438047269702879392
108230447069913408802998234502081314392011830966635050006539544028167422234086488404721049651447790388621151620000005088
1200229849714730226718724837757357952977592687811622721677820680738614913900000163699657757178590877395669603274907153545
1197175788881547167670804983177834513942485400344818888476655722122977056396810817363548806975513111754823331880773052677
28809493357286660954797084856999209007647639918054855830207627993393591176819034171395527438725171839874421733283638337
1872839485583708650629864494299923717827763524053561646977651751928837812828832742682307872751369546443878296955715109715
798866915434796772437983332346920493230412440137054919595748916081870880151087400182969729396980428079520018350408087700
1189687904429176823268050149304084766644816319114990464233048894627001703312331756209345660850004153414235905024818814196
137477445793473318408994364012045375984254689629282617137851700960459940526355012077447967409398671139986962601652676304
785207483335079261332045149918743533422509332812174100994837972662851681616947588171525868130290794094622069466810669841
2518995241975452476441079405995467281411123136448173803205942235768593897183148228290389890959604329630261290179467096857
800690421368955255383060648161161562343160006292248613296337917664756819181221010911475084602837497381682674542683236152
2387237471784011770156037807871052177986715270092933237777209304495101169646500214720147677838941960377422722720702336904
1339416937379910271893746986570962688251798081348646244862612141155629415394537178027033674471667271667146524487185504530
2254747639462419498273460815818402331932936444596020438774536691791736674900650200505219104810056134992665920955159484160
1768621524267124490665514651288542550919818647739918692591695264356120466339304650471911157573017853885200318992810935055
2236858687416590642905263153208943568985656567016178663909553830422769975213947792644923162906695661174928987959680890780
1076335958760513994290507596353224064320959140483378227021787923239617529386605887952089787867493071618077957383097462872
2134588816512304976370392674008476418864673433750744524947384802497011764502807558352670031362457298892770261063386110364
2446913897947301317979836600420717097515000830422173816469853913430662098526789307485661835085602422557163290358558603586
641868772023561683585995668647878263690918912711475537028979465013321761260898964650132794256040666948895172209359391611
1906991548351299615547760203038327104231813014235824397913713830855486469200597035993189299733523737795837507729389390803
1506432820609155764440029100621353892480732002835578841458584977351486115921096722513383872456837314823276686120652249447
2254854246237458169248044138365191851651634050056657630754828669827381799716421468582106871430147732313010311449928314537
104038210757796913080609261823261656256486068033562999829681963876382094542890791663141711503280719603927370438209978023
407180475257194971865881406503199330559836284701340158692326248041573926315545278379517000824876511504379345439444789624
412835980437903681198274715812668966481907214275470140574811987323478659309716255392581723080823336330065278811720555163
1395037131022644995270707725515335245208220612739547416549649734200267036811929021816200114609526191370647925873396875722
1357928610490218525731035281541733581482744163045095838245055894974816339926825371277679380942282999115996461227000745477
1025602819672667873108487872426769627259743137229111835723234353154549787066068139518224877131626237563982733056542349403
407340583678785252929573362883594651499253750704238138518380532407411065140153841726210868249355783111614650406085369602
896070657642604268032652865746312437342365517340965306631990209992383854858903918994377411784957835973600126684246972147
2178826647005726068337966369176773876763958699703961910816105753399747288424328922344770211029253419396365559156056991504
2463977937472251652072244622349602583157948544801470388663681134807313080866086853828989173160732540625858536336743555630
2455112165443369356706897566640470428707133323599547592318345147643738877023687600037234289916123985721410354761355221529
1081582817199485600290325297764634452206121535212628730741196711366510072844573229351617081116322552829986796717394492791
1412163542905785986336579000538669176580974102359513001074204931430804639946838015874101485050551222370562086847267928515
855714904681993254093268776589919618686247634777561137906804349118382941800712089576143780103724808342096361774954611689
1467372565047901174282080474409374262386103060674361112301662446156427371058143260741574987743617247431166983454154646575
323887039967676654111744166257027415110936515697952005512023062329120367197265228029013242687849107269280675829660969578
2509964808395307550705066982975211882628278284376598091498033456974650759124915687587935943135892512499330827470787158609
320465608680640324504519624719102432038282178964268357963079327820713253489675652271832016282749511788135911253430916143
495363148734363353271470813590962834835170189563608104278728051118004522871467899673483202370023850586519630294933700557
1545411150811600505115350829520537285786411608775843074258167148021904341839385600368865216326264505141189459631394319248
441285788974242632614749703141723809898845798960143213840593630860136901718439620064543343124075733931872712371661744692
569522194585246964322288663453878613874500599611840915789957259491701486156035647804682294502375353495963575506896114563
594215068802389421930028458645619540474181100512873778830113105903332030054672412005465714098031752040912334814626428706
190035377118340841409674667498084952217332095671567183759175805687551858439492485742985374446852807375771414700657914171
857251200895372771337559576322345065363579893188899497241255455286415444511464888917728498043347448820535880482293565477
1998280109825430726442359303591458782976952230963291629564177663001744174114641528207738387746098625490548417702537389712
1793801105217728396040260492601173666978472449544898225532547807455884671086054485388309215547822681374847223003095868648
2169549012383256095673154180230752437106473406270609389674468050775674196859603802621203123572558546317519114776503704994
317790824374857523659300074770404426879034106623033854008799835961614333593090554078760790391013343732350116739132264259
2349899726420131329611567539724955214345019907490865895614218474502035455931543119890500536479531148075390056305050640105
1252268320776993516605390863905700568269100082383015505094241869587646587370317848271380347978488028834615989701401097585
1888539571949920518655607468044601856438519153289711658296452649585006154059429473874116344287637800571910160106270220615
1748646426395714189978662730821549469951456733656581710781236031588004808924339691913630463204081571371825069421734635987
2274148722181887989490854033802450433169128604544172457680694291010695099788701244879276447716655273980194865316544150142
1080803627420634913715700963411514118793470795284136286040604222638864735694464416621644590893154944304289169817548857642
466114307159564665837478191000148565550343040228006944575868976686320150004100961369463322597084606947970582721767336462
2386324365028538355366680620002135191918701002847965800127072987593538380783685434677880374322420230195907183638936740101
451640735448709341992181871250475480069413471840897380826089967376383614061219566707596513648775369831943079299451540559
1494711347373042632394971273869890870226321554936054709723052459172569450687211733644514021379705665207208287706484657762
