3600
~
400
~
2
~
196772529604044386092243882110174947850519425869930660046277367468271322987180001426571024895911062254330257051546504565
1956568563813440334504149586118550541538813684756191633133533462478899327994148387110486480905358215646850378335727544098
2047611044642867078150309065098276919598567509143683025251156450899909744077407064623506284978707252476066497525156730347
1850987991953713869734412283352875258149820713006436306291362087354096295745753807156279564634565786204779128302795682958
446162381416871628828666836936707963669870129029815238855401722522899077289266108463205282696617617913776600725028135765
1101709409749680901027058260715270593271182420988875188656094883068419400364217002708447213966041372108276756137292670704
2119367312307136232427386433847004313362456385360744173197403828551192628337847785470252914301217421248294660649530607831
1142627806048413931391097148389976213117002971308192768911608270473163581619332637074585873719609329824591570731517843670
1547241859911437726256822087263403901248559345177394486830156139527507808409228197245220518815779785275378861129174560410
1521408129211890480917374850907523840134959727874693315014966417701091354528350386048730729263907818266007583868849128567
585897979511812137022387663614366184989182926712469790132655833983514870377771430423127378585816945793321208394728091255
1647140697948645049371529418376587786554830214533759034874523988308790039914873469696197547598240113915516663046367842598
141009237536320866486945681860529530722464702216548248704447385732172136358318881526203451857555836860130466514107031639
1266205951057004112807765279550972165525987697745121574869792607278949006153804527813395569213123193723344324234406371248
2441631428177208472024270693079092345581500663383657959708934975039073064059324038552750309267068053013781487715839128173
118652708225462482305166994357800880642732924399749586205560544022421304250015557216929612813075707128130913073848335961
1085853320248271099201368819905524023577827970186866751475448407742845653186481338420717890350345050541763537903070778832
2132570343193477116237912513521461268871766356880893178729503462182076268686711523013644510053484271184313629211679822897
1614697642166186031630194717140539516818328317591607696199478906346969737355760310320193330278225932416008789817571569904
1381359082371414928680743750891119566731375742320287400117380295356254956359273626222515664687526172124941913579247161866
355429941492948762453941854191835327061612394408955401129010346989561981323318341518552406595343319693326944524034971530
1805889998302474611050722931103356401312137077126770245407340466380714463811433363623625873872062622447710059672815187161
1762099005692998058786036369017296034221641029889565494854266074095177836929344627926527073166749274830342464700452267783
473036950460453667410796513332775895851004292269059365826708743032201025964021142508070810417190626440262902358581400538
113934680981613311387457443637696722085962374942834025818144024754480887502607516667211797258567760562890330980911298664
2441085230472779441254063715050328216775445023613098040216225594671545725890303948780474050441882274635202552296049131083
791378876074851848319133040827511068843892327867140269091132584758737817191419509395952199999990398692538136606848715857
1495128821514777766109040540333569987065411166564653089008834172856294851647098696581229249052782758400881830405211890402
807368451492144804385959281389265432500826397179480060328881421741868950076399932545554638603866138478935535548376027750
1450097210026033225799555794857083256971495805785339545760671595516226091489903382422482332859175119638015616126003136368
772309893359132061754890476656430319856959294941320126657401212831340527810855210302628526137431623521302521180160135943
2354579782292796090699940062143922242611893056862647877155208704689207991534648822179253245526596429751117273202410660420
1649886382771957857889979871010651563711833611686383226030024163511270489505625916005500952049451138469680115923068230481
1327041256717901392397750937890276128744485317395420909109000340645080612237904307442300324055416392258248576454414443433
507843846092338432768200289801731130248543452504431892637043810246427997061280924719709536310536849325869836898962976312
35751606433436058742035620710940932177313582022327426241800103547105053884349037140431674877412751504996917815327138947
660907388736343838873872454886939677904479081634160176596627330760794490985000840503670169534008518643962789047087222833
1206967998099333478221035467424616836349341427624935657819819263416311422379078984431096165434952563227944078009364034251
992247510131576301372862709305742508863228293554593882414708803061895211865673575971716938620428347948777264907130422459
137098553744490577067640219072874627592603793811979070370397474421675755660438652244579906016053808691155896363675982480
707508147339271181617946458650571230418129562665911585146845856864389193245968689141630064467768527635363574100236293633
2335988774872119578626565533269722043009285897753044245623474385962589008574157739026909821274857139075344659047112441295
460180165644614161720744586213162736077573611177677237193155285312227741355719646585905710101006272255358606135362807882
475443501584887894876363911426431545537851384006160958815628512471394570760843799624772937686101519337523380977327292650
1553992659605204415327358357847589097976838599305541314124845300383450788171198274889333511337520201728504417152674789620
150848530941507127438027008555262420780570278242234030630451660216311712354520810118258059628943122264029916425110781487
560315391969514194834294878282294147421716312981849528453307134505748587231782143805266207210039985356976522143875792956
389849752103139992788528460316343081219368606231267075064731753751664238157116223341469572634928572658243228904663227693
1280401757141009823226087796663323984086873699837394195831031384591711828011714463016468979586985635341650050169952127605
2548004501023015245752915433249813857726273747709176063607847687360531258977927466242638904818997980338885445748236933959
1979595271032894743206789388927911492795513568018948689015609821158869073401207495420832026582257657784788956116423627394
1917738757766124720299734765888314863577499040181709913991762832680360861324914049787468351478547056503633045271820401529
620132846005868744925230911273803166717933933841030420292213803459517606505119686906192867889565279489216411618359914938
207965751275797386875629396813992714242685955943290052618157919673980740505925026717989624929740248437344987944904673754
492684309760794010214348196306157895268132417917678586650691497834363486785034651133008889517960825770364332205205399887
22424737257545640955245276724913523475832543619069461809687850243119919267874816250223554439571996198723863600684008465
2479317478247138264860622319127180462667421332159260160482598392108703247495103469917693695038217512250401360430628691421
612785177851866813480141779374489947899486661003486807545560524277034505715568943132896195500550051430052311039145881376
2024818335509264725982544001927369940347817736137520116300451357236477724207993897754273570625950430900304677003598495892
763858691509626805875969430493289645812280382151705681248912681345620997383701329690803714940569537626610530910460253772
2007681879156043006729825689726102240160222920071293769172764182154526308873082732798504667865446078213223969119986291333
1613427334133401921306070069863157359268222793928655482503167778599864221995095288967374929129647643346130315665353759052
644478099833255987885752899211467428865448305606316689726943905087431453598722260945053688850257544422646625941669147864
1303877495813081840317885307221628461316883620126191190098138768205054810164375851169918308310100648737553949513338159448
2121552045326914364860110060455919157542924249096415179098387594805443188794463727497958432324746162637057837333004939216
674410463273169768703132127109721794752453425824471641715418644235662505984176126825407454227788454009621855946064495282
2238045820916247135365592670382565734271614288637299007433551197827695987976306846346789382336911483725357713815656653613
1655046772579218237399701740769336614477674132936837501007057047584961839276721505297977218187321330682993895852495110906
1540918104771056071737604199361877084353047628981266404279608216847998014817291964555975591944356502550871952859883732754
1890290565854451555930076919660370001067670626239733532924545763683049997693869246358327167775600470034929570605629275493
344245916718283005918268253406806737328616682800841492421110624878102885346376356272611394668627630288230829377270951642
1503657715184975936561121529997420944184087913357668713603699339212090966039299694299744868139680897784055328887662983326
931711829994633883040226060732606475661937984161544648214558736467908322492409485856892843805913352272585185027601297329
561332658226905280615280808365355746436328973412110934274879033188631838584611572335904911944480727752501182037656578873
74366323292124839263039009353584869909629143136559868269633233700142696401022069608520497671246952127798798993631048364
1188096627596794234180583681210672510753145701557707474594768517243907546425861208075956000746729494477116350265221636901
1197469639300936177292814611815824935662079457049474748134971131286242248979315478432181531458407281582178118685055618898
388731077900598138213000148173511933182254758424657787718696862092362505447803490073896433122902933792774733242235890323
1697522659990270705851475524145646213322084381216191224944972251174767101110077874426484174563582087003739379637775623042
237752083749902856652311768542028411406158238469553602495136654944453858900597010939438195963119400402062357375127184690
1543310339255282987539914276197250920974927693268710008660858716210552660659184140786031638050612174390081962986348170654
742129882678579198396851292295341163405886115552241780363941465987700676375895888129011379482737300533280846445766587894
756028724159648036673501501512353345859316805799703112996533991305508535666796480405172919185413908907758305819208810243
1753344682456697717844063571610535731538068084151975372402764396819879416528562048288869770052997428492881560362698728669
1828314407832429099217180774182999678879544590734102333598973866477755992275957457638046748164441784496268093139242589271
1411673578302269631348143351820722701199710881757294161836992395524898092474780982560166721157768664148447650384538867241
1993829751624705939032385178846197929294576098774364921659512764281498000282366683162599357978096417095081404301153211810
1376569190642274913304536573603515978215360025590638272712324202900838467909491808243825785332471605683089275784160379387
1311289365575144597127449655556828623357206328083877177839828580690744806677419770997934222344124898361373967094708990013
488749970320799711987249240630893294435934243657669565899243843606431138976107971101403011498084580819551595721866008044
1234307538774478315701330244027317798038573650709961414119732496234654804045909000133348494407317172369209903029132400525
833350547792209794970169433761423345685912602071424393869483225376529247572730621271538815263006496372888490808261765997
557612118232547013713527323786111573265141969733532252524834825584681123704957484251749243102882356671656607068078271733
1545105547928761530736070324208444371800986462626336717008890292094496396454030829222508122089815462708221329379795572447
922272603498733091455712927093109634795648103640316255791361728638840959097131220762736694533135002767042619545464414767
778142406231261586295539575432106478180315993050127546623767906472921592513910958553348774412316154814399690208040389364
2223492403807565124136516428846201760500406777215605262823989284382853138387810204679013519887969728435281456003036356741
1450109131294096135088773133652862381306963585917111697231666739136686416891534967555784742006146419108543125871283845365
1284039375206899356729337420528239885342179998574622118455318132609110225640120504773647694131023537214491415603737119842
1669095894933349360099565835431559449144336604569673011018112423697640897949237169433908891209838470585499284314363495254
1329725754091379033473969292892808415890502675265735399667254159565423689945061764365976595978762696517967350374594436696
1758320841368958825896551664051984755070162754170246083995987706436944393450173011115846279935776468701781118827461667243
1426866064114461820478198507142761441396904407655863453544752680251712501310916754655065124681176185348319216125040248276
1950934406657974670108788582205671152349132346313514762408159477352232144770871847265235210158656027597409649382094946406
1205913569575723087072283612108146011920172435287576365798255080434776096434855348167503333488607996865120079095491723874
277762656466916196263223501584337352952477858232417461426718643606562025663864555273240402158179955353830347639542395585
2453549712715560695252396196099293722092267883280957353460585728989879477856675049695805440909117078702465799590655712393
1044511062959006914557645093983326809381219733496852634127815526638649537886271902861557170059871857591225061109419680913
1753789764815368710276328048418457755221582933233730758919674292597871212806995114429498475303515880226663306756451578779
109752411107330104076673058927824295011762384688737742366012581247762308991592098244312327521007846755382952062858237007
869402453602422120591377588346864209458053348422572104388318780149859930881406435620985216425055170847501301629208777608
1362512049161747439489495246339433711973422704973440160784286024705023002005785756634913064587566581476501695583747930440
2218576637935651894041517325780946001344211759723341816910627804006079047439307709340454167918896652392331143192305869086
1460421438018874807636138134668679977109381785371788035188056077536695696833331004785783284678189888919983514366954197468
2160834932289112549755124424397654155957931826905628437876852324779826679762888738600733521817088333006185573106945899382
1786650543109277531208294789918206039588569068672968112294436797248786561986796599510888796399062640590154718945475383418
543736921039481432907731796098323402768093146380442299475533931234460815408695210206995360878222992656270340802589950523
2131350088034211199652883245015616702380962117710570738871370523573534019328757575702282157042221609496602494699828903191
659726325535487440532357087190879115120071528785910841705917217452735045889970635255750520398322914259610476785704855394
2362611569115561753421573149029095678547978355387657150262002258253977586388579088613279432339548767626196910920408000379
581355610970978810428565912356574326533857407703489651558694746819494754350059209718683049430684498992705240484086091929
1254192804572332672937666460842134827330711522831397482946457597793910078082113153377324131328206887354100560495223564463
2235128184088045926408893974656950645929649703144320806723044762661159647126969887308337769194787408139387641288864435742
2304307804645694580786232147003879071884702983211918112520771446284006484894988157292157622109604942018967806503596466089
412247549678341714049734464481399613015634484573144448255070146012777017625328193077917978780927371726021800011591031546
225733816744045741412390481975400584322362126414521523168827167007886003205992974781622453464863168079555029859144695544
1609429394344924373739486213972941164187642648972454676257066278656570983887173298868390367477890616308343739402784900687
2440424659963235980966547286002460665356338692461076233392878852974718308022843502306300985994159026482558624490232378447
396186444191842718399828517433739673110093995046744943138181430235476371721255145258391114893710247621930096292374083681
2475651961900895849318997330345226011304789608296461513153058979211561896763996879384408620287824997794151941268224387364
2317900901685434259834811743331677677669000567684896083139076757973522353827340031446435591451483840366926838481745412164
2262243694239708913685507539523045210008411539134870580159630552597291080499393081788315532198994458811758347017911089657
2044430207769754435543698325233469678350285392684763031147746439784074154667554652404692435098758829022071609692419983656
107296292053405214134231598227322762066726167629223402115038172428471848595495922752680718741227716473341134675565681075
24922712628585980335630631300125945789756942322757216555952379708337933201824445515231910062191126604795799179256627691
1359608346650390432353594044819695967509645398471204516999964811054690569072929120938305983798119824846905410640313695481
936874335684304327643017371663922800793479502198198918085819927652152649747921828589289153669238995920966909061278473953
1251005069136986923294804566245457549170986494536884572283356601713332023854039276986754564965905873106660144339587209986
504162051761860272192537802063903037201213868534337469198680468758420334131045499402825850147034892849712296967262391180
1311462758641939389215024094135137946965018432413688728813531204862600896144929557139832179611467670143013022047026780488
1101342340266092398316795137007770594676196511513128410005231578962340183556014132123999329240884902962061477610449319378
1252453919135269143250609589209786455116121604047237699339056388676429144778118189626353583518452140566310380416214793666
995112158161315468260195542335251685110653204193752265517440851111164895313023355049473156306821472847361619208330322548
1187003748023582023016679661350934484232954679859119451284217635356229395370923975814391323097940378207588753212756396582
1248769633368062227493067168095033596884094663209005777205113702456788278942826000087005285144246818369933366477417076226
918233228487719776533358897775352097292270584038176486061435961346047405002268492470188649035189270455978158361266919676
2264256884257845723186369118457152220003463225497119087503640126293547671492702762175851106387069094638192862722331011031
908166418606783905316835936792649794978560710940424269527108251275477813551356341546810865011819921375817289859011332911
920947909154966943407313648351159221424561501020297509436635392157981163298951195984562772699962374917006336789414708619
474694333937499746840235356598351578663860665145386219507194671500600019914728952668452711254698413835179226501200565119
2322996553786400676017003080413533576417546122592192194183225640011632553314067412342920133758153380832658757839036471215
2522547656588317420355704473708823820991096954728270230783461909862512279680848030025952358501171744039334435109922745942
25555538068617923277429941925292671204122683779782260163539037741232885490609507434386166493624590735350661577844757530
510623480002579287779672476610989162927048042315624564573229271022650770273617825086045119456925835785291673151727537446
263895251605360479489833273369622966521830974740293310631409513605215472013206985567841759072160635065708040650006740977
712026764555834493940461664156089699051289148481288541813915173133101238221608809685891101824033178647858332971358207202
1029833417252991717205701273794606245846552225309181983977027072713530215184712989960133673807987090695923097014646007676
2157148072654000736038432083957111263943103289930453100682139536914427061648049732639470299646497120832061320340469707932
827415323488359592284870677887873567012727845294708733615008912162511049284189315583906040027329585415764471924878512286
1536031908292630035971842442853069674718421035397329583595798437123896412861741535308247544011167678268483894832961684006
1863330072693902774963799720505775250383474146509707926721851821607661111512267652407902719293599265116066370129463351039
1799224441227844126823047264232436408447091111550122261957909153630530548821491673888058426027704940693456933549101213081
562334525144519307122702116161048065607227255294391217308251970561893521550958430795326581654845679146969755704903990931
1227907149131039851848355509957834543680004141485605858876228238175910756348838438615839515109181076511429695684083642161
1131127810726249940094440813832678629002890227970131350324859026073126979164903024122660503434046271511827072919933803334
2501371807690096053793609400967014711429010069924340610365747897314552410827818478733854078342669716399677927054160239708
1746140126160921156237826726956986991538224100152303736590411314611056554643390568935165867422537103058354140876283302443
139073440769617302057978279979127162980180721146773461369648968027650124585971964262408887926097547026901248220776580170
1919475972212776997117643034317210186662890689168097499271515203259920974080657396661170783982147383532930632298305960066
353074000277918848759086397175162458243634905860179114305085721428123387054266571066834784900473498933518232741380689673
1187091252958647298700690286903917725400651711930344312112745150013284790486876468144742634217025614923413096012213518538
1231963586467954469668894819946432773354997985610023356044957851428905987429863630668575680690689969599013455981722306408
1012911215593748548884692951238706663371718062914486423850639629989982843951233589637664670352115369249116962600699350237
2057911215477939040224625287424058698734923783710223102122684293315183480542860559481187525415192275507198349125200563004
408766678345308061555936531567256469237626301584718947212988888135224024493050684315363021541712967081762452780595042014
410482149038387338924011811669215703949909475976729395854168776991040861446277834932990771418213888635874665181844876852
607722245249946294698761408420375076823491112207257246639960675880378238367565845422200407179739027134482821642995574341
1845402839355030262866625217783728167517092098732734622980549462425915586403617434861182205187562995210989327300182896427
1122787299953519992866107341434397356501942039473997693762432778666108468991312751266960279123375876019374023184273660810
2433154609208882300386843091086587863234682998994945301808347398012502278862457802090171318531894605098307714640764126949
1314229285775620409819477934350645660055398466519403126321267030687175784216287765580121070599006999680900067877727779832
2304634038369645246020958312714708995426024075688032047325775609386520216398723651757980757231489403432521271401623902741
187749430590896321462677896883805407140100145758594202493093885898183403882342046956665843153924975640349730450294465896
2442888155218640824656225102566932429821589052291909891604990463099776057466800327356667875703847622482752633467297697694
597605966038887468136992408730825953237395260637676934453740883686384105499012963044863050485668124836432900380784088328
793738839152139603028082055155918056017960460369304121682825654695725565648874767989266573179765864703991052990258319143
1649225683715542065332939580800665707892515457291427628485756710172579377422461602900371604304465132814417415808427925358
1832426543335260813669600795349657665777220115068662216412323766923569670258224035684218642517834732357208137306385532343
2353106679686423475451974221807332563739916958469266579336728092830186549614968888365450393875590702949561425566751292926
129275540190645957977681493736625550939816415494077340928337310586653710009406790341019526728506382758546295937170363226
626893080843237826812286279245118898532038515072923023145633195108967940338450260993598308107691648095885543333991441619
2067475779086656482484954815690469512007092277262126171192923863531038891060360741258500926432298500581785203865673931891
146967651967635955893112419584769757981662492613294469765314815779735924165906626054181062492517263878597103856094275213
225948872779678503193276910299662936884681288915286471561985187987218965339956650679368908651527286269465445684333766175
2466904722425184734023002278706860317661400696529101670937920405070190370603257164761232311945680398679914355513031211833
2568672072076975532252862638608357549547595167608850957575871601483587611807839679316090033636938876151771027260619785034
2078028423167186000067134181086183801591986303733085372021752301645615760257797429658649794456738084757333962322381223761
849578945875199478645073078238902199405508648949444773798850051536795078253729506708990401354079956537877638266542195636
1012815835017125233583166680815635781609885850791981138656261839265376812337452443029891300900386809048925627401444412281
2345533335466730352175749986985234288991364754268334474022337443809031323513716425670943817537359923516498877586275796441
1793050753570889318285825638822235600868276003165678397754411419383307812443672619364902991057645947193224736208990782502
1076517660389515231851531837373823835704730711025249833512432462353939315106994996408579927619350850719839094797418550727
185529197950097634297895140038266591997424531838494909202850559306600147934421187177986547214671493902257690325814515848
2232365135707663242501553406753002473146668224674526955394271562815317243352616777610014691308098896159069421128993803649
2020101772640172850014220741711268194316413683912261947982413663101086429628113546417742664899146323961414951174205440533
645470029748313190184628023332452943021027883548712173690378238277559345176839432814050078476325757369283305119941889740
2556077750711266230946993902680839350714348693621885388915302562137662491445337994052581010613597690651575498664846273890
1382814631194040942402197773804184963528368693720061037952557056890195881295589698497969269272595825219561578943605808138
241494773734334323174983702748100099591579774879063908791546279541633646555912152344298719385376680513032677719029396104
929036540951302116807904864167680252163500130009329974940070028242445033171932904052669603375134121332598215083617191863
682135056814708814394188955151295884909438569288809235880705069621191005214320883867484083059813102840936624803402874252
2255406070476697123638935945891778245544599191187245519997830666711119568731856380615704604247831441022998982525974832228
921359541668029632036480402593394610406217246656380115781329873502528684915117384874730097860874009447613465941877207376
649121866247207621120223944415275753590908963001073706730484655589652956097774772988215532916163481506704401468943285546
1302039030370547921029505666612837091253188180371974635108641368953939882416329655919328629010155951337118778462950997574
1585188210745988852187727660122958043630671245715912597476728558033865087664798574207434858603482143892522004739338339537
1003594761141576097186306011859864603961301638597913978561733901691769217239361393604643610580347666609592746005991550314
970727102727327251847105954872172921360972900029023268765837738772380881030335697243755856594579799187983884740687041776
777784338082863101560618557018371193608459779907779045513215673648280105714496371635478428195558116591229642943902998000
1209172292282243229960462312561153480263755384855730621624728651899687274409420509256761014881042520297157889151284290374
708556898038294283272271150080575668065513602234925612539628691165581421725859467121664376677670229880591284496018016421
198191358936837482213010579314062990881622731656987729664310953551107608578390303611169488565387518155728666199973679801
1064370248762398519566615153877479899921815706256048695161212843589378057012219479653592695097070581340432289801615471847
1899753155058035314464935429438438302487330953309401548612600110618470909204878232731260169906796982599923949107015018011
1046028859224559984744119623922973817022499301004837802539731836945361492321826313856490532858722674509968061424747944449
2271223740029202437891884010716917116254941925695669232100125130150985624729236747636226236236329914755440787333739222010
1771431649112332581573656780547663161449052214179839694305993827723547442621490202213871014973551905287860877073327400863
2109315058505563734967950276301154259866828101405789672905627141905533909556634054857076902985215685246857822031464172842
1212553871149793950376050495650538876313193281841139994621080162150071661372221979017977076192176621231453674491824397694
2355951826788476212614700025511183598297644812460540542455419944819495138586889610471163941301314297742942690073289969637
2373008777684523769871142361431524323805278545771970131806681743540555395605477082434017875660210786229733150620615563230
2101272954961280525794633961199687514906766370081972829696530944968002914754435435039573341425214745648806646023941100329
2004290258022977612590811751643966664071261612517088747739843742287435219966597355680349356653210115955901493803241484327
2391767197938453198935342603576389585862966538657222072523011366514510312727667391902731954864892786401180915134878789769
387769406657059122706355710744453316439854545732674812017617193412371032724342793312649094456248454754642127972924111530
1222327755693590893198626111207045313353620865017393180945957100808649101590920479947954258912806838281448527828009839226
1676397191617662912477283273842210699806630685567569969247429462147292237092837921387433612757331289571858374731159517295
345516448366528671624376303893336323797937228985038284924758785499935128447568061894995579084048287744128035147346872842
1450537283538697292750869113219202802430322483237579074343906180739837888192927545689848465145624628774048040242365802642
1465129418706965758001254877621160595652261662940429699973647091634969668571284305409952564744455352379294287232574499156
1321157157771208777280625032014074326433082238582190784347014313069917849714540140435918596713929583715777667948573237327
1061913131748263406458494425759447563325158043592041617937687362851589913284782090564432738436353463670646100732637173860
789641096625007402056922985495554445931307943388022188499303590902928599953212505299657143495537655057825249559345449869
745417209973372727230185406470344925587811228911224861664828007149146539905314479307742048803594550234060969065591118125
2508774677102195780757774384364326770349142090393444324577277349566046573067683336990609829065093780595078373081922219367
1238144694737863090641761511281083273581292276424252895012792522176285082971910130082647422274947368919009026980578256975
89226240141697985882691798962703057180703299634351667235619090497308288470595867300467208307667715115657649499683705501
2400259895726040460189333711902963307587948021563862399829937980088242876299121581032903791982937199890217601424399986677
1674796389667884922726258943815650147317458354625528926574591468558117064049747227722732586883160143486451443097960654062
245248203068341473038224961791275939452335466828507964574469668322803886039733636269605562600619129432832523713158658139
118163874084726753520014550074757600589894341599063570734995855659956672866888487893805315231362346166447149381904394167
2112392610183676047185193754057315577511611376099920359308936731359212930889316402425352590126562962893208168908871653229
1868635945878743281767438450785440104105126577988422035992997344407051296650893238469282153042897268998506113702013919625
2573457206370796561569930185080257846062736027125727134268740890754594098049917471333137436465829186829822265340051931498
1468715897246877947325225551110596739615630004906027110820928667571496663375580162716753310338808998459794723137610340502
2440130483512324810369394426683368285926769269490504674306295610974573900494159936427197036073895428645611865991678849493
1026245308522483553223063403210415136358098786502030922080714658233802620513534719654674473431827555505273953935838763270
1639908929076937282649760625580064805712274259847111029802527066514015978412639086821795220335069208321269574326946306108
2180701446643716958926211758376083652228039512491685163618054359904447851484013744050634414528206259300176458871094877310
1625005537383162488478453720739897148736360183473658927862861885882637629119325611180265735424583449376935365326492283426
1864201317945161619103367007877491471297119034265054507631926915694415996724808642612341443691298588621425541981110614947
892223919446913087174990397002682810759007360420635674930239349596890274877733581448897326396658760350983480783472716543
1662217352168415954014583379262598490188675485573110964729496407636708966861215311480183196350941367542188312900087742627
961291000922675826761832817179329456152239467277239587019580689948191263588842188545367553590938370460737372159928261595
1349425090620497817422066448742546148819175898093049980431476665482181234502847355692962126334686945108450964564768994271
1712663945166801590274688059229098618537737470849971336110341177281944587330729748679126955646639645249924692437068147462
793251284732765863352191892614530477795087016472086547684005766700470363927723997274042560680598026738904519246569382096
776873566708403405655408320357893779828858708565134203255025893201536848195371834930378968378522207272141316506288554011
1403097365003415907643286725332822686321124743932853248949467022435424231575499579151833630233806234086292294264930471000
583773939741710483361881300612672353137713808968790372399586870722212228571933915079494083648873299207310337902282741689
284779290794485958248746957825413221149209964385297530189729709687968722440325038776184245402971148696696189117782857255
1541199360773963279874822864161722420020878076187146115652362976961072987373791683473834063102742323069648902177206592081
1183696255297135922131140327670850905195002487937516178855501441075194209391388535327415581791494557150888669673728257418
2068346107396347795881373752816789053468064731094253532525210392054634171529379758894639248106610025871926218255384838300
108205947647895486962851604278857666112547992284364331475907289762700854236205954101829041945732219459648613540999021290
1630624478743304431331232732148395165433513138463739748376407811815817902521024764876109514624520981710067078773574503833
40176372714216982098553046343309267498257609216121911293123021341730666738550680903082322493703713115260737085920490695
377976625974541905277826406483051352635875780177029280206528877177300937576273487662457991456743767642980427680741433382
765168064071590795839435165971987099857654068567141370893342184912905274988240113984708209885261331146779256037854416893
265888721491713761093696336523970543485927386023211667135648546103730105874875294887314188801769966341477629242606715991
275038610694049301090300759207240984999901502855751031292451748164257381452715550506041186673509728450460530549688514862
1437059394198047424612375916179266862633297938965896402732979179692158925073582167627053116587142355578987874415875019667
180794846861384266595103697222712192270294677814478673352380657518182777879983815087217087302582651524425016883763291123
2112402801053646005467873396217781033418902331225942856239630612766314581155829930984074654184039355364718519982986865442
2216275577173408299363868014050684593929889509715685269723176991304998456128053281427486774115267954245303181938270084871
322082669514893346126273777683750361829278281880231015434002389217171908562310236124771801802323618497841177491717129045
1656381353958053947035331708854202535992137980449538912183308251316287756196961360171863179789662017684995581764896645922
2449551155339266457990547164767593638914193334946136572386690418133778487610246720217957324832114488804010116673978213895
468594499653956617791520796575504665853711826918580858737363996192298207138557369689147531726527440192652467079961483920
753320160937101581782803157959891139581045935585922109781555257232998855252629652927754598971441405061971621156821454962
1237139237521063498642294729636783515236678942646780427821410809640624269772334536549528444614249750006555517192610648509
290844490848819419552974679417138209812576997552699837599713053248275434353428975222559574999091127376676965673422231953
1899815631400884229226472240707262225576682104039872839372555525003948643224950687503699858403935931106537042902465192928
2117160663456007657656757414608861111294872116115626484035022377191983117377224181859835527568196184423923844241962813205
670134631017245057155700912905638372030622807139552506755162346576353621989051768992467979904513549469460610722157494401
878833057190584646034809313448836810783001538562940961386784863294093525976848090359750505469994201193255193720699224648
1326404129323928057189419276289263021412137424489999407294416520862120966057010853814655057529793081622685530599570259497
1215892611159589283415830900566686540015922884327172553137609122708868510713857548941383589594876590527569879391677552880
2281597535180916020997047802737687958269827026239790730431759376573806037139535651212893831497437862870842231308185658100
2524104368498084472575785838634315696035175957765506803697051305749350292953294299651222397802320131641309778474214923893
113989272111921502435089481646086865637199752297418110615079674478474888856183112788180983178444697605647784227633989452
1859748560795982981571293561061621150407563874226246605879513952912703531068168729744825593919816522100031235414385408336
2407641121730797740272435870225702468729875030348299430691004487112408988704572884803130285483627731900957574516598881955
949762353670498710049142788319341928145591317942155847187497910908945065097246958765205409859926367224614812594936692635
1288912494659779523132511001675958879799982875255707600129974215189572215737283064718657421280624504379587378658161788381
1349123610894106010215897301497962432859474707635380412766592317119228684229723153332081799704692862431851173509292267438
1077967414441317486924733294275807510997425881800593117455405486546774208715792301302026273963930612729702492161899145992
598157628456838253095604796079685197846243017180381123826688710142135888045153297076084116577000973174460739887921720849
1787916800016513949342997665457141547080636872820315134665446028087798693939591847597674657946143692742523302725521738700
670163087192462128561979397696371447754502591961213677794014346826967184932853090184446431468901132127230997782211252481
980139707165100698683009206030614373711589856887853823072956885324377695159536407831512798459329870723973812447284707621
1446798003008524314104369509993901865265518883726086284243885121421817304121607600984046008136483388708993177048233175018
900081826349449464700695934231332344395200343058049382528928723860183774799159655384803291074197926359225058202093486295
344489157078902241641290226057798220883195181179664398244911534792471565662117747762240026472892739428267194503271998545
608289401605492002037041335402478085049900291484629506769687877290857829346801032478478886188314153345037669976693418370
450186571467965306549326814955353490370354442243799573339719440147074235541378462031417399472270251915773771598797860243
2509072112116068859105473768877632606975432668945148383315918814319274584226557927295042589323316962441323913704927120956
1022595373579840338925753030167904103807131492962398233551368626050980127442676739620588282331919860581858321987242472624
1285735787686942878502350716439604879674686059502552495503875012888000203572218293082971078516986563335673142608705658952
1644781647245108253332325143104899746653835864389896198336654667125864942405495310645610983682534328077310422723719756292
2121178737569961701269704695845095498078216693857691715848024496890650384748742804265446088592484746674429834456290706548
1349294212437304936914916464168800319222785125639950829197293414066413423456146040604057316551216878776422803838052651043
410691385125214134724844169443940446382276237062031231195404636727227763502518978140802056371740324573616786930431598787
2429499229615740903104725637811774243076799853846747445957196246548383533826461017160161996063002791418029390340304402576
119794791775582817201765522238901489803258412620687165162127903638261951256327395670408580705090988824726634083642766749
1968147585429899790738409348992276453584976569164267466303583579214230253455806462773552821244462425984393456669567538700
607628129764747561114978307995323890397102816260689879717488939170649263046154359477185923013149365075486103782907676921
153120304884609496192197523828926311854639039197261821688879823210345163161115488128437920959930869176569135303832361292
1142155137909550075538448368324853067047312089806813201071924304897805048511390833045860587543784376397567960662913026562
1238802663188180600667568083050316978188052354976094592888112862905996212196475966980196031963823708983741416048814039136
475720503321243814977159961324927762910415130140189386589882781357383819962289460108173182458101219628144060599578585329
2098330232913353931827515982547108293794006096057138259983874176705778311050303491695280624329897961042481429797364367996
297887953803674923735570389934409372780635145047329472434532692052153644550390048432456523024901098777379158482280685148
1095489314104351646292675005543927224847212474807604235910395804217196553565841981432427438243413720753034414251340667940
1860455181786832417751623002159791595060792040421441240788538124424341724136335634172455618304522566825253734612889884289
1297416251959942316338653263617980854189484778164749390284668981019420629198132309167290646874827086062889517782921902424
1580096352281446014421496961665039339473607030997896068285528952853066808874845439069862264017061479113457596625520780915
2036185174645685298083589874399440066191470682743726795410233977845015123262650069085008384920059454054011186323656779032
353520120640157751410312359536801886167555908316171756932297344924532190907094835223586154402036289951457401954334972369
2161941587634000744821841237719373730652649898612389059566093366216259277727262311413265181849359889141991650566236210045
1975752872771979919590405566734737590959024026114433000494589198864092337203405338548044482483182912019790948773567947740
2092793949045411516636161735813934976515030598429210214751307685515258594512725480119557987007356733501639340994889661147
642343007690659252455568426497168064209359962164642857451922790834540575076663560364954238871409689472063752319467989674
1419425523030191681702258236600833827837596997871839706981806426735337454812945416316401249004349701193154662901459523930
1023431739327810505948790132001381188916825257163588873743011637644530786074404306367769864966122394213654560065085040934
227400272644112729315662487419093705963451846957490511004346307515270330113578173861822022238970003907878835031241401730
2201523043445064390580417661977312272885315642994238468121994962033358524048482417340241082132487049389923871163257506214
1588377409086827652817471143643759449471306799117145043079949773714802474412592450012124829436947236381643396846952996758
1807694933796197504064036749261293358237646381708071681419160338951167155684771005510797157812353709874429139609039308752
164375596076936652676924312591652041029848052628743636386404764406385504353000105645230217141420199385461990315516637817
726863239532594417356714380122270578643778452142491622480754018240889769611611122811739117739134158811729744544241131196
656592862761382745910489549940620330506213547677562912573441823438874441756780885586561361704225922816277594439022325489
30627118223169259465563801509375438418355553226211173895678034380428953639188825317366530298914085572916496781617064219
660131627193847263732855286829159835100689710097337625347582409482774668422054971655646414806111142605500309344362483121
1209051736817274187007228690033417796393239636288909572374188798655004649081412380780381658324171464424156567058229004937
941488810348166489632332803086197943852183580713264590609141416675876846540481902002070512973322428825938658464517835745
1149699156658884933729762880509269324230021141927527843615412559036714749821058655224482160291554086918707436513187303246
1047914831897115568346796649372773723955818637128964380720145371380125610673720693663791668681343848771479950970672087671
796607193715057895285048025354115617892254190847523517384048734467489478990635224518709069046559275108907307549908017609
287224514754698942734762745007438965278325225400291246325102102798133541399868128115098592652579322579625649230944038198
975168288178288907933160936123469211409997049823240548290434700288122832261767746574424178161916552970126299404183001226
1686108567729128553942291209946265860730511519785102123877580170317085394965748613242814903054031006454936169345651883023
2359415835414082937389599078775315540115819454183212023038724342674049455602954713145887387040942040362629816722996294788
1147610327946033370792925345178405690104624257563305368572440082542926052338935918098044512796082267125330098972988129892
1776169207952571083424030820335917305899073999415521530033411354850770309388681889076861383831747707824470158690575066358
1964079879263310173591454674224759952344052517218531506792103911257222461326509030910096221309268117674634030848908457804
806701699230700214111646685258383762758993824405349338077183793296174303794442707568772063270597593781306482869162937688
2336530495659568247632287850298765437257429042943409418395047953746119027760541417927935793612992528335763674483313935793
497519892403904072973600684091384473441106267488031115571808746861235108707457298395522356553987637873361633997670942372
135787769286460355817770494095759110570481687853150362156608392406437158700539512600003392066303747990834702935038865461
565674222049080856706757890492222208666891663934954962203544193889353797407439219524720578704357646850104047025831502941
2414933370527132465013223286422637260619762804214218811185028473970712068231167856861219293887672724090465720548426466991
2164207566670924874430577626167211485449257854942980447361244344905471817295744722903398913213950699206479015319623590010
1476633883797260727159722712007328048029430812740757099540685622077320159497742389557215995649631576842266221576946272887
2299031515040627864006922520040322524363462796975539918365768211590433108829205169844925655661932142529222136255439478248
2418590201702151204134690942905756320104000674290274217605887710159138960183680044351879738768741696064067895372300033117
1632255908354591484916030517189261047401526325370324525144971926106569279839112975834672588652119818888606210780309447461
2409461588078776250968500893331534545229210637357604308892313718106269497803977371237581701852020497872567104431977594945
431366377116702609356618313675876672399714439260331355636783954593662605197932955204372850559192271385616248363925416878
2196451196070786331492723584929994249613103309487807030836436440021556995902049242041653906484786707395787797474996563467
728436819824583074376093299896503712617454604922570635788495724926454767741198414092676290638584835238586125124729943198
201840077101968260526352384088025888867112003073213121477817307612630284971444732230961638515874982711503303462554001680
784078969103540055853527824065660159378126963226070183558972116034321226571884455947739256514504799551472154241086171471
384979481789380207145932509128231224507155396734236807467940979336108446993335871532788499111348998785019411403085172840
731742825442306576895228952653230016154360573194600472843309457817547559256490066482607781935064378985843939724044223049
839191503925671133255990454973895554348085140632291652062548981808399703420694672645492142246326829465938973219104924096
20896095644534794840839499329363346615413545385947327534369568854388640641900063476038052014611093386325636610631957721
1452935847738234241164983174977631870079985511679064061351435239295426320818656498955752661867994748134917914044796276699
870148586352720944834055851884507064901718505498575346437490199394108799557707298203709997576035682477710877132622507327
144187695603051665072119159181626750087085896838995919138009079945020279512086681965078454604184317770324668997306245867
597392926007241957087748865108008621768249800228018437118625206983648989158899207849434513726312575876597396137746278029
1742399327950132648425276584805174836803698044430616420971474323537280232463221708522059193804318351257934750452701094103
2124007996585532756258403707823396530684392270183644361847775745371704374137757608471265378416586768299026305186264100838
1464593849080757720246817832588099109232503008828030917692525727177323557907271028034800150003204157151621293115541180609
72958932645420608168236809554224156442415465754594536729896030369335756607803379231652640244431792932721737801771315198
642216120084682383811274092037913613034850643235392674669355128940653181592657294323406163640238072085346695641562109716
1813803600088621355244954485182474619706429274419631767544532880535547754308942281955452877831912651417467254630877960973
2417963404339539650780217014221742159286378497712033895730830796013645327917307499865634492455840111259693834174673347855
2107287962941882772706204631831564009067338629823830848006733772681954335044209869815486477773028975479673368590518292778
1727035694084718803074367819815354673175179089523866969132193328329221313029873197156617431984122152177084634268621498559
