3600
~
80
~
2
~
558694727667473852423826
683291547282867515091465
98147328521888463288902
718305194522177952848002
1163686605970625079586016
367509428525145192204119
1168516597613084807306846
661251406562959849608626
217265259182691088369973
772116096133661276297213
712175409735648211911735
377378617976900829269283
582853906785117554619760
537266139080022941545497
955024057910574546694028
756801511524001048604679
377893636682862869482436
795602016308246147914286
1189123260117292603045445
512484701968676807428762
1163273055153423197414194
471676623664512961507965
993160106177003510932488
877013396145136973459731
570627303902216394096652
930368221460340310535664
316369924661247339944071
964650727167697607542181
454697556819933422112531
722001382503752581124697
661738943764001293186897
1033876297758873933467706
236073560862228337026316
760666488424853341384869
1084025872194976159438884
196111442778572322582520
509310060475506211403573
289681062222071652812335
520550103871143899960199
522456058850903016027587
883487585752373750052763
9016706121749631982431
252084042025613306492150
131615834842557071049476
693668926990397710034000
50807621462452376456427
246023771226711068968004
948071414668007523217769
620438201239934289243430
869179932822733282561980
672510196407275855921070
960162623399726382148475
172785895348254457152448
837463880664999429173134
395664631280676390612903
1115995054844003930305363
309461559349323890924938
1001572986000016130116198
1194428347083868394595814
365730868329057937857465
197100660012979771827833
727946101088024925582467
68567279098954167720580
50145190394090548739113
15523133722570355880145
661433624596588724318716
224715481850018995668158
1133580670241958290818331
1144019813294055569590967
416992313872787811905168
1202316348395287005933374
488744084770809388195023
179080941505116007976635
975712691012646303447887
457469687368403877200795
708820307842248515510391
526331791585360058423262
353660358314308744591064
805446267974591474027938
22785849498839528211636
