3600
~
50
~
2
~
26232986120154
546100812705503
136630705394968
531954962004485
132013200002279
1086901470117497
1023533927669728
586198744524716
910181255537836
152549974227734
406694522339043
241400072350180
54921576962949
1068221394732619
668196777887397
1002876790447537
37546271009143
1088988107426529
658008929871546
255538423699387
179790451106444
750969120437598
633997585303289
1038577146227459
486017788028211
962383622283346
195555033265436
827330563068939
270502510278091
760213678302042
606693949129374
356285506406225
946441634796089
920702517074847
353114455451890
1048475736741673
45295636191856
804235108933327
204066137955750
251589136486477
367377833316591
166418624990670
438696928738077
766692861460765
266577633988304
938603187636537
856368966412981
1076117869406412
28874932853096
160054259367776
