3600
~
200
~
2
~
593436734478905601003633697624537111179021425499390745655140
504341895583349075931339725718756532563187001673682303857736
1407898929834290082596529510443554158831407301109682878154400
1348243568516073078362995370261448806873851634084146080170707
1552279964960145650804088933924130133891371158442532604108415
524550609020292552800510245107429558284639044052552490196090
389771993899693320215509011109743653323147593003910895219123
131610659276395805370213416254803802138291803679658134530085
754487958301087957274852396658221305386646285901548162871327
752476324906219171440108231532668502591806752298768953136488
1309559676023992511865234652978177291009645604506139979338894
1081731262998145551624844001828979721389035684915442495657134
1397430276179497908837251272173149322924560662985606014793093
887067022102866537925609840494992885206299141857953680928548
1073429993983434582161541847924112026217330361434839861954589
1433204733073210844484828864254284891465657860928279202410766
428552752178159339659174466438577071959267423637174491181009
331338034924370226690080462421489888192432233143268701859413
1189991763075976661387591355452610536497260442582551700396911
336432937259458585931339044872932459017831232303004012052517
191135924009620400186253470773341215897797789671540209776126
1442962848972898782633520511715562858839818261277338226778258
1495548404828300062028072308475246080901091442864503507333335
1541556152819981687557846983477666678373430692722331019697194
277244268175195267229374482820081276735957427751926068041249
1351347939529202836039767917479551439656044147453864188300361
1279684719521316959291875306439343427208162638410075417625628
1176755664806822514774344952909615797930638917692036921513075
1418964619492490287606261476796624447352660999928646853825521
1027948635724601034418142108878838994311927977459856553627127
1124948059287194368006865566772400867359129336118313173357544
89896633492457325399150283731706792916080158846189025489784
1134218849051313718731587346975415101459148979561301925029982
1108698538776385456231749434892635540463383223143916361170843
636749323095000993150558870713078426303299436539724931978175
192144604210369942682838398929880087637701139930180926018031
1536069525155768891686080728016748244485352918312923709419657
431823897593009640797815263197272616524199647921681307153423
1209379954454169703034326782822958298375194324296486503468890
1526138353593684659713900249701704758056646725228265186740328
1445207202015401115254919406588809593609017768038779844482773
218927137267347653067724273945853120449056209140986886677931
1258257735091953551105398986137557433267044372640768169261953
290054767491712863849633681850424720402793000627253919652236
845866041213450802506896646290383973013548122392415249951206
776002728935300436444358124136453007261312575620233078918408
248006642870793636492588876444782498128161007766139922124585
938711708015498397718022252073797965984363878311580026067695
1526614596338049687641148662851131337181145716490457867747983
1306668802756062334191500888439053409321018545770633546325244
661791433368802307442727665716523554553296510285696316063746
105443165964227109500717192388637198440182206974273750881031
1174780881756018606082095847283768017487615414979347234938295
343097706772151020822448307552947178905783955583996450320859
876981945898332476474332729552017412175938359111919959933016
457569141968842762848689880909178231275101617645812253739797
548006857395675330757288360508134443015146707079566164673478
694930925825739255632838441555263715279365670373905554158105
1510545607438267897258633519528036549047939280546391290643641
57003210268085868185655620207389442250874921452569428648403
549911706058550073722788301152615976566140236057636752863849
1252987712462577213339605213312688433127386189506017102219891
499509049087571578425525602702817187347153763838271590272486
1092664663664853849610753510958771312654271354026390187676350
775507775751546408541986823040191420124784516127059218065710
1507362217031147606050423361205591333864727203615670563538480
1450295332862724717923898809833794668352764923267513442287475
181814623312796062327186219230132931277114393069605487168250
1244338884390690486287676639747364942612988178430209202148272
81148681285856218484742439288228694545465928673109276501902
282695541546006463236071402214910407857742416156998603131371
331540669241701214523544021224382407782708981537391514475240
1421961359780769404462509567400648801350323833089258917440260
751918225137589565483393919569113637429580913106075134852952
226561718369110393922726727871212401222253044291761767039036
1423872710378020118786825815948202468508958913277031617017704
785333512337861916515567524528502677521433301064862861964994
224031270456381363751475487072662377216251129678745044120315
235830752312429849546380264888114228874119670681144671542306
1455952391557036385204367070784290293691925864817546214427335
434295249488783650872608540222199151210093472462271400237946
1338918645046572109275306845086402260773141057399699299992630
350341886627062622904700772053610300674336622205018719755919
472872309867073100349471131290326243101725212665840852973417
1503681971347114803750693860129437399861467046778181212770822
466711800490377414885101063019301884867702737824297029460988
402326763282007293283130410779583713528090099832029158722729
1013552888972654015409531034392206459693200053651851591556797
886801422061033310964781556505305936401677295667751213871279
423386331800108967151549650936494097286218617620046444543090
1012354169125586523474323081041248615441848957102442550774760
63420086587645724780976823664110644876852401308130358316730
1086471487172233088789749891657908784228952592118656600268300
240167342292858203831857525945801926408203599404847904788729
167785737417751997309598565001917715536421538212768742215044
1214546942817976688411841499476163495709636776613862405076831
1282200886944691669360594958764163014519157845845578399269652
415147273920233989553553202494856789914201934242986786232127
613963949021439088313107785659166724859126011453533630809081
1548474521768588325841892533060499739082148909938174003897376
1297484937391293798181958281352428564308292551260231520549469
297445325592755118576672961930110060148083216825333468983585
1500204890074880112481716162818779389830869292662141114335149
1494392351734971686418399700810677118833846395696262471678728
1088999587735902991054784106067781287580977551877825554465125
218410904961796734703719443458314927710532699168500950083673
1475097206079354405340631466728897542158097953108937331577055
417164515482889118556907598984565811559267734978763013001153
464846432287478785495533995526091790321790686652591416712843
720339811813907639121527612905981671028192631365355681788226
1202661507876968382510328555971251736653402466899660227986833
307393273322392180311653210171026245752135948263799403214548
871629635413112031584515481046775417074563407196494885312493
1194638132644411898383094767739343351998550837784970628716591
862703951718714237983938303168465358587145919829548715684004
694521891206964389158372081782517377379164271148909514285503
878120418321267647220746767500961089605523142571684622449812
79279412821072197585466978019584719940446743675519053617685
770788069017046800417108584519777657808511632575546695400969
1590760552567668341347948466569947743399857226737911787021009
656543587145215379392838982686541981572392466027496246336954
832442446701043839737547193858012616481196190496899198830430
402782957072484500407568125246015778656901064727868746970035
1380395335849976403270243370446866470001131692087684884684954
1572004611908879785111883141632591473610780482126375684322139
1389583911635383751364654196226496355873060865881547970990304
244803122745014979491026065873282980579056024675412595762189
942814920357223547795476332645127779189139927903604907183372
673792809739023472009581481905019001053192965277003736812616
352610511787763646457366427157381038073277152739170901285350
783532182810133810191133671994082398555497143377684074221100
1587485571524753874635338012957785684828576936051614970711756
1313513263242507647344505904073305223402681651295637320500525
946112565023471762564730952443158181177091615927485806218688
1025819927977030375613478788288883501711499589586012545496301
1359550540064318147682159048980587513334215439970058086377859
781340302514499833711814102654448274592946924847790563803450
455196363577182741220179948349222396109524442518237023477680
434976226996235633372787748518174501062795258168393026129467
1109412980886164949887808705504859677711147966290964843385468
885454716139278040361372465592739875207049581802910039278498
841977750325081985489741255798248972446761632417359326253468
57179787211669741158901201970010954469965460591789946197951
102380286867292085591554305104816524276762701944948382689669
730240188150521057501014308928386839289928380481917629032811
1327926220950165513069397722429483196016688451425230017447350
658137687486713140411433834535221743645597907722909535059617
1123035068933211113376259754146184448379658837468070784932553
1071791017247187910362218476895032776322022970394067301928860
752352959164721839554565844331126686957521412116902487278163
1115991038407926728680082777887880901818167737551097841259990
260297841727533527960124109589173712552817077622275748589942
574712796949883380964299386226915877116604197228084352135164
681927647621174173655933759545134568078713448302827163828709
1279539324748295986079888583649984639287109967582334185159570
1002605136191647893024686897982253291470178268696530368919835
1407417181224161270606159147147033671699482003174036453745937
661672462028711026546889707817703392504130044696316101049176
274238468436118574959308791249817206179449865392906045241503
1528653842468927402409133668145596350542363180835891200252087
1498105149099216104373224030199740429853971785976994255284187
105893278708333577668099425683644732733954302796984875964069
803215219958465947563915248568833549542017734258462630435504
367548386160822522598797286841701530582773318798528536581005
144505633245118946655427376855712998529418706781140603964977
1016869123358652120578112621894047223132657472506186197996826
1396076131705503738219021649628316783957709367548923177022469
1123659485898908338569167864186573449550560490322940430021604
837004580226207597331455359678675487498026799751092809095442
588718065770394419813230426840601057188633966256708284983619
880841054170311272269556012881680597310607711296381746556657
948898241089774656738388059590438145926381600241687456525759
827246327308702940755883212487768114335376793903880873873074
1443849738643092573280700723635712863347274940496409385784484
840983546253686915071718653231636381771079146278374066010422
263352675970671515962555932881863544878203252595636255158531
414319382547088916619142662832519879800797288656449277938558
618115629375344901613700541102390854391898422808733992508009
1151356011716387491541134856449745700311173295320378259809218
438125376819182687998581462452395448517901747331521770471590
216596146028172904015912834929467841802484863602350005156760
252397103544462618115026779276409088141767466274668573640354
563193941683281607155705859713585533009975303982545360752587
1022139295873378651623539937153761029500483658870045518854649
1505537301595119991381274501405667626675305297477845962128453
164467083139144776654376238743134710010454482523367885959298
800168188163711396354660802767265577010494425935613483776370
1125060797791814513698174906218901499113672301041239580948259
1554602103891447486471187644001960357323267151867133522630850
1191019737151403173365375592175425827247733690381164362543378
361628231397733436405098025923240728661059333814752778285215
1528806209432114993569631642272989399958146043934610749478928
606199797732456314728238235984138872850250755279830861246602
728051594838132262629503376724242940916342886203531729704535
668620573544359506374457498057183148592589549297006885338804
560527203730361196827675362414735182228416856008269410386755
680149214300423048735551007646239259828822769242307422245224
1116553150718995051293832442949553032034236815013822133573833
326054480826615293867680339651476211568605118265405171673425
841935507849500950293229215024213496631142476124255169770641
