3600
~
60
~
2
~
590613457438112318
957592528475831554
1141073749722527919
78692334629627549
795133065758018674
688893869618690061
470301420451386747
802268488796442440
752791070524343649
148215227037187865
637942796246573077
2451416292760952
656286519078632314
540106990091349536
669101215689124843
244841340955677781
724567413792293443
668210236759076982
368738282184954614
272861493533212812
951235157804232093
1072760382639387413
263551619224819244
841902057095188834
433280120640853559
882663491887298413
547716020068943002
546197531305021710
165032966399111383
794664979087083154
481835688709978900
389709392884412785
356950223160999396
540238125381187107
925168940907001474
346428340294712619
785870046861220212
302262823438657320
71944296835469989
1058184836555752283
937635252254226872
913024546551102956
931239889401287434
723594904429933500
51858574772372533
155360553630210239
1091076914903900984
308702376855604270
1049253120103745133
12508978241184955
1022875681524297727
990547739885770116
711803673107110022
288357491842725580
395035194191751736
935970762067222035
417465693317269422
882399801981367624
145837072832234418
746010706024083616
