3600
~
50
~
2
~
436554930809162
70692772136064
451357664847265
464488875244629
1119411915866414
144835191657061
352104251358253
804851349771532
551281037853993
580933153999147
1043068928174833
316787957647784
516328372342015
56646571935418
517052480050648
679465901132329
175978970395971
110026570356518
781266616045142
113071063831717
573964922981259
1087216646134142
187601608540841
638796460405645
343682241102343
425267772715365
505444276579730
158993913176743
852678514987062
126192073808449
531167767224077
299210820590797
1044092336791072
358462446676782
744505841530502
32147859128292
213970359991555
487220464238341
867105309162824
811381625015382
445371429992467
421566721951119
861663796027331
836206210422442
250391844468393
630145775915805
471454681095149
408997397335010
1056413421703308
952943220227175
