3600
~
500
~
2
~
748011288168718459773208618773466116688938682289412171769356581512432067618008268715599867524243763581874147485690317415214503836060116735551102454440
574995125862101608426432808947991030923376606698069384273546956392162064823869054521329321693906420299184804748382694856597039709974631574140400850027
514091128103315042003329945771612990306935767583128168259816434488241846590466646205260224240926105664203477201822569583647934157358279271766586495179
2419991030082451945941917531289637488575622794986380811918500501380212207710272007761422731232549027679371609906508154826465496150981506369146992735384
1928456343153125203543837805369955639363735555409338660048589921283440976044180098129354650504446180573927116827961735069570586979880377672504757621543
3063613383900441679810953525525052322608476116272089120641071700489207344344113206696025959568310434455224350145979074898579086199034136728260377263477
2461694391044329860394704807080785803519105465683865372804325315072307813438478680062977145945080350215391807254237342413959689141796961577484191653246
1443831440693391983044585109712613891890194432378142005369126876177319352608858933566499676304467132593424615244941414527368047226523094105202766019123
928679965839193968300469397108682146249600014072481090759475550896713966387204073027449120789918833732632883165588131070719985614215622838717769912001
2501419624155394681624799029591761297560544001773001082614960886991549481364288936833223280875628261862361947767701047144687537361137805155444104598801
2394583926005760479850591867168376575664672500725209109370040430705189431750259406723863793901850556895413230826094490852840174999432466813704790052326
3249884026687261850455692508357267043462474857010769927173512729269748998781427695426730916387878027811039069531647155879204373381654008254346002784846
1788714362418397585801869852426610964959522208726756049030704160160996917238366784285819996122314235974417436476311273812014420573173125784139645833645
1036793122814491525744859486811212496286754205100626906138377528704497849470287248948615915643022171303470049582924559224643689658197850676019483243164
1715867223401019410441642144571606962357949853917576785244559730576116597154850706917985424650273806649140738040731936862425539726948929195224804209335
366435615817433949773517404935553096193093596201697974696039546172822096134369797213059753563285962365422599195803437597152255650432662747747485508204
2489548929657137228207197267013888037913098570121058012186220767860297554581757754106702341900315426500101316610967632776580534166506161874042707789033
3163615476312531312104807031423997854739671546626363363808399405076003230220430123953447327685944119980059245204448480215857065571118983388301131143982
3220516576192883610949187679297563138954786838643188104329854466380798022556118661301980702497650999653337934544542204868750977616751058784462837813890
2747289788934524571228605876387394313195094921180791924026330671530515104568556375382176014991385364147798697182931200430670630120265628951081363449377
2319851601353043584577828513663995039769504570356391420016765053828997018634825211497031532611439951608128951899820773975223855699550346368408725350576
417261207101957730735155575940479960793277279719211543137321005330115544310666833515274216994279921809778264724120229520215568125803251802429589951935
1495976055029117759834974719525788857022372513387198968797254430978332333770782186674800846795553666022888973840791718803108214051719616425732720877696
252016008297085591393174503464407291906000308100535855048726847222379556143935778879744378273555564621814301047076679834700281378620289524382278102358
472061818718717402057538551719043613401886442068952787179542668686673786345447458884201800845198973817124616487787388864080568079903514405616113156865
2701207278471157206341237254480312411998143166304976519218551071227272341123127931665519606400753648312763976167975734376852121748586642362163854321261
1820168798564500311282953316487524992544383971049198615577148121549558956736160297280583158215250674678664902210486992682145201986700632148044567814482
1013543306688234952193992488526041920006808274287305754744786543357217773745073320474729582861955006656951704691003260792424598031891854239871868475451
2972184794748228566573649320668827770915486199180262441454859560198204491989741297938137684007188508488727175125291399493815737439612682258355844614088
2270437971038718220791219746108799343073251993137297012261593053620754180462474628974601354469749900256453546417093354458956729859900325786652426113196
2551447768475305414601256686243749124406113476248888600092925831325945856495481350011471298912508818553277262843754578840468572404568819997293970920524
831804222121228288616493242259711818178427293963223838003290550234796855716027607040413390913047540084865961625952692576382115146518170534616108546262
2568911030558624739714811308263828117912901043689758232369145740684087012374062116689295839183884993362692611335654206227028668905851301881651079206325
321408852838764124968439369498049229831029691686978466542471826269484908508218258765345452481585901110160649272826923270667401610849887539184894729695
775252987165058257192768660619908393174700556930918729978259199966775991711949697785043582648578033434249611934970137521550183233078776695750250555609
1818489467024740507023705473107377130882633969151875370546321874623068660183144031472048219796461567539976465929819790722777783667300250688925296726237
2676508781924141830488177270412197834108802218958496092264483206624008696511943420361391309202289627316573116550934100327225785825807739983254391207044
1274549855572176661813385550565976541297684774731924776675149935682602697794863915624669882226876102645333279919525669020334871557573039967365355197833
1270061886666446618262058171536728663796845426799034961049260091130895354354048023924643205651550859308457004182095474932348199929249532387748367305194
75880302041805221728563108941346602931293251903956645254054688898290090959982031830651937862039264135553416156354161577618354464097313743686406457905
2889757322724581076398482327089431535246188625170734873065914548994011514326030997462467051319444666711017001766609212130988565828517770807273145060678
2918560719560732334364805865047021491104976747061904624069865230647141552052476759751626137328688774652913134279537567159572755858066016952691815760971
1735450262688754931380865003561895917496950671755186010919662398235889881857394448004161496492430554601740184014281255907442399714982485688150594106816
134652900414775268301257088532594689053673649615548751886210296661072528382527078856210557459408109690869083097635302016194133350499465001782610571020
997368440994620486281526073177057790995561620067414475557705495191302164118121172131370900796532903337357711105299086711044843922811114901946408834988
1991111387123698977776363045718755250177784053700271501867323796384818829605752861568206729505543313110175708160505651736309159631611734837417432749790
1562876079184497477482191298969625715117599774722679841977617090068499525483286533560547757629699533002306580588125484905365727198195358889732348179640
3180548352404861520000429520905151076981841687100293694654182127694481543772053852320354491643798895147957352203589501395373626425397860982203827177733
331316377282119040636977978307970697469729709106692474325769883758798181528324160406912992324847296169953490577018153273115538259426463213902193799177
1488170622498115214822952415211598707420936981968983581607231054795038987369620353766021258028368520299523585273096184068315621136088013532176079638156
2211766234360089109802812910276536417807962985001174798812484382237977323590224093601523628922936912130294870361951278625502460880573543091127226551987
1699839612717278011736257482337816213193457040261146282922635362491930514656425909585969910038016824711743198134129051712076951416237168897905450691726
944866895959064787997705517850604214685030726945584529408728288008413282995493338936866162620320811375422272949390948705639334055159604760705897613364
243583698666126504844663413920599369382482823996778346222475054900963952223144823320681342972018861786869222989360631335269847539737660714577472585101
1752261540956578326129295042921339439116357809839950681104273435737131558321458796569716167298415985883428357441747363937724907711364697665050129557180
2738847546015389555345076593433733544086043136849143374974228495321378211262092558892867653020392573927210101809542409149794327157669717712136305776178
2758867584193210204594962233536138046039107430288466587822752631233441497347869813911222581386013811541060117418352192816503425974672316071004633788038
2927579308297483775798284438105854226475570339288413692223184167946042690519183888734589778512072736980938551883059193745668168189482642354699665097529
236555647929507559990952045404052785571554524787333090737672767384597277874399460699836791527672643509949996462253339206051055667801924654790076935708
2084098950349745605440683078820896142747853674527046144579182651553972751081600127660103487770852376289132915127554097406745342835978926799654761012811
1876629238996355521699015237047315832145155436302409311611125842717831665473554869302150807383411381187792822320884094888044184515660653000533692984301
3183304159684411000339500871370817532557197011803426739384599710525494474011403976596461070136264835125121860514211681338952185360381309159475872018247
1748063898245351905893081583848572592403055194074706756088345758829014599500502056355500815620672105616442858346064714003174726202234593817665093074410
816287742050464852518471069478966633816098672073873717888429071697196260233180061315678194884698162210110459814376828366703047796008182520713424319682
3111260148582171841491976973288148187232302806686199502193674130944467481061631750777748235920257563852827208379606676356641348318951715634798419989712
903067269919317555739158280348757277748647773134419260996551467760537064113507978807224276821669556865763834351757459205804634077391891751188499422450
755909100068072612756562398881643047129077897949640763847530826843206469096317472608907929593779675203085049835586568828422025385912633777612031669442
2972362019877778145377042267145981463033951886081171647667702968795369333469623771348400743857208131458871601998728052652864160488856162818634681210971
968894999095492254348361208833778726874232556709115302795300087142131510646549454426214196758070729575510872763821585945784088625408053791005321779865
2403521454542222124844452475298733213897354444405194961543846689569829581134944054384233938422222752433651865120246457772685968654818701494887224265727
512665495198219493044168214119715874515163435093968560864404903940929482920102485261624483865975233648271807889958695493346573254853568845281662482304
935245384699316535333372960061635751036228508046247576223961283966883318978422014960772915965839427493764648115926656572219806786887362240721249601114
1275501849138003042111389307139884803711595783576913122608450960456854522865623481794306350103795651415469159961472492242512896728765945032371289140660
1140994390929768033542804197201605161870962812880226707160985364376195325462866702421343235939460458218560088187058657553096009773958304093584661474692
3178202213656106439682053910139326631216013549000359629108089751514163360940163456588808370681643986177133711366299533062702078286688839485501314486272
1162242851561173458380198951413033365001496535094215317873648387358585431719004898991972842901370074338658640026016629841565411815309826232324105997698
378003431181037542152037371844097773077273256682201491861438157980409015954456259541534691162476179204074996988963689140500614259994651522548776093693
488560619560228392214808765480915788618148038973272237909337103543760914472536038428005969828131657556435025011917246149799185070655423255148749384375
564056125050333765847140034789688786274130941125177788904614808535232327015968088836109363703894458891685497936078427236139440054921791490300815527011
968673092114016028194861437811662717546728658080558475842273377116758100081201859348303876763659545182212644959262246010859898893003119297974849344960
987444938275748155634861295810922822293285105883083859438916953263828741163806311417630915276831528473835397541008672982683330217220483870193115701209
89767708010217893692139253601022860426772867459996809900104516665448719078936382712237558436767206450134680731277780152452913615784193249923775177441
754492101476482391336975711980726081467112706613337047385660287812359990249225235008621300441490448145554846099892102544706840157194551807656757159037
1631812078589218437197723338111409993296244273045665633662191234903272889838686262400449525069098464766614794667816624397586142426266330649097622452024
699041801779168535681108164261088897090204640781156966155718694472650951671378972786842149939599844158276503735313431322957385563169892800069134614736
457852328365129424404658191347363999755895754874942912908161935847351089140948119741148266201142514313694918743387827407374461354087269758677475203339
2690482170818811337284831081425261141494077940193797719727762516599990240085818633485383100659523948889749494311636276497753428602342063748403194935417
3242765063590824727905793277722444466538439665627610192604220088202449196030891765519063088737666851308903096079300639812465062165193229317845400156765
2438801408189280227591445525525468735205135695784405044080526247365224875945838178471004127895415975949798396762233380429299645828879696688830197382225
2913774753249523952202062183705900577009924709887849254117166998641560654567394074777409930470679808515047701486998527461191610975129202332662398466591
913674037613733737210540080698153719453305968426881351466876363594457871710027799177109960652741419685683574475697098949405534769249033875199569458514
572326586245517303979430444603972623743867109865298425809453740903082699520987533866744885708004631581141311677173847537044945800306112109639020095981
3083158088424437615395116637010129541152488380268685491723809415466380274821541065177600698556076432781197376851468051091755966940697881825838450690433
1297123515854079316425256555818382373490814903466708327406755749495005093964477923826270758489113739587960510941041896904808920431640250171513621208976
2600563083637349429532313980551899972731652833713352403649278245582078996089757449886334499995671873694399760419271133037969302780677159067483466131784
540100400302171903740402100886403028404020541547016691396355075106694883883606643906186046627584105168982737260228588548090575797369552613271133137728
3244769127065534167660597033447626749663310492789118250565408012218790713231348489379458449411263974603996139655003857628740151872920081638392497519123
2394456559423179114648585478715716402808578071214822681902134202034969934244760501005613709080988298288498544323026017139274027376018633838434312615474
2083149344081013377039157125908109005143843997046670870126766712711722480236599881260491409248861205953648418884937101424081653178610325146909100412329
2107107686960598260604322526429458001415446198217400651621318171812813836106323646826449805592520198253263532042276592908329636134730796269981563263228
1755495806492132123853976304844115046439702989992759117441671239356979476542391944014715854542152235215499338413527381176929351629320649286032889461838
936909907994538603731086136968382630870440699061900521684353058521661813803101683357471244382261191706374117376145553475204834905226633480702639225375
619347578667346561838424990753347053907401027505907345322659742274182046717236383782528421096267308187308092766767988626119393272580244335363642102787
536531010742422932098221173996297098586204975715454810750232344889306764282481528870910374886002418035080940290254747104353619736897688867611063550488
296234984378609318694241128566465659294483235546142143177621128083283972519396590075131318680466877173486936637933109200740056856903372649018328335458
2904913270791523409627510246170181717608206932183701025698586113210536572668750927610079832304755459375954719582405800190796395255042504103068257004946
2492266594182094409646289798655533025639681768728863142993160949450426458974980968686521661232596094947657576881009527119231421639573815092669517392865
2126395898360776685663706003526023215779327839422658549202884739223243204408689909193999471963929536279177813504084870262503408662379030489710318111444
911066412920395644464294885612989978381874424350398393259083541540429831858141535123623622551463730740989642394967337882372754014975182865080451311239
499094718670302857811046878200005501764204053858791852138561812697270563383104728774656805748731463909797070063253473983344637320685028165441662921354
1805293270940960122324378338797486572472046706168715955419854022057517548443951449492657279386133628599953995001644603018605974024664529827889768714243
2884509665611019223122621922559591409500021964565681870777250597641742922466159506672292010291868188705121782321342690443368013455942025128469546780685
2653739203706176517982072682754760174209819288190579257393073941292834865017924400238702412876486925641498020931314328874700115564830812627965607212577
2085303018799808852632871015894223341304698423035849996198567362046921715172118542257676075367020039816177592229569084707005597175744283875060016829026
2985554158795601927597220064828323330715229041687570842757634387055365732264797052280054706677953002119894080698344450959994996873434422976179784050128
907439890197071299699078847229024769736396118439537346211971245483904497847602225620907841600291633035008449327955553718321411860360332145849445077461
2463955927142827221932532131229876459699678988421411200507066011234698426733518949916313828365622035480122914400642754476699360409686450890083467736070
843578383862848182722513207358270255569187793600187973760052171337208415233984297996459683138102937296128141188023499511658884701634720014256087212955
61476714811464157000707031500132260254544419484496022059793890551394800849676197953263767734009592003153761339241881855602090393279099904895362593442
1270823109589074733105519316391245566596103609565997675912189852456192865537065861993489599244626941516256233450628993326919963006660029367416662440550
1234424395338708172293767898156273359748823438760840149553763759983084186127096029151741864645619491657132412842988634435384298510694498026988276957530
1636387470293439907084361737158022714777662734695124480172893348289071519275085183531751801703346917546980015227006096228589003549511452426409417720630
917887216265351100339361374475121740809867800241059948040764906867547878910426101725205465657692090432555793050146099313691297251209521686440889990664
2388253966861477361854912966762509742760239519855733080741064187670300519639781820208508632022558890702407670884875870915536429507542258876940614096668
1242859949289071022791177550899981851292157183249409129067891447550428106502335844528043063927259670775153673067044610580964297829496800354859154209008
1931457849366428625891880256849566717608375942709654272444079538358995988143752773279597435640466810855468184103631702015526945560067464346379834955525
969923282342868055991883175448881181706317715777139284418060179326185669500219986382792408248887367629072353433941378403241010155924053968983476463015
2713115182209739261148196781008743891006420201073324911282309502200062667983069014153588906486234537748720666186978948162611429983032686101142207611642
451951485024567340753430621404690897227811730575721454513770529955643029300729048594830661694698108212936996808814364902646994879442413658494766705078
697567419332966723875497837125631315789580130358333133952380895581843512742872340689073902071336966850342327231832680600319396863748600865079700568164
2974455000685039687546502586147727502721267604435027744061245891246126805936978963516654208086859231938382020675255868693585327784236038909709395526206
630745916130859810436421989168831014578965925663949156733645339351393097456969681767819934437086928862762828718864370221236264490260457721487562924320
1035335016994833207893754420488637556197319344531070448046818925737371903814492708188353210945491879943241898747229831041972139427360826199248416133244
727612642373795611187137036655585565506415545260534560150428847107639069553818138298647420522213182863654322005530946903261890508827408646261263366511
2364610436677455842532983129131316957465415460153468635255343577874308478460571569677081310455545040062607879341280547157204806368976612337991366450119
1129523773142915040586821262541042516229303025674812134932961452649486684575752978811823758726048660947732211158434934061167873363971539920160790276485
2881276797627783192751091440320924011807498368851621173890292558390416260117476317989287276197790762701109156813916686150115702890075233110422957216233
1359195752068710641696715268161786334251603807255516854438296123800306338274762132314045157591302640503667318369992601268775595160862711354521444010296
3239653795575933789377668729236040750412943831918744775713542827711603222058510520330460103277651794890425033902767294645006084014197029510020604962320
683869994162649557981046341043954746226896864647769991302619032886143835243539840483722854131296620661977381837122271790163248271691470724665640133585
1799190661808466992582589479281862306450354807486005262977715442777505970240508312672569140826247700224477959111836626256341579468188531338222545207141
440689778103699734647311405579562039325909077300892475914360758622084634040938435836142405320292927025663494273135724555849764986317588712345248209020
866686070151347948277653908634392384605326688504447013190891342818401993259307972661420404256266502568702636046889895994551862834785370512963753224978
3093954913957705248521252500146267216141634343747775876063948869888840958437640438740128474882720157602198760624119482888564492958105328388272136360893
2208582323512922860875724365039106656945543731139333127962930563704230418968959720556314889407120799582830123089629749324978708620721529722975813808601
1206564862899150144283969340991527621272323418378733125978608039711154461298170341634617605868570447007522488346600950595146103200735595614240610831474
684248439921465236269037498923841552739490777795285349275776804900111802350459574240548485893918075468330659157736319029317046912541746985828931813464
422730784930109111143750150980787622851322483977206288831286645710810447395701381465766261648064295503000800044246855490105667018120656683116195764457
1359322437220664005526861192847678699564523642103728569653615574339568071031230348702563772309937682008264557089056368655253873966270346043839377993627
2615799292515588237339325201875268289376420908114126680171331690839497727296635480312287861988201912015163666320846113907499954315539067448779112062510
196516142669019116462873642273261602223618993273614601950208115955445174402105421767973151835173051651781513266728063325462781897738092498779322268273
592545177432140599203144842809465269749260100410466575530177271524700392703719454903942460565906758905413313707664781549507234730639966487856573508183
918903370545168656131398319670722313010305771673905922327772993040173721784008160870465159803516076028721440776547908664109300815662549919357013041367
1024484888988571214249396587656010191350727984296558972145169936478227279887051351707802398760250258484089290939176531836569640732483174576909054332475
2183502274415177227924509634981763837923463271973117288685733454355403322402834102024628174939481657743581668798943445459513005450905162371804636322045
523423883422316045312489113085088660340653258872480995601757781105791748323205971353638440692160501208723843370791038722571467524163394609202623933347
1026139136426075770224844122664604660401391077374443425786789785443645472424495979276223117332985599995491259330521014581474847320030124537828690406238
1356001168071563799300229789485102916377150666199838534704182794393120486875563534628226453543630081899050366021762803098822882378938248022003446511406
2723967491197355034812484770288783016553012456824215478996217721312752380019571276385358555648244748536449499348102628655268359103834449199238592059102
1661645783590511263392333089734160256966266778827705987280174175880242185356230254725949522242487281487123211519489038104996606697560128925634758111250
2872508957192264015277215380722462200058027230330581223069993008532696760895710817383187457846644691481631512289552936208308661436495756847647005177941
1840508136128327019887408780808488723354031097615027533471523329703959640594532929593345338846124544121650071147007027581838450204778489173371946102255
1631316243501999340708073034821515101620022543412449337731808576891850418152084271834137445298878117431511294901699505378865635907340156134715005656863
2211024247476466166960880645725557118649136593205155665282789145648949365167028740940607193530833156079956687839950866829170663410887438940573215627868
2753969602463485772369324248639740520671992381483803769196971036053998704556821707680612386478742088613775492842329708275297066074594520525860381771897
119718850944477727026004558219642959938660051126790676151816559340654313882370805916666038634062801618949755213098951829088583990529546472197232789380
2477690102114829988019862801061691830838554172262539013504656518239591251551795846999565620486413424333631105443506058855810339258058914238399444853995
1806631025757495394436702996327146882838235224973020867321671178243660130791760621845505278579362582997172052204984877288654345512117707020381452674224
1458813852804155202259954661107203677262192593011667991022106363318259000667232626106633518302005402105928655900952876505491625281470934386208887043805
2583776578655101819577617376248112469941060479841651034931800131198279308962727933068670939671170824837887066518700216248724587155626710839936950448010
1875437823322523644564889251687482641101925582389377962345612079213972982597847996497467262691438575329155035830401899727993857682698002188405210010940
2665523363508462516509953099763415720979748403811873357837020960154772346548567602977064872686329074015312049038672771112246914347249870320196597042560
300877140401490557144327432730278943545653083254461494258746538119989843155678325440376659509027640501095742950399341345492516861496038944059431983612
2123930429025171174920555908129963563731783444796494652513364376732077578436817745214495666856176425067899260149431207393162353646268986801348834666749
1747091137395376164934057076902316349398044900855337894050378924434019295384099984929651200374939521722392692382157320590796551462665040543795509353341
2271454755434538367761658050764380744488607809955517770029545654627192851647736533778379000175388518802287692168130544221217124254250668174965919954322
1536930647706810106892416759543563020148526730062567752831389420534287405412387810861988695688046034380837657764615498352847901930792143033735789168631
2166515175498111959266180390534014451320579150685794858931784752544209793037098548546408370731451168337642827470742742454239857619919001048307574432348
2320776838254422190403862588133220342084641318483169547160021513357383452237586466391254551402083123141728040807965135416754549833887468291151829136499
337508642731790031345461475000885836322594378078417850642130096355528074087594793275409394770725199436745961569176627962270708265867364673691235099918
2387981389114479854324233870946742060581961562663040402818297205470864260903665870273366395752914509232090850676470049503063688708406928461714464297092
179146161854970451126255424178650869191366640313817782300042774020602759501185286747848241151188434594208388821761716155687745772467152218818943490714
1830793553219420000405091097712760822574598018306595507770252777522218594072601106733132915279609523395492754331719693664324004246405145403698591204831
2555013836516208373004073752833258668124445444978690968751730754263009382088185727630794769478375219442319806117932732569123758194305676867028487526353
108431061707751624976269538871094403125547853028537626666963577663468476894511959699475849622631850970378184593512295078167382810963401385858393162516
2020010204710320492865564452459953618704632998051072359001224513854178115974126468012946959198641079368763820444880094053088035344213249112845347815009
2361934570477721531273937587724844029173225205843125962811436461773008670015753228295680828804107401785699221495884623784261568944451366148903609205563
1339512286109951637708722705216586731378105508737620219152461744050546501128963229441400672689914704224286729772882993450269682643920807715414807089691
758936797747902143352776648877644585045296082363413307107070509004188788257740866682703082108769718337789433108997832163568853217918126911604012448739
2881538580351258293549382380496514709239537081814427697372321138148041705366058384909525204573210098627661627034612894859979814419661977439604841408144
2462828239610929364484086933180221662223749522703949065760137199849091956938446475791492322129379346028683627210709110493514058016455944727789110534566
2996242718645247392465032945234828808881817365759163213814370629237693951209767777272996071075166837580776238428666790429848153769153875336924772737095
2282512608796924170949088509736711482661162061489984175621378016749623690960984996312339779556901179767088300597041412982031523314176978483177146697918
3009845769053955654488157195722199427653405814714232321814932473605234645000384320873437685586565777276267011031286463270105732428500215336557214586641
1640446610785636560543087693256319111346892383218822870100124302825269517840062879689994662532293574869783941240526943121909896290530960385437008283353
2657893060674977156123235459687136019141919525970459097554590209267584838538724599662038646291546120892651159026779365900088954861375203798189680720796
762733243710780210950186444037778772644981942712556321555250045646072964687081258744602872510049944626430705841076983749834554096477277989260097873013
408103585499726342316699695622109648109442406298636987350319853587816078789005314281699902689755489724437775781384531266826430171298958514061935121042
1368322225972264404317969854131175318990026392523295196315007529917772823860892286507532219364435113500813145724726537033699287174306359474188001520022
3134682111679592544688006205296495731784951720422387681756738543859221341668123850998741391365087977361736019775483999334982838902860793124356578802938
419711241420836538272033578323359008386927327270547126579795165621240483694415896348903671101882921483264379772563524513046368019527517588982351343965
1945601057987663508423870885948132195895308053682596354650617439407592445433173181688480948813787489319263911510889512030298773287548167813426622353881
2355277953642297952064513198634683477192502043873015813235948452348231684317038036956621957705325725764456307055408797640897667661226680495256585922889
1237108805603587141201518173887717105860214661249178424987607803599026964172898860334425639048315649352748426308332913159324982137060881223774979713406
1458396681992185631751175340172048409195205501700449801366478746282885873321078813809935497448859972830809658045730425236157756755634104280807203726813
1848416768838302523953538756272281186286908111248334698470766585919071933246223325225672921623582262137795222355131891520718396533960967017379435677528
3173882059057358290600900161718846715859657641943595132152100376383965322438774811581177360544583450479122648135909947785864401548092594467297066572527
372163847186194293273447813890448022366413679686701844116276353198830936957243007845759388180785525529488061993076172746837517179548116404165769692741
151066498023205618644198907331108843179567028327700639199749277393962847477515782188172814282492810963690815247728930500033598067363253465492932616723
2620274926047108189828785259310132260628977282533351888152622672416148346553431010644498273822907840157527359051910556495137534448736488965289062621440
429355209004794033313379297303215837062158828317494401991620599571617521796854741534206357020137895156067091069380874445330508861833981021122989481919
624408059430319009055057939227142473646113223186647607879789588396733292014858005698804905496271220110544985238173256101857269487469525681757750301815
1545863263956590845824953085869613152779173542448575478654620189655696890515413204449538253692356560845191147858918204519298705690162281265691901140675
682693722835941653330694969827615919667915287496220609454116195083436109495466267105053016674306060622679396891491602690571879056894628633643580473607
1062995366750734560574543055025059523770948269938324184621335325762800089524434889263349944318190924044600876785674434996823959198588264557186384087271
996315625587498091698146583796453971168259035348347622993444270127053614501556924276984516976839643214994371703122800397730004170190382594217508988720
3102321500758984278518797928739157698959565390818706142131434748056801500942327481468511532174187582103535001829481068730310910705307962416717392791408
2292749066330626703580002993883492519406356405750465888297652810246648594978404190994900779994661205072623854215552922793128188928863825251845773079044
1898286010036546415588847685864794642022577139919321245563143211077775197682908207476215457283690438180178107980264935466845275393835231400191927026892
1702171754737747367979680032096133109122400920288069244457367007110051870721910989474952825764516165240695883079152524295963968506447479619115854869203
3096377088036935556631533964395198303329573244981588618683214772800434410528071658686802715142351024913391300370891325176854844164744816111561938572406
2063394130173798525098437005614516572170606653305132507425045969119078030690170157116828219123038783226415902490948508097843959888152460924088367105357
2719305316851460542581848881770265328211541345972460474189863371150476731573998426812858874014212943991273959147336166439830271145496792872955103525023
2955610965212366590262437498855376467241476781916967232495499552659217888544009045481642181895064233593681060590803821932614811345401667806973920863582
974714401404487613974332087789528599504903682339777728055713530143025532807498391181752085555210147760287930432923761256253063426595440534098594532024
1519680419792996590112426887572978382482304453001939838144521134434484916611644443982816212958587966481291049519490711638282032257844163393113869950300
141497347273343828887711777072431356583169615229753156971371916822462944545557915782849723294849735680047754928215592961492257278159797000324717284840
1760241654792393016018500623075098868237240987792265478514952004830449238649390468459379751188532871200656900001422879348150433068862096371325815028763
2146446522559639576608759210378716703468858901509460515580031913033584903714887600973343682910984562465175749716225241479206209749882905634036691634779
1205396586227543854244543927844821006725102794446543153086504473766279349895841512030544914667200890881458906954254542905704182195826171709306882865917
1008544854378015088340325882887866281245228706443210035011255802487545626608908315760332335837288017687186364340048177553835322622276612222042570236740
9435868827285016110657155691746207962554321004353730420967606080759799634200702259182008487947939659903476442483445361451997796578435743093620185561
2312221870716394328883483451102140810285232718840512724043307720039672373123775506889953267533778896230797191022182015056005965227455555909723533730821
2233964298501817813290388841682223534318740537069857927277909611904062381392148299884985012392757083851780564429995459388599191744731934645963541024085
2517206537580254011321218318364294873902969023862906974964371671677010749788632761103055271321775229865564392729805566438498702627340081530085608262618
2570010551045104963285109874014718736806421477942204829820282906228565660618790996787914226587065581931712284604692781424544557444471505319253611937763
210294713309445119489688956523933463894501038050405508215012363001705386554215705360570942995188057907788393203254418817369277975226932520497818250550
721135132647698387712738354587908439326581806987793685848777323569044248311312871726614489756318894190358614338280455583061753671091696487764012628040
407413384878694552166283621420870806292137926538691236258694597384368985456157457708490018641731031291102756879520441468488474254662535446281206835324
1971797831070391735786338181321951645515901169804858628518359159572703334495609762121539871506278116590129032040896170524351080448963530087730407840940
126289867027994260966952626549822816374121169159140345364105814249892839407020908579884663060353279401372052535604312507571674029879321066021422494357
2144758153759349301813709967929206976353891892935691027190996636780801180231294708959817334535271702802514945470606001405675823286541665844240827467395
518191855446078857231551194406613135669191663780417038940734763775383319329979012319772236441774270754575478311388792124625573363843882790065005164503
891332562540825379516459346723657638214438995373250846322238211621174246462548162168848520949394236981612161112917681522212645566955212268942228209148
2050263888395101323535128888389789501043146634687033615422300590303378216951342672729716588888580724927295424520607394624568830196427358587141947268430
2239011974941265362886765153818942137992044166453961008649008516650782020782528899722130070717022609697785178179782034972562598049319382742999579610499
713552153869200864997514021534417071529056560056385820658061253289031141739032576356953119085500787250748012708077421795140429707899762577042403321038
1953461371295604380921382555303541038050323819812415109258205296030541535863510978528443490405122820822459587724548033761369514032207947825640086994807
3211823433129357374456911453938119760638866385854443968272131070837026873705478436061082687951966917882389288202924246787766465510215932550205802612263
378228411160770887909283592647454425948379315102430329892793964312248251668706057613311462225912103432049837702941263124643785998335104516334246933591
775934564266397774628000086135510737168948028811833518478439403324375136758827220578508068672095977651470735126743247563891420033454993817524834001988
779126021411918883444140421043419682419570116948918765464180616766540237468315144960631024814250220260412909148092846332518278248137607560573847632180
2111066472349777639111456914722629075918500695087119292117655243546122988911080408899125047546421886003527958412856659832203726063952921271366486343802
2665948013108963639930473732459584694389809081106658704520781223772796406936451698220706203288596146247966610932793682976282537849829346813176097641293
1882409427741280099247044851265945921957711606091388562827670880609525599775138707235831440453996206846216054449651274013173071216928560013312325081547
2963487617788146367744476452700495483075589746137221446370189913966895573634571908351458693450002188780563406829587766100056492287411077091064328832888
684708817726745017907340704457636116233010689245308655174055965990484423482960706314842171535043932225814309053642863603635925511051056559523316995319
2149081287755766245658437284305599041294762436098609560829951364142758435623972770778846376307361472899481642193726838333841694124021359774051638630319
2683347261367760770145070638952065497421620982742663712083419856711217921458548795415177770026112237162052995073608176275417304514463548072162452131056
2263739871166470903239482187638618203242734992159324212504381273479091934509352994136072767449560954931729859942234180121173409180472086210194826141941
561839247185172415555075316554023370899338126308363374236321997127104409529704842432239639586917703951203207188411835019681288248284779200779829935470
624567993877696110064651189111513565829529220095127299443002982284655595825088747168456727942003064660815036892826432138265259352975038745165039118922
1897204445954284337574048241346696112895438969525999623895201875023813999258605724537790006720788620767331747215027192914141347171918050571911856376580
585839416341837762918249448808437407127113109159601963895359380519917072494780812987423454800119095066425441474757230577561786153990117095273723595025
3190957454496897445080837855899908251278043402095089300925622027797118525268550456561717248876497286332749489278680025482668878983357797322795374042762
1784785730059414571260978073246550506144077509367384761688720665508589436664022100050310988892146049207093300156464043587151170075074766536949566354643
793665388543861514296707458450930526585276661293080355301691915503113740511058215972911594633578591932963182191431328680206835452791616204386780735710
3185608370921737577207729138174195304927795721246284232236235852726572729678374310396404403966222961706353048736718154672547523551483775842747008449352
2570666996836507876175511274707591685151799459011314861402286387928064409592077134449777850438565287440198243130598109968557416932909561418487215385755
932447573726893587192240853395119885062110025850258751026308487417233824875258329208136195410444875973488849009542178583989504991809442131173291129681
3026727478141985045088829554860667712016699193536187743487912106410502361742817640550599602609465575825461015347516018603021504691554888933108108144088
308395539195424631307253219291378499198523221954134008779159252261338779252473317731412748395171328256579966262011504879903170847384128740259084141071
2149060399699756299955556396017173019531149340285552647929997777952626089166411520293744377293940813868033156015111815878551567852078977019056643986707
558989042551167999774819333154790714501730294860650286490255130419209058168573804907900531560756970866520504528858405804606242714337980741181479674236
1031231046059350592880438161491890556072995137556704756806747274323926905944712472054245932348892567454479667693140751075047970846357510917265865418293
2670881004229981183457507632663746411332420090490054523241253070331600035404384476647244424616506805044661908595140765597974286676672249243115824494796
1759616343107597035197164795062294318868781620674817202206611199357229239420833546765833076521480811218099003978070428049868397103403433299878933703160
2137020460291240784338154532560419086362327193429993764257896255997476232232499660114932272910513618196274272926026608055307893109457920943901926392895
540484392671736544145575020851668879038834223230410922768363004280347510975642756959363379673719237848907978882547925990241190739747725479807775272310
2929084948120051256113457326180330751133560131352272896348314092424494777539784914685173620980710619574078332962265673310151220784537963594243425039400
2102016381399713742802060780332447139090185431999348445566264734772146394230911609634743190726616972218143807823317958275847802602730222573973799359949
602724542368279596246850343587109230782082471242705769235856255623134379128813795544614363113107867478730410365436708712035352933105294385691289186479
310278302815259141512256140761362601576267997033797736881768293854657133705542128994571834566574610623643124300688395268783769803248832211741810552544
2948530568161266038494601529284468114401760512048649810631282895389287594554642338738720800494547183003216314317014281946009107874515161509068108471691
914504133322484931537923639430334354733917734797298454151729701223991931867347889603194429395254546177849246726531232027522156369397368342273302806778
1290371911636046676415413951057526998671972064577055883088720798668340984621971960557449032027383331973434161046434376834563123778480061672601305911745
464774439365346309164525979094100677319979349173434407862387312624798815998929597815708512165847764080152289453473229932583003705062460948372641723221
3259258138456163158730672016166720990788013376543282442273496928280972763090916595259672616596658288570693306139021593078657117856487867753087474348154
995515224507616096303713024038998866759196570853140077889666880488202249960308615456078058801051850543569311052178770090652481007250318719776432426230
890691528439922207562585968445552913933703416790743399174097044023970069937299745886392772384145517393815965032222506360657172713421884384791498173152
359259994484549456962742959419643215303174158356762667729812335637273056997590214848387101741119302302721648292121616816608527934154203609104232256446
94382739075999852426427872702230753623654353506690380594524903133583786080186930882892552082607247671730129663320470004542764290475333502908362496490
3026991204078881766499965303474747768263666104116325806026034019734624194923315108289985634120743172623998784442523603148164196660924599259302172929350
2345466027020249585235865848816567560061568079806877046280975106000043432476038577363396010362721150194249847531440913934046851909462335379918796295772
2294234605274704501046286303653341390794952728139079109130977814487624018782464723792920054242897126662009148654657333017250428057954775338489874652317
3212563288441509576886347583854788354702406517106153899710115880353810252026020461066887518011910524888811044320376558157499469341926138321284397678565
1146201482721359020837347688400847683677710815908537848140145527043589482738665760773779190330596162810650723371351255620186953911905289706962415467196
3262809981222622564639437440795068826954873053388403998804343954450652269273486805812296309069832522860965475996164704020546677995626277929496412298334
586816470655548529851398558611579543139307657907911299462935196014499344010804936119301827040531513106531534647585491175337679204583920549359363552816
1623051857112235724882183261761886065840404289842509680508915954221327845543515287973453715103984476183410431672297333058165972444974756380970891873320
43768551757614091283486821611566107272999673452172613147068605821309488834418546206416496758401413487054338121665130879596555459912816964793382676531
2016950718613045350606416470196110808017685887640387904177022257153429810601209231578314808756296346602965989635899341023854583506710287551895471221705
2758922040012935906951700529432535648269282461646677143588757291302191290934535973264606567873808200956524518434810730383921678840849410462858494659404
2205574229985173339005208277511997587534099017410586901102558267241967754380206378589845273464580272972079231539473207286257235365970545855352169447066
2353468791054678569247488747641892028875973105201633809091681703636634807730677889355473601412364218650307621926614337830174989055065164478100911654809
887149046264985810529434089551257937817907408828911628969278734963473996558358706369005344476501224419173843870242176817039085746201128038157058220186
393888736736342259846501923328703267674137146065937224735510541218643350159718226029779487549907256118723561640217602687299857146111345512334667222058
1602726986640463475106084217358497836854635071509942058541288476726423008759364176930503591972826930614549895071601169444675582609101579388299579742109
219494725629333813179052928706335088121374964080821207399784280156196368809446139689029660800076058921602248617220677078230128205403671114974086601068
161200539559437076872798666596196341759175840950991251607410612035155963102562182445809139354462154775545445740986746647119218354583790312973476844148
849688228495787660472079027940285598648773262317199362718886766801273505522283260194710369312239379856668568352294173374791136103008804237934266718670
3072764599071894253322088748055794604432083974220174617829625617877358759831476654335272680585924260379480091464743887948235465639251639679540747365045
795608890096111384534325332884028191915696712263042949675183849057540076412230713898480495710617784462109013016530066380857073872832986301425178818200
710571455481327478892065685744676664987650372098635764734152503581743689031182080863585580407264005566309160358006868141158604982074502353098617998607
2812415827791452441084975900439551619856431406583818785476257862427980756369704017302235473524526385596472209816131337697329824290630944984588762966728
1783197004852347633913515020434094561546987573804589163524329900058115237852801779913464162513061291718722433738192731589369464961074105292325475927111
670831398885570514515527312447027507764601570243857229478169160199130917500626864708185396845023376079876629755958116007946507267891574826732252786005
3044399180716049526057383585391659510241288380446085857577904202127892724661980423411419950971221352024217687886726322998574201922989109067592443371958
2094223198417214183504542436127767856176009991775935747139907514989005844448502161248419027944344653366473405664662819153410121520944783634811462762092
210893540936419554679547183197908521889092481882278750511099820379197437435948490775021047979370463727544065611799623546595902220517714306640795498632
180910790499201505462076750209792630617763237991864807943637428832948008080455824553110719847654833796921216771244482556929349810077778081896325983469
152683054997170624581749629303149561926929468683566270387776754820824680940639812788122334336216306617278174637181965445189446163644965486104132294690
1877343012641305096614372477249313401340254695547990681135749787239849940083083410737943711847449535768707552967769483113294231934231877643082035480628
2875985339443028387880419009917816140938356416050585747395416659329756287804633880671881215328300439991304315163118979031538472881392897111143473629314
2490612693787251598523983161237178092610966960040800966892384563500698785946523098000550856433213105488272511564736871856507179543379561032346140712551
501499563068635541495617821513317485034532161668738877012393047009106348782456539875830795231474694731348093944993604537397535210523088792456026690070
2126834840335291232990802922817713051172639197138439432882275371033662724347471985390556282509720215655300903860463515586625759238491519841112579082473
70302964322548007125879924591342861435720003039536709216203573259468074470108811383085133836580169655537395142778036971205943916905070718143496907821
3172246702810191632871730730822821176297423066703980525724626216293143029888834904531203680548431103093677406567544931259330627421060367412938621224207
2446791436185552430171116588460668693490992544054979880137268980840309083133442510248788958357858299992311164944961965113250108609343412131440400903430
1748171423243311727990750741837060395769761212199502612230504599698551203305632964651544005370291935736221348237330851008723280096218859386783116716828
2981199531828805453225672624924589151437653093328050935652991227466313496705295623555201522843221083573561017420172806809210854936799014499069805912884
2142882534197080258350993511218389738684730597770214731668809314839441326805541463411497887455088043942112610569508662790382932866673258955801660710049
975596810576757415239249597813494929736251444965348732165685868199542897462995250660160614009778197718039543275364278562645372733173844798559809001994
1247173356925553366642936057813834127615529713046613003922441897915418470457763912927686115797949600990807726774272713786605563467321953945455816673843
2078612629754501598426652609647368797374201816071845412351732690017148720629281031267844769775136593984848752223814947665113232343426457015768760044304
41791852983238919871463317497737654516558727600788497197365383562419913617376188968927723144566574843118088915145131907326957828103373565023215347996
465989481669412214621633299699349648696808416491808602993168447039971558580257395056527446690869728903625725565246516857787010376476114623597791852950
689058222458659376467355358293366282521443029005224406238462343284293240179616080193777819057558149274503308239415796471855897511129250659683982344299
873769395779474239173447536573774859667556156024892489660963201732074498038176440878714779383990079842650598995209613074199184679846480127992567693429
243745238390738426045098812396581217474571393772259234137479142139916672355450743749163221157795188033156606070901004656189019260124830300561903302892
2968835292136581423458486489746121865341341810285887796521632565910131069128385558043199608739105842080990924169610567862492204860497935118838883112280
1665468293771139275257957878829397318745885719359997580073804087623899882262729511247159954639627679887194755082594689750501687106233793752759159992247
1459683503486249858089962610423926907736381003131106633068475795699951294791226099917329847162619167916060431290284128388390589925235347279771769253320
1794648865145504709556213588867759300769523013652074531540472359319134263653775826554602379088880553666296565283945921552879496414888682870358912392712
2896239210565657716139248986484288203723037368729090506182359963287597089229658540568283076607099105957029508821553529020123195081459498591884896556825
1725931324222159220116691203178314588291773809516518340946878214908855855780861512288153334682255354529152650580728979855394921086857295785016929336642
795592652859088717549752684755095004675970367078241637700762286187505526225841270779838751062137887005355398046201815345128667759421631572834936865672
3238811593572483905627088580284702080492399893683424360233854504478351809491909917989912607453175751273894535304532097011040234738971922344293118660602
181024118801189493764657384505425739734010944273077566615334296326147856854569427022944496101244359640608830997821913089461791040101943675277957057642
200984703524563085747033345312716416563590087918614972865437193467513013115824197688855049426837266321666995607154160007661036361157785728364663295102
468815474502390898986202911430055299710822904897881125120163558005087725456172781275336776366087781831126629673858137420683656307327668366577252585295
1822822757115136733689337621299200441397263006953689118513888836942911008365403485162265352067942839746641174590327980502932660684678904217330868435474
1818203017297232574721585069902878851059861491673123752291228514149365393966116191349004578792656002699441889850087970859414483856356464021488293446007
2504663335596561507546720293501897193580900411678804070258067481071514332504942727666629807858896411391676980716515103083813550081984871796688449961304
1594745549543397824443558395209228090654084738723839967372820172412177096849508324441585323919052605401672591017995196141124986809726724035723914789960
2144656964757197144237102932728641380402605816304014095873480168697994222864956196939857471616925779523560431790029752867952195023385181574486335391750
3184963795703719528227931434319116447703753669603110203827913660783874886897306590470612582851113981360747219947494803644460790416574385800644040476018
842139818592264809945292535883796240070079272167483358168805035189045101461798296900072947603001627321451635584447465570457017326501171165953383605935
2855537599210691018182076701045916384880746336782730281826599697103508375248957722773418323805540332394146298104528695809481773272505449577635584250618
1290500107593055969393162767387843043043145156555149384320729510283899449250505145123526010335656902012135613047729864509910665687148613780132171633484
1470803069103510363737304561335391098516630224522258556665881933668462183785022291681669425573848681690994476851045426114459537860266627225433781485461
1876905853048894860819490182282293943026399441483162511168776066263333570305663928728820978932373136575173513628075116581810406281655659438318741267136
550135363786970845967527526618169690124718303299667401308533960487573148849047491261833514885203819376471864454685866199691234306881250372947394668531
1562444242347592782596439465244882075363690954898425347523925841859620745650941143756004881038427058897481049615778119430281347459156970357151851712947
973002406531173913175351288449747277333930069295332101564765331935587453405917957000912435814614455047149126343992603076559802118706747137622078478680
532979155031703280844828353526499884238181146702566315915949571870536971002119315312757430202107551181787472332408882011656763719302801625107632591183
2426821088740806074669293039927240213838545240885957277759213854148939390494141165530627927059315703421309393593330043438465531899400288382181262506884
2995821328389754096111147530389856330776086073544569855795010863878039760527422432132600459052188295666933080302527677993514512574901670169734110152214
660894105934538835798978110322561457797187665340630990131413908780104585863111173883053676210865089322938028710658902794045733173593916377051385526782
402058237036398322891074582828425273612808400615007166491042651342248179591247837417647590973661341572910995609570938395885874836882967497533613624522
236414817765852416262884561251477162194357989461153319410519506870281173223467975391399859583811996381528964624766772556217465449771752588034907739725
1707320512709911981613015644703445857940223789754339788863732857457213442311324118145491778528566951584842504572709483297806512617240969313159916957622
1367085745398283037061097496107806457783604667787324161501226517452222456450616314941898047043573533159640554256413200249893138019930665159419049090236
3124345418937036800974810040770952547663464780000730007731794892733411058349191448393037357036778640313618335808525641083267141066113198567210877996773
2274296635132023004916018618993041959420329725028067232929161421807178334557478092635365240436146887195023679940551448806991648651977317531331076149974
2316176880331552026869135589839447204839141811718017894550515115669011831687290875215203848570436888668192038126316469721097155489001269135859141853169
2577583810578084620479988256073567281475007728760281566625789347423963115151055456603879687485254396185888463024968097758443872028659793987214416053922
1151116424823759393648697472090560894682286351499281132659229270577810363614546640927441596965226303495622261056987895654019136991310594248338263351707
766343427087392960912385375788809230188974502886852548287455095931979421750710940953806715049828485614451898607351400127898417538444821876324404895425
386294213494798714982491462841017549008540986820772633682398436094878520992335680130700400654700032891000296458574030256706287200123088983015100369711
2526302913384680158766681581179970177835550234337420995923475979855324841548375990618557999315950030634488354674201233521522253675903742671640605952180
2539264093553493718990214518048509839297637622168594686107146444568483286679948625100126308155250908231769995216634700744049316905283995365692244676127
2854480757791651039802108614277074630255229056550909138453230886286852550863251834300487415433989356103999055667739489634609498127275150548177900059591
3073182808146981227632421638824921605515954016442391298522334384289560668943755659160260819860884940946144271044341720244312701554492453465278863855897
36284799242306345239694102523100581476790000913686226666318609312294557672435646845407236079395877042548384736092927028494410832852773781180987489643
1563028920375786426770263346289862985056658779043895186834778209549067582166088516202940562555384614289921389198669563983276303355156702834562282938727
1271986478294832544112883415693104454369655878212349913108608181648408203273153043487014707925862269540047155367103794885917835347929621789265147564667
2039377393516648944513827821560495587602941246458274872258366688312337276347850446182032143027364718480017693235231430744431003042540619994348774510563
447641979189933831951799266504667260112032893603533753303819747927089788221453949311840671718291098076776210272870655207276647299423468555064240848280
122280289417902139621973615500376062381418533261646275605874352405461318288644799468738701032984275936673540651861335170132311260454779964331907192980
613638895621440145063579078404767711143234335734800621613546657272980358354727260205157328432364528178955140507149031494204577450068286260391160888844
1201072915368539138665642141250126454650784671398100243807801891966110728056306581535892045496610292778730608443402487489403545997530282426356616423074
1462597714532024539194598487376926242684138087547547211394621679442225063347140935122772479471691812698398196580797821993043053959350846638004990085940
1249998380097193286522643923128255236455461680246755218112497307964602407578191276010550951087363836916222160649040348017679224370458463103226848022502
381497299782455700061863196679563279136503265741513518609438962355577671681148901471292453262254049121654714984109281447819071790183205575670518670262
482148090034051650604470018024287314527418390789030792252853310483320674501809473769782514639803041091351449637146354380188052771387632503903257262851
331704126679711596113829812339647935923807938146337374941670525399783182590206211216946590786845283376226906281018054988169444663970742646858758936883
1268886818453910373307703394407422831872573569851832394669560594126577671098146589353499787748945821436811115536320869577623480794711346843091594884166
2316347570126839566499369276142028866553692554702434806234360809489014988873983847155334476445524668415095650236081692217423774369567602251235049571795
3055525889280619140779240655966556033351791040353440019580021713028449739513354779493141306175952788160240961869932627643591008466631414316180783700494
423919035912951592135696904457730843933967271999428903402717738179947332166203403225205812014299690429007798119772124640167831867253942794438804355752
1988146426217427145466542834068572378154374047620863911994439077395710386192500942558058963378343324399471836135108688435795085807732071683843833591637
441319757270711323750283897832969409713291154918868686287895690672945205053261908471160206116058184522993288522639940172702834735218058929863628486888
3245819792707656676791379069849042258774815469050798860631593870973675120017343689291236063543058323146287778176826281135529820952571269293083692459091
1063363427590927878953699246750794582136602810995737082156683037082193201021357603522306461085926481323494810486029563053679758702490427896405567375597
3138104341394702078673836549256652110432104506071495656372993264270477634105200022571291631541818788290690848244734150154625819550225792520864317839165
1542672205958566339557065444504086267885947140409326099841731256753815334168144822110763977769092113727804560075767805504829763170194695526865409300805
765799715701473236963259792190627174309595525193771728263835219878953502166862986371546052596335071332107909974588446604928056145621413701448573578956
3230046750126456802738592811690776243884457653078698427057904287405114336036854800016898290344655313766999504614842497387597617763253064216074043626156
490745087917320127668516063593697258495857976163072370332230300999821379280340603371888057688921515447547760619062081273467626649796059717349875233974
1959818208996486969284140893504366972668583503570743673765325361680581061199294888165452606485684853092599318460712167983636881796030676184406431551718
1115973628584385105873759175059924546164005692706154951713741604053174863661190238449529149231037640310902707936563194708361731852418283201852335719503
2751478859730255957589072627583235769819415705187521059981469374207112074198417594388244696005299348360270220526700932595888083625243002787239503431231
1152340752664601423624525790825498290452559264119485700326025463169332522703567785057272455502614849407128591471900732954474399149472172575765452231937
1361530716637731352056476745319247726106353135961801435534667611177064899667497623521177956812783317922238264594356860765101142503456528221092868789613
2478349473243553099462749722022846420262461608882194423951317262200094700598060628227453213240781180138309822111473224154038656563390736160049935600812
79531294584279581534406714536263298620398379189508726861443160222307521255326519112202277428823523693431508972823066254761336505763911784359257383173
2440069488313544857137498339991513917355787352185122998119720097313873007229759061117451739450484066390438111488162452689144480505609604144503528675923
2505050395489061049787715951352046917985406025887902370128066723014259003948054796452562519053325953710627455409130856650307242075866841239132888481620
2333168378910264992950910695103299009076530583194607095651910636578943653222973558080191040899830286271248963863274587953616289437397993715040363752774
1621899650473299865507001082122342185161992710528536617709002218251883155873371286015579079418879434355954627940279382060266706455123262372484009002753
60129522288146958598280769982701182137055053597701508925169750200872916856648880412936878237946570343907489926023483862950378077750854606051670937437
1433274326550532892877131848550230078181503317294548613319961525139445700902758283151724435881361198588563846929339684679094035733784176260222181795532
3053714984356591100508263563905048989952849432603957838252725628292123848176729822557761901073511215509039021347977688889130993958847823026957379970907
1377888929882406917079598335671188071860566822637571742545239319638870557233294436831341724200145793625935325128691759208751435934771221168324528758287
1971912300765747883700747290571157192193837575907338249101264012131368431722365820760078602393196342735821469288538962068468736533313108270733021684640
1873149138466892712985873400312024644789501395829409072171418667899863976208107374843702498561151838909831251599527432930922985412555985363305300381756
572772337999734977486996675051417058127302788708658612028976901588539480004066497165656191868870303097160018346462191246964250516535317804891387122742
2252672698158182035467904751127334386130529820060264892014083435842064711340705575499486792113115734560516765561759055746066357427354837993523781033409
1885046793544564437227602986604178172185491079404169938672598907962864263975523779385862497544923184016787015685358248232337898489885419574972131830921
667008450364702646975846844088430622660780326299289623671458932813936752306130985921816608968194439828339819628392184860363777943510092792413376615738
1395027335361806539920987556726902703793094224000643513342012986564267420149240888243571611874683971005462271546139966327359609328886493033231783497332
120058873270159281906174498582204941264497813483261675245471920623038817509851352213718172504321786508679388787989289874070564432459869924312262713908
980770657796285548041857767102293468200362759855230943473729270214199132546585625551588457620014715193322346362315698704699236076992736687955999644891
1226997604130727201617177067627444475626884930120540905098114360182270933714851440877311160111041250647925358725039611026887042232241343715146990583880
736669098978180072982704125679176765483387769319240937008776561278978406538600340120731006608359050252807905564410361269183932638765831710903181158684
2679899934543160348894680837452639517126628489526348626006666986995598099398608232579021073992124151537236383617582359349235610656415130829356750979345
416793803330552159462327190748268672202823919797543351529418170709508908880538741282885939179279228301418118697523239514974602297513343037300005314596
1001861134152799871601652841454340004671470072959723205725267183863509603455877470924791497910112078705965918603099019279902355366421067758394298835826
1134795500351623258024195512217704642815942833678050942353542602276134159742196118132233378491959133808751537576853425242711565328589515867751744618617
2546597293828785978463150400547069663350570985137995315667228360064717401500208510581225721622579003553385459135594163700060118103412897466391811339503
423604213710260356704637450631537116200034329855699184651537013460668214564938214211358442279927498262338876981836178939249274443691646510811983889005
2559535767865026780236937134484648618429228373820426529745683935731966426475266568636274415766067734911904897360006634135772333368611359658568403018816
2430617458552560353163757325782299719612113732634527927235453066298389279789010027516776661178914827782639782988366863702093836978619407986615933450891
2695235582168443833480639671340166025504793207917151614228024315921660808599301866674502257360661334984788989387012507985461675363455837526849604715928
3200405428326050941659720066026216742259474210422678413456320750015153502142658840682124453985586559653231482342627394791329615015316028244778107430684
1052006533221429392119351201094153447018633109730173579758419187283863617616175325165521452104975638855235287006255886770423995162758771323534625844721
553284483181667417202766845847596874291528281792598582658017185706324759324916336210487809255364781756899052331535013540488691357857098011481233417227
1686300460712094853998068462522308633765635129567875133527626288921017888514806678139603755439316933851357289780409628224183864496589711273191260506355
459367115488076038661826952883825171496296815627125208372231995743083713865671255684978740029361798937103072823023264820266813196497002339656315553604
1483686697287448108839883394915151585352775463166250759526763304047454283780323998846640277904546479518729419527685569156055645043019948245165359167696
2162507140505409192823793560172774601454625718562621730806771569177254878783886028454901845029656331938578887765035425890062610714579852872342708102493
2933826545602435919928278848574016544028760414932885605876771474426152278053746659320255978015001231239029745324640356528056081221497891929277969434939
3253957504770071852494242356009892999410115166002653446635629000903730710596444383663705037516043499846940716184322557659997251571614679157694533831933
396807440452003938911402628509936260071081032683633192950655945161542373732216393789015006282237553381885243176089821523079138062244891509143510274286
1911583156670194160218473080287619893296757025718049083729231264477768010139839547215143041141458618754933631757784776650602940877124046259390302852194
2135983981593010688080604584502831788952826195254726751596922623441040447534418665492347112153908598284268008432354880430666288393301648812254005898499
3260177341282173265535628453732166699152001017444863779388167624170383309934304648718850734179825553402748316705431474379033602030015666462356242346524
736129828193399231155439517435999568089493086230046673865382194685333127050989338209050313771292788177991687831471940742063822852715264695387304655133
501433937123613109976150196792936233917814643263145245813200100440329812755582384675398465477574831412890781128762492393159839902752103522211160100123
3196592851299650478744734986659954772807666916650529866225041241781227300202191377888275969557816468012143564582009350641577733056228424666499332532917
845181308398163265866968509665487619498733953564424448176259770809876534305255973093971479480910247737617959329539299406114265300452658222827071388822
57271544332272163609174167843780478944621978722621177968279546111292782274475024324020231165972642802833909578816235839329117736595302408469905086426
2622746841950220489743719594921334224861191793133137279086493195994055900403082448424663340263206583603223060158397403846659205158353987877099666806962
1635482259515555372082101642888286558223332261716436989392119739416277675827320787407579833162171170002194355104572679760113716751681549983718542830756
360743970929948043834239299803088397116949041598354204849904734060536724720753961058589845085762095762454950576687334370845754203719119067612470529531
808386400373144038282337603110563334905285193997202339826124055022889016114726242505487411235023553007838558300968111543045862715739092760209045242125
1497280677323335602038537153277851401182878198669570509900708210445441252162324117968928926161482714435504674815966118585795938648140140727010596902859
3229813983230836352167899010437527283568362731616093922007279708801694373456015565816232303124434656041701623644573907147238198709965081545062412061629
2893206863185969543874536735880284405440931763002286506925613111521485388894366049296765856772810499060446192664217124799787174292863979617432407931777
126719918373610136377141728051182819040822018189477797712809754861629654993610181659912344479417912744085978641615595092153857662088175699900665890409
2702284910731049467113019510861688900684594282780209396900343663099842240280604744598834237223554574847562786052902701229195370825825690826885689844510
2232883388640260558970407538278986888633188274445974546728561621885428576714395802379133125897577041918883584584920359046668746029712642922258326422495
1678191498899064000912863472262383744819821768785616604418341943988006886345929052000793383878124681862964226913279506553053699953573876187759319039864
735461180393276252937235820749844776900196721955073381666289453975236856045408173752224258821762520943308073558240761859985058617650306606181030944627
3176770842865286967847164944013483991981722134721114550658438304314073815855101604904577419061137866037342015053283707415040208062916669536217161936289
2060245680148265017374227850148458731942050777307627584679209996574055118073570071896073482211741501310126827570192445918409343981535479252740807053741
648998069004101068343291801030830950482904440305860733567149357975131932022531877443183565914012937895609670343609193025064023243377005054218719803593
404924783158414217179228834693992308894124677652720934487305824113769686646735707522614301997209083112139960279492882855483704110437346023678078949302
2121733364280769591561061261379321637796877896976508648364856302183384244995767342448908404601601740122487637639456492713023072075159481891493120844239
940116216001762630358905235057563014034191821346753261640487394351536129174672649175562092715540122846114366388608047890191527910009784796570637616264
2842486683286502723660003278586226336555641963758636260687320681023062664048825404951028748784064172556401639878682498782986278975768016665344544648319
182680885709121445665515203864869321745110225378358444006994161496169041703518865177186046742076974929854929102843243051197195208411423639180301831144
2312277425081175115781410429016656782971965926717568227196469269630744258952162381717122837039702985863592216845872092361385634613013286097816803150649
2774316156383654949841594688137359572916174383075368348710396400821126799719667575220603211938435996901162957986308588298158606108514227082344727559559
70252637429393960023431473460224355974711157301832139794893784114544578039031676950635585171277491815792460885768632005881484605819736199224286708972
950578303367307551802003430879789350674655829271853223439334589686419232922511684370571172080160298270909252440936668270450850786203458311540004326723
786849009508572417221469279697853641402477497126539709452443651302894755773301779439713237012612566205094923393764398641347927811484478880758470131424
2898930744784468022416484588230988286713258969372617201178520184176402101033949125776988878976327127484305809702110564426562115954352513944268250336421
747539405749431498162350417841306958686598574888400736227461651046647553873626158600426896946148190340640030924837733833645437302909192742333963049286
689286255804022343399784824078326974910447455532734736519392644988502781433739558132210068562268808441808205519248523678829441356947050692008379200712
1861057382825825647071115259608189282727822888225153360048023271451194390336330615066240619678729688626469021153027538826658729314570102553412381792287
2723960856300418853715630435138210533164331878269419776321583314643756551939166491269037388451709000626551315772709881130514251967938000742593871271071
1950313715657128147304794731682969441840970599250069109259863864639647418983569318600771349679780683585371760095884004910168578338718826135296044078280
298063193582851328456123131600560101598230666163345449427434193222676141363427705053340183390424781947270201470641469716278398747088610199630426752652
832810039203847921226703980539869953417055129186225015888390390435580824584391671141755976184921970212963434468621115795377563182444505542517727893498
74602020238873232952438538120346143800949048418048138178701463731743364429717250888782655853664064355232913633191876389093965323921298532005899782272
2103693629579582567249470414847596001401247145221859304134812107619592568860828002407861614474483551988665604507425067024038979539344242835513414985687
2791126127973295180843069625696533716726918046457900978227293722188986144083029970866988124968626937425107398290762620540259388748493406305296001944
