3600
~
300
~
2
~
1903805347781234604901315153964631246952145589844436982977289493546925176158638976557312604
1264819341903213008994824876196979517091495058138487670897973448546635906530739065892723862
1140867197974574197801918019917620591570258120917772389082868322376854760092797506998196033
656290652540764739367138840600669906489703827122536226039462424922751680195067476972422163
1192344311485241376956869119067405993107122064681708865007609845368636163845093944623439998
1335594531568283428972681166379329756233091971606954052788974000552595604911423092135674006
116279169579879991256436588963689987558340153656993678525898058222424853743386166182762245
1514000857056689325078904228156718868796065931971740858213177032716191301015125388671978760
795078578197550255519784821690177280189062242062870044174088857512547061022993441207256340
1483435280456583127746346378320476928847519105015349091631555348577982426492389429610142275
120348105007633267132333345483739130373918407711351911505678203192228509629411244408486407
2032960899109886964156874207524575539419757273721555207358344824234656979926558627458704755
388695371047681389721110368866814268117553514049187238564830510209662378549337896889158099
190171885231373208912884457112894165611737667002137310608364834088384502059043774565611219
779130649046669891046145563374980796328255208757535300779641213774460418865959613730878059
1946110734794867175509976806903183474451491216201711833904503325419520598610053343199656157
1813426283705448034286162846855776942880969287056114404695865901763113967251604401817365094
1929811705640362867329314552618586018179239170108742275641164854118916516211013609790361363
69004908578418682448241038556273995355071118909384044046762556862976482184237786348254415
1654172884086606776513327681845479046133140745809721371000238023638129730399473011586508367
1630000545454099917292283339939162964798199905504760984113813603699893700236976781407735229
573586398799560828918559901377862616991121101649844362134863156417890152621373236150582300
695255475426896447401837243576627042973137099519474025140290766983676907442205478076148005
1665513773996129117035095641590513644552554518320382108178445404202017992742235966953680842
1833402870915179844566533490730787422588247584110417140505239930294692453563266981175481376
1367950080218854362315771750886834366596811013999640821718121002935219491582671131535300299
240636536456567180429234825177875922332882559821665105817284271968940947843101852053537377
1757047407093574441806982001975575772680150655392170696229734287828229300581351357256951165
713131236859997272075781898488134254189143934810842846540477136442796985023872812209774371
1834067343661322693883772689785228059613816863750297621214208316868108385267533113760101056
126100215795839531678970235754198890268117431225039167167833856812616363723127923773174757
869364785764583575996854201084779155641834845614561367127210976431817333363641481100383738
1168139979158604916440924667279209916261344308360545750321314438172390120018271571702780195
33732296403480004194273852532396971207643259082334103322659434610961079531157080634294846
970866693993337019604731870949618395719211960349110853740769095263324356958718672576083335
1350162542367295642344726517217676370318999434114657503836741391337856012696970589979927539
1952170512078467122608195180804783991683379405387672577015906453080692628661199773094218254
9015272127176918958286184788420506321416663142417659241080895008316695114804907555882904
711320192928185244300539799864355424417354517128351035023515570287591547365723930519069950
1953519393360340155919461856862476784196676941755848698082938475156698124334356310426629584
1394461997132602880934822796934168045605728300662080972617400624292719597891580217163042754
1966802071802240333647080754996293389704956328522385040197436191309054771136742551332690651
1398313180594875516347195845944513224154823748128767444530625598778300010105685356716505184
1019918536078432805970338655008546133551608446806198796512688276028018021674827620549194129
1357318932103866920107980635992288011238029473369182884497569355782138811183123027914570160
1065137180553179156472977673030893137403787214849602005731532812877755803234641961755188628
1027723124982645838451053002088734677529104340678140854986820476817128011628907268903692833
1308728202402728372628347600821726104420354213085061710367886716810067550253337780578647736
409354069238720366044461085326483399175751413755941379211779499621805361016653151549003511
1305570081587988545290995775667626690741847495908831375501182098737729866958129572067441567
1847952608288349782579328084893064646839894097244793859379183263614482048430289886992724809
110559192745087568065673544612646334914846025856531594377669996172626111206781866079237099
79267166067998955332136287111761560733975903878071570663655180785469899322993497338291029
1513806627697692245310048825030357872635057184547746988492485708844252297493013977489411841
1029373826990700485638264563523977701016746077901585779901338722149403436863757949153858552
870502279963794409048387390197129691302942739648582094370817492742834108212509542615506938
434548854073616184975650388981033185932963860997930037452139407036519517807833063542414728
918306357720938657704215463834412388400611977835340326891512506903440530232940410380582596
1808127397965669811791768447569186445353078929471790250510781848557871912334923133135164458
362450895354611828444959906936460806760458342323602038610615574293902360348710312849469955
1863032210956340346231728951017854919151005488654723929504647694711191575003598732723309816
787931740803379530845121003111542216074126775783562279907857125324699673625204963983375520
873076777676116635976221266270581583140249384332200892651798028644381828831302514698155153
2340191808783816738251800183153558393451131533944474337054367592583237735845812565721879
943685735691467429654110651017849266970656527536306899249674044888218840666381259701312279
1436629798850580019653991908227753222762383124373944871556121724710804834806616855933876848
1109724779859840304794688968349776839992224862744387356965953217319549136987771661151800285
3534955027747698489277805477256876890844695206560267867600678670653527171235026773023635
642118817997599495835694146984255397537173705526192444318679227691730188131816695726061843
1681411289425588870839919788756805022639219111420275891762501431336100045472966335749793014
515210897934498901727423692101133606840825024325247717451514236310738562972213819982193557
379958202107057952670629724544146664350048511698053314047762343780229916531679842099198826
56922591425174995054353416425713361077568959576893735784952995323003524708632204044669939
855085469174152044767156649900208032541036472119866487875804482853489635996876654206948708
1525455259443217097618013227611728787723863746710325595053768885586951614268124054626299676
1848847618467839711744439620592059611907572365967118888469434678772271768897377373524503642
1102621667056187902269854861509685069253530159954304211617971050518084821342780823115207685
1694872217034139672162440430805172327008591003997541802238213358106287755438333563853370791
1581024007036179075856517732826495209186856768450846926822735143246051649855613996373612092
1759846909224649946010933241325560897364594765729445148470413523932859065474704790395832068
1743229476790655499483619383818437116566589182212607875631967539894938112141762995632499599
1160344875894268565865024875355829686560410085360487420058077439461684418174465114489100604
1429325722679593660399027957333773303100308314888702859956255537425892509372148512729906660
406793697185670349383700186753653322398990944714094490643010849905402872276223500844990602
462243994524908474220839142482359561098480132900307626358522725142412867720104149202937034
1134796841916679870012481634637813359991603699737455835187116362672556397095366176810716643
548828517802132107586122689333373534673666002937836308016601451396273549660156658388316198
1040368622825965055507516476238075150416468574296588401656619640353326424924892108388262272
1682192494048969905414359496645680391687907433030390296585922747065361889872574319807955977
40955618710228666336632814282572682124459621346527066895271208305363717701780338570858765
464927008170112293513022055686150110743715724457385310951516245831473848210484397347191181
1333448034731125154962230321347968306709649947763311808025695844371987437719391737798076010
1453021286138373452184931831712349822717788818943137454189209765441411060634363180645570627
1838796460009954094635406429566501338608733153297150176822427839770839954164611917610030677
49928452521798384905535279729421900508972843640795673804334271669541209189969539545953226
1618892026349308409897312801374977728161706174224076019789954714151607479607773983933513445
43223694849722261196808515182914128679169863579393118703673957707146093557020358657584380
1749222035142342409695505537542690346486930165428444527213939568334654377615165408121119460
1316087011671640619165317361616303779317495191171331393323327726650762603399174814355304425
1402105853089328046676129933356788979332963138304423617369886124971220934018730114295851998
1008008103297435743949547805695317016961747256694188772022269469532688529914352946563576290
2011822983853443732503872692858190349701939361230858246427320138509523713975865632014071702
1607868850346951401852737162960609760428719656410256832514932399437538718500807838265017725
1290220478632752136047801999355753795888414512881604345166132232889949089558585725517375922
680129575647033268570921116636001581777865482035617165211301577395658431698619944415550220
1451807449220283660942437423232176907276016846245594201744928008183398099575149733998924220
1411537590726094850344342392037075401999366905979970057476029481679863056642184973148562856
141632660947728265066079840001779040494006407459877816058731253375867297905079058547877212
276009335761601906119328707064006501093028054066864435487835639766030544028778742897406114
109222601766874878849969161128801081939900848561048834945114472425357834284963451861303777
1590223194480060396917988792440176435827315353455075746287963099124806423199966419558319113
650566750141718973024785690446905502079943214921926985221560834131324865782870606828295013
1047278147887387335630125843428450403740528020143119113143597007271629332810955126921643972
1924005761703111948210824140031184308586739302064417193183602856453435150825954587727118390
570359343969934953034810985283561468499664589152137263993838574646059949243119750409776438
1111401993721630419391550283800966327654714296579398183115329598983590816817832804142002226
1091247036610781514545209361922274160460487544550108137509761803020408348204215725530645086
999991684494871450064057259654077986128209311019488398590750276930353796816206087143823803
972236282800502584843144572635779368362386946472067115365607260254241544738438173612766456
781912309798834754175807992333515105922775150581887127328197445536005249250394255751048856
921574330145913685432486748233300515707165487499429134931197895302031499908674306991692554
1855936049433117958033158304645710516623588407814284162582941356341039188713385962542101696
165633367550187223901997020303612333333538784465739348143506205967749472120518144607613425
104561197323614929059695890764871676079461584467792481488573732601872893824765099850580967
91644614587172022411452363171214336356652296543155777902474988805788476943142526553461940
1274407133342857621381103495683016680624368414101548027409157935541530434435735275405665254
2027340156112769120872171521497885259361752089532959701436313665021186654638853198393526370
865597798984018913337432729264035027995076179138290821397336876091028586035477330053005386
1126640381652992971871956395302582856737971324988999563175447753152161149861911327408314356
1606337897218229683798019586610609381875377257246561328198613834409741705745665722407881019
166517505214371683507905691939671389391776958282440389977884139514664733441790712065848737
2002567549293988078431754465410924549196174449261452053073604188171210377972690983100504176
949148117643989319075119638741140640889210215773616601715552692895785633602525928929403756
432535193116520917444331816582884052947547668890480068946828078957926352265383635450089205
173045407793156784934523104961685831698638131139837400765124407050460288041405022857481693
1092877422943392107515440600554071330711442056112980849673902671875978086357958252840318439
1682711370409953094460490648933466732488583304792695197349247016980607216211406094036583832
1322607581269130458828595092096583596063098555514890771579827975282389535393703576829375146
557865639751090677140184480110027939453701880587122796118901370181964161032567392058269502
1692081826529313710853773765340738026865942312817120567061092038338641628714027669105635476
862869596044927623836107883509362123879126624635864976202486625598128713151636435247108411
1512032696022609050507334813884462879776075074935372953643245232359341793253869279558149086
1214086374964348996479789162422458216378140437264983703845746140019279364634257126741423783
623097171566873513125156827797892090326957978237199629823306154429393897193403613674137722
1264592774790855156805882811110450274492850812774249069148790965637185444416348370630591986
1068128623667582280434589797604730501424210012993788197180042037000269378657317288173376903
553206471091902728340778390024779054373606644599574997267866753638161673476910108820167019
416105555860456549957291639210042095767366705173973991473520708723706932311867463973959205
1565854151084221376431840707795423542800182174415059428672274568133464807147772984592308287
890645543139529728844137489188775193027895754870590957300563398512062607949703423386804020
1376867164102397511580849213507469414046673656972701461502229791672861499157960665924077204
1474455477249596661871326504969995310132861127977848583238285631911659862610254944284161750
448221035929660475382077189786537857068692723864829523493713582687662472590017900555586672
1443749823330086794169165630847363624169900795291084647769393494956774081915852729131499893
151472094623100974817685774802529005793691272269352929735214539173275229821034601906038457
1532387222526815675783537036718803852189266061215016875229347588487291425879591787449576479
437574482432679002058119150830919115713126460431071396168753866453316969180088161014851215
780691276846957086461810239624739196197159432803312434615324494372497183922913854212254355
202593533511810610742748948218896897007586307425191529970037470359767519931881733340782367
859247125914932414754802005533087769432050327706881839093984697920582658135031068345433850
1856702397040732338294820960185892633158215462642435170907567789805399310450291881925529487
2002770585907554934405414040901863246972860214691411954984248584634103115569484306719858584
2017866703295308216243388880762427742876380405725396557262390436799576057289598029262067022
549648456983097947156383574860142735948599709326123004935147136491627736200027518441654763
573757633478281376367681894934674692553537765582670139288930252915154533438694340672467174
1630551654500187338677771885317437547753156136791306163097656612531418731737058023920184281
1149824700255669880460244347745890269661158039934146218351767930461404050108382483203493709
1621425849655756702645841490833747100306248670507908831552217283578321098432908014662609257
1689578601083145155635633559359972154345544122140366974715986869678634394944456578275907040
548430856817936457106352253244508961796267130234419845278743927089042284149918038043365623
333301118260130394546135470318671527345532639566675249872883285552437999947375808223322138
82088167036957327128753592913889734994607574197313932146720855811766206385941388457135751
1679841171985967049566457514025161262583272090268515650143163550750525594453927109902081780
1017691804005891891176726469788906800060751200847592682485325297207990841118160972191266827
1729808448304740916882694118957912205625239343272477593750858135466543974019183706637286382
47834901344719077870625472280023028430115325859909290953554882307417822371569981436488968
1790189358077927161327757795126828876374880566406729791338278129750713548054942701833337567
1637602135675411843309539857557282817182027939290182030303344254865915882920087595270105175
1860682931245695462780828075157513576299504083587828129292058186051693155973399701152543569
767381461039799085760282713320083206252703987607048750367534213102935247402292371837680238
1688336081923164512997904101077499967403181280108016248942540508803196048598951437004284409
1176627782473471328906183188516338519087924828205155721153952655554966937988877912650774965
26630986184906653870869199380555535700934233520918104601428685271111655000668297926275020
197944486142275549937464033033663445596155413732888645843822085769231639922710114112714266
744439971452729021970709211649613166455725858278902584710847357157087043720404762326191172
264070079933286288001692656122756425042889882204364510870956537194583100951118951941002681
1884302355090285988083765304403964676192348316566861440618503916890145518421486472870387127
1125954330778880509180358305661454171147416739525737168753249421430580159930883320466489028
228475826717574932240804573749142102321895120093683771088279511880892259356405535103413395
984297230940955127087389742119823975363014901256560933992705979563514790312547873180116579
1383038692649238674244318215663666878885887553358443717253393213005523934313035530053271027
1580449195084012671121807800758766695181171893627321118505654300542361127198578537224609204
19490914361333275892514979241679943851627980771377458109813335201941271707955883114231236
50832188219704578026689070948975981398737153822695707393721139035917617514633684331068899
1701299589769119802476335022940517510157488762454538730356152224274318400526262758639152306
1614406806970336000520690147502653185339159466483930107583927132610809619793345993424328231
1860132738948675988986599251048980525395090311608099457045902968328990276641487553402088619
1372817315567292369853611270476983983552544706924747213799696526463500251584764227396394973
1578539877648875565956884419208360776692603923403204051658391912320495356056974446136865663
67755387727559944298562756226333462219989147443711506574015145050875468877034454447743871
1565310161068501992055856659835032725965009414847284058519168661945145583068345505277406589
693055852450282526568437030675668829559830260295291575292250418259499396329442099877707700
1906321688315424074578372679636265814424339413260975353821416166760108491140399135441748183
319580806266724253679372007390216177209469196769377243868688556653067113692493898919460789
359018709127053026837807348836681686919769787897535513782961234402555983623616804978784633
1469062789990794276295316733722273621494007921096978266857788498402688412777801351812490483
1948732971883688514095265478832676322648366252009087791498428808669248746023258807143393994
1789498868892879079232429492415157452468111934033145629920648401422423110879316393655603215
1987085916972874340325990476537011426649025709370189072953412678922530078737767123163101626
2019937318911161947643355094225543155710329207535972914795921846246731043117786227773552788
381404024070057225084031883369154454607806597644198545259790373376707859470950201302323642
1129453031750334805948805006531990163267531149511379435030028276029187848271292567264356761
1077930724376447228938027011197533000257403297414842276843382085868978659856875688923284170
1873844288742084458821317586312022736790436030445532542395168622041345167898543387756479037
1959232230822814443411194262785593147505321073958856202640575591132051800153909807490596646
1946320489779060991689104193834301976116346176928629097697007756866113937119257211026354875
1946938968897049860065304674237806978838823398175104711403417544410885152892196524374773893
309779291852126580641072642682467228668488672840537898772472752857003878519242908573724205
1976940607155643489546726322055517664370885088412723810551031361920579987518390956735924507
1985894064873000544418509535499330954249343955316547768288939727417899920495154901105592032
1880920583883355800923318697354731446137406941626152295031831856059804857786678263781387614
1399171809122086293198402363725527640353079918430811909988557446074729570750163501098869499
267690898540998309837404519503302528065497218987874202286528718449803376278017481502538755
702421439393653694128164119660836396555512651182267390159782116411400497616085439580264988
488025508182145697909870062721850711431254726902447040959462022992116703583180017819557190
543089682663587810950219297623137884936849509392323532934634491519389789988830923461707914
233770209589033103592707954094723781526475351942549348009352190613239547729370748856710001
1016289712750506335291033703633106425575021231564568065125106694413104017512691639572809853
662663483135761118700427169159333996034543774285724881488525580458430245185885593376721732
1183895654673038572167675922372279615101542872718919729806471066468383733583905721646128435
665055749487836929115620827213119435378354937368372378990224274858084840515762108108704970
1530459194818559860709017701046934609913547082173581982452896038905214013227838927182879165
1231113154148900379056408228028244206710330146797991069291271460042136717571006045893831908
787868786168019040066807436267060245198486083308459135334414232288597286537246370815411807
1677955317200917263003269245566228083566619220005804537407653977786934053670032217908574836
1416577315649562163530318875552638558754715170428641393155305663816268123749415990824265247
11166581413988187586871738247937965591606126276973756993269610481073502384696592856752999
662460587234330958502157065127808215311497004693086944046909700548463306831645395652679802
119479780168900291047327009940938762625027899088809309791830963262904136715091144217712834
198305580012275661966305454864053701733928193620915894624044238915879562844594169976236775
1871469308711345521932391252303564577393828950220679925403886493212455533343483580873610812
1116341559185762717021076150961905415999099045927190985326252895808231320891620983433554527
1576546618128080855314744461458257548225853405145301982770451642142784773342815170325020558
1809751581276289759551823839089448939399512409017985596140896178311025892927429337167457953
880965834273743580120179674677316195603861388008450303758551032801826016750980241584567399
1482126938573429519456339140461760731698229041627836686148985799119111583448715416671755500
526445191176413714321840162930119961146114852241331849431534297936804768011102113972042176
1055558877041238940376014168870770034836092664893801176472635914889167484528931042616917919
1613570363286872867896670134546018561632715055705345110405717211391125857781066262983811050
138745300331916972970540002794232733642126411972409827927294325432267807681537521886081290
1603430040170287839649255164460731055456531950835779087316669885699207711380634859304363790
1890668770819437439539056198519988132277824640010601491416227998980817466170229201233244903
1733315402334882700891988024471291376561448858236357407818712542181568403353547718809075572
1451794297361111585729328058861028417177656290118828174159154195974438074254387801057214310
1291826154724277489137716502310572545423388806524172814429679985527371657395787938279218936
875726054536226749413720389609628708041467103798898677000697629154753832574571587780817956
1076029351869239945881934056211238406744332092166460714245115898639931785760190389159719178
494631859375228813278229126664474366653531676642293305238587457223734073357564932957004746
1985767988606949503650946202296026181302849907207202024998078220710807244955018971657496598
1161536613606035443498664611621595225204932302971617527415161650866059179629282776455995082
472522641720259137000763551483589626913664592983498070422396489544136587671666090459239727
1972124186764546661132699329374617938573935747697598797683395365840723445006835022320326410
952212882154903486011544283526354183823055581345697275276829041193790630245189669602730378
1379445432047334519020707789817905571059371305116952866654882184398194076217865436429534366
476313702229720427670654654743655936123254830698959371748043026071658351169337591495445871
1179651527229095183961093395839808084054999587173333621536373263744975843880876639346718132
1114561220661132629618432502765418565881590921523824477139466929120664540990463112130741478
514363772018363654980616274563812988023152485155469302988304633831345004851599335067168210
1626123058914948304216605711560600248675819822053871053925030996698590987749404003787666422
1967437199921097561856275449964791194996703129611504853401070309537467351517033526209684777
1048718444387982980063136206510620860065819316682925516687134851724168356156146811678350062
1900867392588881451351909187375730064138957891682359968392020484607587088421020312091114771
821850024816011500011471717592574258620277966068956882437025019984982422722582321252235219
1193496290622175649507833011312070702667986210364818061936730478339502302915800530533562342
229459030740364953134642510946471929214060719629369209125966583840861552471334908212589024
1520047231307103848390550474491346444040406522829891866921146945446090357665219678310322682
792439192148628369454675344865069203013880397123985988213899621732220535716377841380718028
1215839559006563888912726956939520324674749844388581833798123882075780394593328307285566167
437187138065590337686838751057972325291810198803402835461398248857165747826305009070170543
1439987786158857672319851723160416887972634258995126137201639692138625391250521362366684149
193500240372034643698501963180391733446732168219765803802071529943530108685012728782849571
441588560415001710656539907593166505193122233077073573688302621176761083928266391018731886
115914662769680512203838916347585845236557107806290626704392976752430532369669444454368083
1350561965033710485317825762674489114011806163466823632570426786801091249368921236657558461
205026752596656316897921778420927362825175682272924576830061681971914191088658796697500681
2024211968444979791812718360449003407664785350747856450449101251077487254313958916593253391
1379676078346537462695349074818019673419835906808419475244718484400384586642118780807470100
83596348371669123744440788165382154165230769279612664391031022998941224558749181686934064
388019601651188221945884541584410366357773723324968236876943867442620079523269294941820974
1544413705687573803091060004251602450430885481775226854879047939761383360664231194135901488
348328278413081014700009951112972724665931852408431930049834345527630041483242588598537628
1572575562186772645022715070767508398056754738538128844635053968094948023987485031742021218
270355079288000791085042549286189843103356657570338643581797409884667718207074210527396243
1394596173152998875469474977559505929650252470472420919753293607447179525013539406477230018
1310074553567080242525465814697493022627197569500055545729108001591635604431306720725859796
1737052275207862367991580017929006962930760076120657640641159530280767500737415076381288886
574076674283932442214268798328212965692773236133850531743054366616008574124263283198264707
172681477409857598440459701551321313450183065342953358793494884397206217524707533862402753
1552431621773870198840287898142913174343501625583350226695100134184107008362464528844988380
1458464303098774864532050654186281761054092699394524873409819918007367809333781902638516766
