3600
~
90
~
2
~
1132777038734563708660436122
1234916911877520325743609626
955732530476165040281691864
893686432644218610322038310
919300973372558000746762629
226019722670118152839072086
377538119876389394957289136
502948402253526109541313768
1202350786015104619675598746
394793986238767977727503548
745849136620574154746564946
770310373788281700896519348
371120382159028974091612248
1094715105362586483238038119
1084555578248269559061847586
618875953549756208756670516
565073685782395920164582889
461379912605897343827136123
181238306363986011364146050
962092595151240066105390088
112375342604491194237202506
57427929559538406165666474
802128177607468638508078912
949989431981767881327176852
1207088687105756438166571517
295802110673520696747909777
266169188571083586861904261
317012019122004392288616991
178634131191718376074612845
406497293189331181713825643
80162604223125812106716971
1047200333903265298623053358
690793291674606910545622070
735810972128511126783905456
1033529873146069011115543158
151097222216699264212302628
144718510313872380668757467
123410714763205916470584789
1131119243028715304224973362
628882136316417868004406649
414704288602833743338359993
820021815413466127243873932
313305570295241569954217963
413757261085776006518399421
493129369135833843804862670
492218981344045574023256237
513874173341223832548141096
255711566268292918079982371
875137901645231107486568974
509143091092168331973265287
1013279176298344802634019849
1126756529270855840760073000
408631646373881860948992218
765951580983713701168750669
734105216115684154544620511
157026339924552538922120436
461259873493064028819027082
108547602311526696811838781
187940310366134408405904194
946641789844237789313013512
277602915120588184367808607
1133932354201432419834602627
342260191513084464392641922
54587384312484653928154817
700722160488133462847823095
638293222891191384374581139
160864749070580641429639798
1068352217450886431734065133
975858284962612920987027181
831285570120459234825195939
361704867629523485036021945
335849293012715554820158883
427091900812129258083186511
402257495028275891926637089
367670999683134142600401224
735372267362181745858131437
159557216874125097654548793
1030554125902277591050332329
268107520603480079508355887
190011045055068982618269604
476945122974020363260989185
1001097789603074280887946545
816357479733022330285734741
908205151596853672432266655
519199026352520612582576751
814134524414264485088024137
477498029496481392524781311
359297033655501704512703160
121966759252103325072428723
1155849647447032789940980278
