3600
~
70
~
2
~
231378170129802495334
883804036792708392436
435663933735170842622
626771039494535797133
402948155023806909308
506174532229761758487
466731005252239740969
9669236314787286900
954781133981183191769
680647631097116952052
475824824960146123674
443570100005191090799
970741003750830147592
820885763043568491953
614175611759905006648
1056872839454319345725
716279146140978371458
42289549836929346574
1018230440150785041532
860433242724746758754
280179717285497530536
166995793223425424727
823095602805826329997
88747204968713190435
895833251080265933832
69203675272681045261
594224584726163592052
694332374470094598114
286370241000268855529
429343652707403019341
386598334651154183663
142925266987047729191
608038394464292286243
834275666362543234829
378594498537779496609
338291279071795789066
1007461812192484324565
207924812714058009965
64133536194613162799
830407454299749764052
933422653213714144800
911505525415393143260
1052230629950425679409
642573339639501375401
771452388403459182259
652985493894704358126
509284513573334502422
459783888041441349962
573943969652700758379
615973654372365666777
740962240340257868817
1019312381808795859481
1072381403538383830790
111865852207684948727
890951981227300745223
610917933497023590550
207789920060025205864
1116069244157431089886
867752141483917062115
85194093200094602338
976536210622822343324
379275588729916392592
842104749694531872838
262831051797402857454
119176350241072846009
197713599238655332934
702197305759248297963
841394663601042819644
154246705286739045865
1074820554718451540430
