3600
~
60
~
2
~
571031748762827295
839152135551599361
433997507651726932
954823371394481477
895195094353307677
151229307073071961
51093347392472329
867141480616781159
31748754586789866
290824818678209637
1013350089693651174
810652662435368606
487042463784618083
863016778897224005
20186079954294199
374444271906058505
46047990807910906
1035554447468810525
483751216396520701
155964610485511280
354199941983705738
566533032189843986
228345845187368819
843094210596374911
410643868801908751
945949895100086659
720580429907850455
532264807351357006
453146530640021568
951577995715783150
254981024707556829
928951703727596243
588730407911547492
575775769833196304
241147242825563137
355714372983919228
632659956408910293
609412729026024444
597398746397973430
17586153204486345
246296008096538430
462598823674269443
730691662967893310
977372754528456663
14670712158446311
560281574366487702
711003330751334751
482936029259496941
507796698865626544
345115454310591289
252324850023853010
1118096547157375062
598277254238431949
880340227786994215
873857477920255527
675282089387035119
396497605028939503
486611516352451731
67797889308393028
439932584242867385
