3600
~
80
~
2
~
762224228508862163083796
481895835146583710255322
984328306095407788767735
855129231209584293557977
409829502045123453599717
834555504543670770688232
744955066041032696349291
386105202402554525663663
1125821743184724783294184
336420782872335151159929
972854275610108972859183
211643191187779306588561
894081157916194444835263
116514028135041611421399
188130556465470317328210
1162103231151431521223801
864716243158691595571502
467643979871487093856545
733510691772066807536134
750299291106408125460604
714629650904768844903169
467792647896255251849766
214300878510050501928584
125425914643144652392744
538412628095582556348407
1208221776869512264877363
129213161025101091083824
836859949146954767175658
1086590332222499411375240
458336565147165545465442
1005634013823866716009821
355180258011252365798608
411879515002442579212434
817427444754945863726172
931695287506329455114370
1178811826441170961684372
119131060530465643138420
987707445890042718546488
626078546907161111993582
166945725367127344300398
794890410379987511300464
53915583941568428375701
2874211937442968631351
283255861954460046594965
212552193360016106217800
125911340370452247923200
687921050202509780825151
650575281346486584651053
200525374150154835461996
193974770624480991824163
934236638243621539453214
601090822368039978601110
1067952764703813508457900
723847613672581278239035
256664114050095074720084
482926237769619601946208
492985518291266675901574
979599040251552238907340
780859632029315880201971
132763947275805264166276
85123221801987363550177
666292324937724257742658
895266159177479963361144
666314401439733881735546
998915091997458910238316
1173967704065051326264751
492474407273420230667047
97706377896170160107654
234010500981403648310590
82981948829235711111679
109138431406952424779783
310109217319557793273348
1084980397738157614129177
746777393940851691768669
1101055600957538784582290
235716393475684169272146
1045130107682860797963977
147890768203329293182526
204078764349443208261147
709372663545277257090231
