3600
~
300
~
2
~
1016768879072858286386777039519238568657178539562212404565812324839154190192069682866173093
230736749103204634046267355044390613935505623113033892316087792851131772858958715119082737
1761464454294284691873064212510307552583268827063521439651393302276885204502643728384253689
648067841782642854320435785269909845692520615526660691629084675630065638834880314536349626
828771325889658351364443026979142386950530979782310454886849166608814081149479568385832649
1794083586552023059085052219647490872818789313607726975357724147778919990137511775048511169
1922162930292724568030055903463950719730839828601881558183571770775685180212960662226866919
727578473890878860290082478166776098728666858896294093167627650476614022883420917081163460
1969775676434588499234132793013824748575382779434572685399378178052889106895990800637499690
510353606183659084827685672717174735705263286020242307811860758274350883853751741099999019
995754878613381849214625209625372811175254506988620861387574897888453058541142192865305466
1616128834949569809697904834815783939242257059757189324167714020745288240140149560151516825
1148709607688899922689125164027363632753055613525384912023610461262511094287661292808496215
1143136418018461404716666075329663635338177552818315725099818801902041620732023153244760937
1669254702326112257798285402834627843180266694831646355661191908801509368594535382349977874
167857571685431115106837128800372238089614134436455820963091440119210390897063276689880624
532776396130804127122055708222532984317916845730468303990783570356467720601971587551403707
562069599669603060269957135810004374126889352058914596776463592454740225428846090555724294
1866577404025029225145206255767051924130540717946954186016164957344587061504051478452702344
799890072223039799441630930999247473265980873331608551714362811631406584473601563333436533
1229585973441876743088871739529217013643873724715488111297957152808870764827224107450252590
1022680261900681895650038138173122020141640710431845028218209538251056115250717169742030923
1855223847588446604002990368003359436510070204009584546880584160201544048361940361864774781
325510872540329662463187375463198177738926285090224389272272155634833373706911240156207413
1051706461288129966314375236321361033451252328028190791337128859015759520101877077912656150
1722210330598712190932194797506324793569780194101559659504960010227510731263731365918765112
1472933029491835530957468296025783017236655411993255570409438509465746868341304039099474587
1322335501982245510701412979609843301154032516465865236769673938700943400678381508878977915
1659716882475933552165485158319395508757675237045140507006720180442771371822015546042616602
346033780081411773184369607404966253178501734234143494519357439060889062462236335941437097
144411758807771043526498753444341780893747105285930568482373689930263498304733886130937038
797245917781670819805500847319980062565076606571526206625924528890690404808909534383513515
1693673883565462944880806798202069435626124109224461339552661948519132209263031481955631961
1394384348813610389391082233366517635518108924018239906182851209003077955935706637089948994
280209646003090788314096967835974373599879378276998341502434953757039587034261352451475240
220998132206818873005826253541527186928533894427594017508619900309583545248210065517768378
1992599955561664995158614781472837967374013913462413697930017976051138477477338622313344174
1220308278219015416500406491247023823426006944050852575771466496553462597956675150889613165
37559167409770010434678804347085680300156378133149436299787368316200739696544747632218415
1877390375463253783654347870654859841177416880283010732822836116738697542591953693947524421
180012454793233450877418613366838905335202091795777533675532267180405094870842341713577647
109490205250795276399555522444160618237133793018856726629749776976964075223712531912215704
1284754811345493880051877569774835870333310459169577470849646475391826167004071360533626033
1489119826309805336141328749035529971224875228997538470886187625356882164915920396350227359
608750417424254220786121160221561695881217758013454788886997843834311069388889077663620202
914086237657997888082562333667506341331870665486889743709606253020688405946292023903590334
461770328493305709750224763772777164069038298664850684066886315539348880402590237709237592
1658269134558445613392993356455492813045764315381157356696552023498122357220304632525425617
640039045244659138230722837332569424698462449479924643950121057192558335485259683164517426
1503604967470662597708973928817393230989095632710735412326861525628539699675417687731730122
839497248682895341884302098701313487324119043899599560750366847576679007968137798668733
769681770397914091056999236998796561312207973850034500485906963906068368744063669195191672
1523118215520636944994285241372824444634684984491512608287666858579701745899275411192510437
571879337306871543633726545599398066189304017405067473936112488093294173476246090475512646
1099723084410988299209474921367538215084054508921439274471481263505210809961730523708275816
784966085506012182570208945854480223410082977665977876161120468848242334201411922271233997
1063057687398927125458936028138826115476453691660210377268597373528300376717710188019806887
1265514635991804898501113464402140187902728674506920583140331151493159517423720777335997061
555617613911785876680498506493759821257642895982065363565447399294309448609067614990550652
541350893856783364297501575321880887235970912124735784205758103386947307927929747334851179
1130527226138072356601911391119143782519969951054264014552494027588982376394800957408896402
1195475291152844148909146194170752203661258926517702066528689857880210925707301589797743230
1554065507577907045720269613765390264212972881493182247865434306381278590077583170570039304
362167513404960963427748583102185856052448694506668114130451334496466288252835653629149906
625104006142096522701331909720820630286888954916097763257998763206549127582860148414794490
1638510821268353489114787429688154638666351527903763086056260787304399853518281450434244592
1746450127653347852706714376898691218437023503464361290103862264008194100050344039538314634
593022543883845997439402806423390498327894102216581904100615103568922771818375483575156715
1682838350493274246210442277602676070740422858123976857776628697408278367519608420282834006
1391706849401324756154677829042266092101801426225873957410564634346423082639742891924892365
1544326433015419040377233734966143234094890305514244797978574753040413104366986230128095190
1836480493437428153526717017794735972622070317713869518538811217364785827259008624839946600
1342393976327956229207857703938264063184980396800822101769696261405417049836767534059845679
980097981048184457013091078033337435863686980811547359338076460889829184925942265148170835
1271353886714819439391269814459654603579617858058112136251753220231018829914736741740632550
478672182244264139076463514676054119621959587357858982912525328691138480005720737058373507
475725202437114193073024031272524015607400328861667658517807795941052268838418993530407760
563275171639906054751583428079389353084698824183471855689490161286987328979167999175089420
1122952360359068329363847182217366691933383006445649874333937106327488781328340617031911536
109672493073399556373378784310601966292643125365132747295704830369895377190128521560629516
1587433486142451282614497161988775272709209213412206444778494346180567026762104679582557138
1390877779636766695876459840190809469496134635313572745940131519684373689836795378874165179
954639808308058203980859706864525280653676039716667870989318352068227047790774511404109871
1507788975622498974620350185586527774258937940235805723487115324263221465947387165839243254
1808114732900839434295632019946614739388772437602900657872860110794796882666981282780913444
1689334652259741417103772704535993513748220574602324317981668540757619990330076518243731937
972604270919438192375844926834224776241195158354192308967433033614477192107626010422017428
1957464904863282541116145645321999091042847887505776831784039994667248916603822538615967629
1607107148433164732437825853205372101028776368149589535243831169632429108196395406264917595
915748284775358591164801362813584777146178700104436372793275075412974551262813382702385467
1459728573844776862012102133916923464217981338361779372905872515039280897819695375880939115
633900772171218806428180939351104157610500201894596437922599950548325121241939214991311653
981197194515689698546755576328210958995322704789180684192655585322347951533394992013397855
787069292351450943505612253822999194081273090748086408518931233170256199454235239716046628
173278952147451309059185681003550400230918306200988752367821142163536239918933786007367815
66127157291930084078041020256856903677860879066182562213238657081499268119334458225699276
1817935878144154104313393173232945930169375321061332588862447602805119272622153146433699353
1515292043350529368355952350540575665460810855130285215374270708250889297909596513694926333
1426900087399937002737637626657726359061375664651688542070322254511628213936158611070464898
1401701873526196466539280598561129763574384174135225828188871421258905390224110418071922932
1393718171898669908180818014999008364249719517839884132679734378215572261149812244458812296
1687422315270618889312691046372154395386627076577736529281034130642666701909084966393248405
1533359982153692403605756155922387853360722641731062056952485234169772642415770223808842454
1497476989086352007516620356845134979850334070215418286358601214448055565953173858672503914
1341749245482116159608502757889128582298668772211055083755364726423198265737344787518218326
1725746480439380559674358219297450238790067142448510260662884944593909532433394213983791819
699106791717370564869062653136194520301170430615638343234789609943708100665215331921749076
1978840565674241162394137835842603071685934698757951783602287360718506333148889078789898737
927407225142449406210943866181374295151522834354520474591557248471329689966844765326435514
114490840664894317100376999843337700143863854912817526479209423217261549231771558453791134
1137965468421133542535792137963966445969183558554595032207918244728163713880380271299058208
1888682637439722325928420253601754337057097027680941988660254524206753216833682266436301704
1338894536134966053510841303336788758937437367343288382950504559685586214753928910981220812
1115818340068586174694559742059715781044544463673297513933976218110295980288258700859248791
1351663711781833116157124063723376796825440372783833743050950500096834125041719293719844434
1027777537342607618858491141492211070946115489005009001905342022351488755345347435567596887
1104668675653233034211727369207977639608140532485941000664082931314667054654838792853001435
438088904585804826403920875550989524141664331100544481612813450307576217849932743849051233
508749136310940919986533132982080522194885783083553787826345389314437223779214884774391091
912360839690160623389821152000490520195491793254353496457346626181356075420071102142873592
1071196968982396453730235065915418628681804171218531993819105558851508518435828659573896591
1399820229245529116258901996343491323818813363565554471638175966171258533874607689647622700
894847267370047458707866895866001529801547634810234101411114115535468076662486621121335511
1211410148990662779647772906085112704825398144205219549029246373153045547174453349395168438
1413925000325016025361091361789655213537885122573839803341595406879394607378132184074004101
646722556463488853476868798443132431704042392343693819558716973225980705145422263979947935
854118602127452828151774239101256300924317220950273095141895619518380947860267467130505926
1666430188138389682961394387799868274570168053417637198485393216406649759481613230166282678
1361749055954333747096934361774303534695433525600830621350886979093210413234083231170873008
640588280972705145740501918754253380952573902732154565514971892080315299893904686906638613
505199458221462836416947056160559898649463963079056900442106636226520138831898064087280070
484244426078385242521654028550068025561164844269156728732346817885601927836078714579615473
913986794539180216780862944945859060784320015716576221797537157586107751767141941002443595
2005962306611314982848199169059086276448600314473389152162429703357456766389808708792034426
176200325196821673027416318119116487909438513954701019942092754124657836324680913143374761
926165046841979016536768546147690531473754723379670765730408579507783294714139512842468121
1333057937207235619299117587896335887958618911432230949225439826062254319137811980023811620
2005453521743867652599223184017756156445270932559261747953376237382126737142850012590389702
1784766855213365151218699765869481845605788969176414247428204638181066609000179330162507503
1109780989583828886409929615609615952435868966440368870965165951621010025493386939490644628
473693834481289761669174009416472100517377729458892638987578153843204946266120731488517147
1491390878053707757005829457022078608755873085061901907091302567478576154752252195760124358
113879189124138706159036528727198736600365219790576914308456881896211984987085559069467833
1095416423793444983471917116812969135277342726381108818738302573734505225003186089613667001
1150509870718551615636394427416056550162709068050765203371342620722159178863867583366329386
1185269581588813517670349043377381619320563442201940293503110121081760090800925590982583741
524781026085371364822280347792061692493674071520820020833830908091227891309692673888452267
1351638590802985749560698565444440463694309268491651099895400899143160404358512178635513510
1078665620288920883655896335780463442704058609707261241157079189699542459476939992560413094
402672796903926303546104955427973410075518536140100208035577395205712507549847293782079066
387887611218715977144772333667567031226628971125293350485590214899264472342219847118079760
1622259967933613573219354131904186303893732260218827795740656537371151321516589064907189013
1582999718303249986918752929802848849314264046771048414249802152094768936625732385388334886
377234241732296093427344675835212795475566104206970832800125522274154211984326346425164418
1109522329477917152755770916954339134929613708035323614706575570922272701414991560959340563
1857533098039678061940902070718116014612240765113589496275922442029131354483692901991411234
1187427249570579410729538467993724732464908431807933370592675009889282510054131376978027968
1749125874252139144819502340847923810909077168909241151794173219826426772835033131077130270
1628479624171480047090005303681067254437033723919160485644099851570383910020274100230844771
18051543904009232486267895897238806898659370366503031857057703137587067163458514153771447
1884132664414248841871058034673538932852484031921999160095008287880411273169313963417228702
1487581928943308713758757914253248460040464224920546564298451704990358143640941081978534304
17645384805801466441675504879570794362549205243491060974612333364292582930987874684387042
502525893294112534088745145412682690258589874754444829530389636101752629367713742163482735
78294892138401085691800508015460704599011451094799978157791124908748445555008534543518096
1319176310476733541230705134715021489551941915702587578185164447650229480040857362796583419
315711643022919625881415571397660355900493863987184969515130359261960565598612885721255516
1662961429573206372771230346032387299455757088829538546074252498155087461938222879884306395
652476834053195657550547443258133290556487767705506446115938396900771844952075036048490559
1930648703592306803249999178921953548934943793167509624528399512201885264454689538046864941
580883957344316054782420844070274849387230511208522261447615769717409053872970233250651742
544900838003534839553400514118593857514335992227663180597549831200161008014966661355548920
1658550797270001947593259400800324926894760595901846500626308388104673205416557871516592060
156099643876108689314045218380867453328491911622721190144636185890300215867978123467684360
1391799825290059151004734546884051418691787631881660260968750788892060616892877315618199822
710372026451933032737483717764870243150704204600014997113329165132907435151574759064753118
1932556939650747395977592924934429185615911877927132509497488544683086512736031344205240316
1333935967212957602355427877065064591548623467561520377656912309458041831941367915560001116
215765295742732233831970982243115138089988427074393292662531430408440024207173085168715807
1201805591482269682024377627754125088627630069150887454934635650909097431748880062264747655
1575934385564813170611682870086432284169765784454427132398487619185363007268113016766937407
1219863308725584238926605346260004384720646991711635444491642463760651536789520763470595065
156455218585680160993356354523891663051695212324753438888247145162396667976300469654649965
1418971472036893065263228272214100736947870898011692736640893416737052221245589911102446018
606571471688790585550246413660278635519943056485247162166531848320990232272588862405686344
728144670976696791237838640605095366021769161566996441074301716280997590713599771387332724
1323892448139296131142276235631442572441326630350966006097990633053237044449824478778983813
1548607956123586994725986884875192325129241845894191149162080302805959815655942626473828246
1607097473421752343773346474410297522693741817382641098555370665286705974215040573086539681
616512292863264739913748440547182690040459250788534808525843056460911386102228098404783364
520094221467029445287976068562955132144546966051759201103888486070583125884667136974931046
654697358239316451380320459661555811245540365999288509456699567359649431784318229502078480
480733163192482181986756746204170799422109461701548568909505283446581112542058959564303766
5077768038243000523694815262186987202421962625192089995558997590547293137859076529713234
2028701228534928084577793011904548279520620981429254047050471640361259930329268373684805040
571703561632264459831271127511039786943132606502488016239590012509770379913738138459328390
461342426325034908177320236213127289510108198739590368273226863472642179059151902800385436
745775116658558021123306199264523650028736760904591369913652019541713863577823085970759647
1767342418514509063646138386031106523724534748200100094833327266999550808148029221186534098
1491573778940324028533198758668376876926947033144705306553493082310618812685272754295420672
1217666274911112744872021282223177591601973323805101126903389245243643682626976839319054593
257916497141418201507058814622393746165282421530272876913077419370167092404530954141364260
744307784976171153624395988996238903884043241804033062327706314282596780503787028867433832
1503331085500270463336875713847611413330460945255556978622746463352248180000246779167130717
1387305220751267704392906918489423364206357806291036381175161348836999382422268018511014053
567131502223489558191182953709281493379027898037112572165048359659018213888594388077454607
1057608511727493611598405223038726711798626878317710018500959317469605100208826115283747306
925503186822651027891403823851207656851626565524434535366084963441774301714479886645448997
1959464945204871518460043019723721839073981311478416233570887788520173653242990328341441682
1252430816861609521354426099814721002113837819698911185087093074182215381832073097176166833
921919132880698267918412248828879900962504271815860710863394079465025718704217390078426318
1133039420038866986865397320849647480707549237640138597733704115379646129837206544639957340
197796701227203053949678670193487139073962611351969875924579616379721318149270465234857037
1051062863037300259373836836493451997789959838890148834370614997129684541159208518820365602
993400220701113492901966058329335080387525418173745569584730741979679779698342653641234028
1412561886624184466983968820689880577456047754030499629721736188874556960180092856996328545
70804658150237442800484954710885372644331190689461495095415291291670765411293869653885261
176738635627518752320304587138250123504775199802253157729259249420594806386004420087858913
1073774866726837695850222760909234365751004595925779502718463394375260527272242746639428209
1271786680323276988026281553072518000135063463390104984787157948528668878834961742325016265
927436755599628794701425683306417659686928128131500174726520312294689419896278355632602791
827121647840668432287179253204801888906119061846782661241328127139206339799024662645908337
2001275446987287611035222167114658865775719719242203204692814259080351924841715762639519903
1357306523463516946914504333512521924655209824343554325299671510414440350510867387201999912
1916464710684813930855612772264981024078892268290902818276039709997126562810588267222743638
361223684921143997832870268474792957043285697673094895509728121089390433330687026660385349
740094894891570108720018587374701537344118158812223662476702336522917059782870969243340850
738598007475952350681650176585876516346820212165554168984989646080277695656943691933644447
1383584347994563147846034935068051451420808004156617317113483657564803171641297366646936268
443251209449678703902047811730677444680353306195929130449304183620982549682894022118174982
1850190012153353683597719232179915963877720831143303868350700324683609407285694085516228514
919412861167193998201882636892376884677651660813021235507125019865188047785962411417181604
439933594455732847334790409668914658091457720152742924703569874378107962523739476366780903
483060856307656444342729771077340412691392284863413618719216458489683758516151616613591558
69132006872520838710252051087230090151899964472908725967276177650906680614196452947654104
606444583021381213894175830653644250424255970267488621107799340591018436769728952189075885
1585577882188948248534947472387412746221679621366359474073625509834009088085752052327617622
1338014752060615233928938371994307904683466094427947269004092941118024973911991076252387627
1763054962004166060037447315625899352072907438148013462480887834589802460039046663184812936
1942299446622658767411439011640758261777303366008996499813407056445866773512876212326934587
586286050442724787615553640294771534495927067823164888957245854761104399242944706921734088
785789583559233679067836845934288917300576272718917768895354109779115703569719165297267028
1431651430294433917398963402224696501819021808217439652391566492879437037515063314586883419
694921110604740677692008120902217497507009674692426246329933721405447852236451363145503310
1216320931349064521061793708440559618953366366564074067444857673591190100381014651095793095
2006200550210952703394663197048229625516412435559228760249212895025523667375795075090081724
127261444001223226150105651132765817325812563106902083117400689143972036832022586575572348
155542964088899354979985529079728607061636223764149817291596637098217536365404876083850971
1439315602307046300914060634312050541949499738719344015764812260744511081171336754585522396
436082708259206892304854144604294681323037356291531405044079627541056174289070920744496107
1367560384888320364267513642990565605562178295581667614590072449204631172026679539961428935
612863753102839485011007195555503920350555612444587605191946843366406876118819342703661137
247531463477451403331838401832706004808495630444708056916710767699608654443276243790001159
559769053886018056989211688831197556674288840773623373520251916384102052946289214939966780
1265964410253746532857858956706766905483081514198231997457666675983568447671824044101732997
1150192133858578900233046268143679815310489757972664373607608891264552045491073612320113274
1767802449187579988896375702926907199760953134982313243055438123957714047147831754845873091
1358330768719644398798531057731630247861843203282364360613446627397099401336378989421725008
824806993521823191572099588747209183138478106963169650052000313172225096607185936741746365
112818696554364591485809295228814292386443235859994582653205571126761230488001100186250653
525797292911442039518160936945570930080530743117764770857161530389036788791208661021450475
1015212113575852528713623271437938637938473162578045112666159946984673911514801420469537850
380103352573077308699683883301662828683961643795719229428607787432514516089368365363589437
278598294373623894575024966080303738876762939948262520276099745795580174571136249057537560
562452155582828186539651351302954784998041004157748606346058025312313755389862956988874769
622614909585687762852321662846567652295052460165435194475774707069216586669794399554272546
1005220144870632085848314032233580389626830892264311657579402393713684187909806310477566292
1813940007398911968883301892665211435340299913700503335705940828881708389482297410881980294
514190726444225884509754710611240332494238382805516843541381730692260040674920572934188888
402108634185256470658513385214970262335950098921709295092604187630860183887021858453737047
334865827999970506778855006370081986633528263345086699939538095089291693268270972694843141
297386734072928106291567251554502716284661632870932258800898872000550985698056534923307171
1918210612767479993606748680302776986402538231848758950123988614752473133595136308229352977
554699325767834412568916841078424496774239160086373834715583446846336264319593715543084118
961318079781827942948610783866117349488768652784174853777299635676070733751591905445406038
1858554660542549116973750437970636162657556417714561722898054284968991969842896010175263085
426667361979037672252981120682865336648697517914440394685303741758418094062946728782792238
1187500286764288632493325708124846071321362370386223339921524570265735938077641072606415412
1076496241236894816225471537969780190015867677960371733330136206147897069602043984337547225
2025573954953085118992177465899108963184127030437801658728250516295710691846583952730487134
1915108118211291827715951293100035754423920589349002825156020788080313534708290671390266885
462948939295142136779315883910288327890540542571857200154411586171155726022055607572594296
664335579826182476594717003373538544343580615037559478712124938555977823196212394580436945
316402191983983166808630373851865942574353155471186108233211374935545722461325566089132547
1831775277660397231542537926206046135357159497610994631932354760940632650289075347855435225
782393471120430938618179716178704525103804139669896400605970383191346226178282852622268042
181220426073492308716557251428953519605607046915288494963978842111520708611645914466493741
1528866558101543231667511721716573845422589272571922079981481090189198356362715538997605174
27190791087146813483595537354830293552127574330495718866226163896667471699439345680205120
1783166910320883613213962635611460076987622480540040256580685620156684169769091165124666271
555591040606148928812470683219599687688776467235154119629874151287537898501626605275562716
991628078810458817019157525297819275644304407341150448402129619156235588148751949291876521
1024579441109358776609597578467505069343557271264923551886240304506088647565574109688306606
832018907904476094110776354893303222020287683166531662487826219983476154695221468556084273
1442011430301869493517639116610501735938623756401736277770001866754679702550068489736520342
1943051109594497204275771871542758853687481745481117636290171334634452457832075016914510014
1870625230466866454240906713174404756409911131238350528697348657265512603081267769855429024
708225033150153582569142977478754247332211055601557697310673194463169479859422889868240924
1469162575190427554226265635280797542943734032044764988471201189848059637703808647699148727
1444016229801727135163170104431526408360492273657941592501689673786568069696327041988943432
