3600
~
90
~
2
~
685092812005868196883711527
1085187669319437554655785230
495733655720609355535705538
592913472380235996679980866
402236357928904179996048576
1184513581774424965021209965
598190716207531678662737657
620486480978546231739031611
1104806222497042260634724441
272448284767098960859249996
971515108575801130898841841
1228622595455123753052105993
1193962567680561012883978390
691537943363600041650870768
982295598647482049612830323
761571133332096124079443972
160112089382975887234139748
814629363538753321066153372
666464959324464817157308381
419695384946175589483158826
577374299367917106719953684
797769933066640543854336116
833354013418292493019744199
770959881902239905511424710
318753006610041381577107709
580778287331871372004560401
1018716724090126493224583157
807597684072398683273656921
889425959020485831674344022
1055181100585181554405436052
111404800831781701861068536
659521461766132743830906715
558308741183515151887508690
1177693541441631438200016899
27879785345932888370977233
792795394579732015902415477
1101827844398792964618017906
566555901472881264707447571
1063478961174873103301994977
511560184108816326928647986
1113193527800289912541222936
1037866972760646288801057187
717700653157620539445285484
1136226675301380085672600184
398487976656907921524178312
375914637859206777346665266
883370517460727943345022203
715472653831426269556231775
353723993754921811527349825
1141538004095832062006855604
115634336777705256915696237
713720705704208624144507634
354600224449406733741217104
703192396380060131447815371
812258930954471309746735842
336801285760783507093388136
76282119317931137139505073
262685472370454417758216102
462148209223191479570258234
187005853473662322630889315
1065244122245115359448592176
595033821897122342361936585
795281294643220803886939221
503231872366504379642515870
186559218645221436127786754
850374311487908510483216449
286104891786654590870019866
1162363520552839660875787893
221979474757892137346863745
1093460100461027355078528446
1139182611343687358952338207
927389474729907947016250906
779398096730421665406363549
705554941208362687921948677
1103300928636538405878997504
997582844598169514707142052
619768823847973715592839235
982177180316482436384022480
466542623651611423307634790
850899443639534847262401361
965408527621146031567891349
728553645616732110306054285
972630099552690617051304226
396802618512375339550335205
923592572670191050099522428
920486485506232668878738762
43985100142038784835578016
413183189129971337428271562
31009273661248792875664656
397008866155116764726104109
