3600
~
70
~
2
~
1007195267685620334263
1096324895899833532053
149499265119555625057
913248244626102197424
896441013911248155708
301244285133990631571
918409194668184464005
60776760540790943677
12257734733984074081
537247442959427123264
614700761080206605682
509681609652433406118
288466796088655279729
606817762399159178095
1091090870482665895666
1143104310378154589503
572686287547966426180
1069268203824560393559
33473231693793524945
689849370603338193915
189970540928758798300
1178743926935517368026
1009578217907381665162
718147425233321428287
1076947989753466993617
476157293477298389097
65994030131536929983
1079740312275196782839
1066185647282258609899
182952995574793230450
754362951414137504864
1127012108290814289166
655665057452163733105
647138645355779024702
939553394311865908829
737134980589012835189
445070106340948781643
787807389253053753561
393257167744578466985
629867055489713251688
347356366966203524947
692189067835874441887
323887472449789258662
855804974226844356286
416551404020206882110
700315339730158625612
480580790035399257082
541819779778079685110
127674582642603375118
977266391140675404057
160082327558200672234
291996144743965641040
1048288947250227984043
546501341360548792741
372368636705093266516
943801696261806245388
910570265134784962812
479545899956828314420
990956664717562548649
926395506442369827626
481176553551142330985
255780645356115711474
140386404780649805923
1078264235275121621589
710331464313068600946
761175816266186811866
514132955448288305913
329670581921536226898
659934136527944424833
395135768602549588284
