3600
~
40
~
2
~
10771207792
156966301012
301144249472
172516384858
765349199628
40541782573
722607465413
325332036905
348735482934
382572822864
74990719680
152218576239
367721529944
193342617176
63812897512
504181471224
1021404617731
184352490648
691706185369
442517047495
698824276102
537952688820
82675526293
1067312816648
286042018491
124949701639
481126838386
751136920728
344458169567
392295623352
1084307736675
249639717704
320893816604
704432834165
424603011978
489648608147
22115326238
177737135968
469156696611
491677630377
