3600
~
500
~
2
~
1772304543534418425650541064048517126157164876212388842778667587773512814652467184471018541916285119950285282085709598930491246255921677701706274461520
1179754687314430628597546263032615083206830989122827321592895345985480497471192048469744936191945788213929481680725575395022490583856738187139534620070
648355925305830944124201127267561601100496971456612009884634877744956366746600879255233123181128435463786506142087423150804221084427119750589453402696
3034100750502718109715465221721732903966132056278016080642885675096958330478433486193447369590785600600254196641628734231941260068457848220849681272004
652994183211360382377501892364312504127587899848192055725413159650784737294430352629671791776521303781594542568342390496538230023684577271036127631894
1220191616519123024741502997100948777354945847762224703759929207170935152215555079509146597463219096147294568601109400909953154726635035322311324338754
1158047255488757623306495747707859472273296022805539478152146664384905066667793700657043995268009248075814733187057231603058970468350216727891788802936
2296757566500312866956975725305646824038819259061100921278266694777770140244627485307115151431450883317798882897676958693325644931294819084645439872383
2165506708278919288684656073312376589254566336856462236147176097488087852037401801374613523160678825956007962754287019279686956052119230188887473399803
243124604603874455092189109961281906651909179891230438971386655992052506427922986568122870841071021375810791977777989714632108273280153104773298733773
1071380987511283352000707016364504323803140485781157589482825386732825063868956165370373015091289031307423629514145706889739882843967580862472320325791
3143691078954922997068182645116851888629356807514107542116172776558329264149470029778886247229936249208958055077773034634984421479686295359892466808656
2013345058181038019213588006697223186624515253494912797180596835488224007401910315906348264614011462824519844807709171945930106651895440301059327434017
1569048154554577165798358462755412940696603562711549494217305629075491551157327749297955300769424460097840964851177860860987148108093681193518351910802
34835119841030224463173341321397085395849172059363619968996580426107593114912862787313212070364256852702597113143170506134288720879685230208514300409
359350299041851009752288772466952674717956562799148288785510572034443348338275140883683530318388808155514400277530392952173944222626759001405786068782
229776336035745422883370827904257547527028505008943958402373623146425757896945988100615563605139905955320729084115286643338875538315321869478082507728
836726639295442757900829797208156089652852443593176172759873171709215420521729273042740191396778793203887274306059711604974370318116222983687803523918
3103447735964105349749563483141194229639649112753534110537636385275116059978888263239094584798654247000388735155154091017017748420981456581691615806158
2789127897318122686193724988733984463626739551047309204026860818060697274820094550713363904301001855900840712503693022223110260849088195721116994402774
345746825642010134173022545908505236917790227580670588246917326934519881473648931365109361492901955309851893724007719088718010270863345527241852585712
2647119784475757175280981972810544423169484338779139667055739140642944353027019815011149763317564471432374628252323601733292673363986946764134633111322
3256182921564627290922980770241406636273038268211890377189203574345674554538572715850384338136688570333388199668706961207951800271828907854729708469749
630379939135926921481464567240336356145961150737991618587448550802111347960447014394622537440492641087315710675993186910392682199724274980824853137198
1411207440002816729804326619883437308564670346631031712822283498248860408046002928890729702715531747533488125301338552290276367302961284491478912397187
744913204982686785278367395655198324866217965365798571651522853802230239232945329347100356589629316950771534593216170027812933313273806692536839245737
589034892210135041137051174400655321883646755015304512922190113319860151827549933532311973228057207670339145493791002010708629424552506329800274791430
1461546774048128457793628764275513744529122138845902217483120532219265769380788473499240556972599387155289226884834013228999161079973707660140910443794
2550967225140881186801946712261464975740007506557819623132323160685572453902456071969520302706798677026150034141065611146596658925132675973393898530404
1856962683762088040461174099715878706121250602769094040566040558152175995227216987720239785637448612434063034165037349583174246434469883871906829398431
2183839418236862576149190098640872292642777323884325542932146793078593688260340484561381606190175059719671403936873225758280044470199800113303270622052
3072620893082190919080839825172766390577269132048229003750252522950048352563768397532214075386852202490156249544090922892746648101534288819508485460537
697940784576616122311793130997046046304679248208885734331373838350449483784045918195227623522956310747442335832301044863736677600568363754322400524539
1579984889520933678084376493973053874822575086987349467636820771202563127906769522160962307878159776351560124215892057331143235573815108084758562423444
2138940261626973562682466033254710481495502417079490979138274340516696609262573135338546562976198283569077737395441429556221123463030280346634120866636
2367796524496740160880708186274957143394703965488700937116875586235890587826050964658205505193204750506290907130078420047580755965039300194686396195036
1213699009293761973128307606126545014076071342378943882224229978276017310470506987574485927263071883746969449789877960114363236328331664155336907109396
2637905524598478865446365538166176483006576945292690025691351484675875364046835723313515115402370420040986788604358666770591931409742934585938676447538
2178905123284484768760769143932816943377430462619968628285345487877751486565526091231901038316860464207769289268588881336384074425380391143365790009042
343242003578110149651725265301045417980069090035378905998921733818051874420183739430057844994896197495748208254473641136455226015175252633162539775866
2854276163453930662552623116508248904736422553554813531595603943865015152762193994959939608104070013321127986700342703683008129334534664048848870559518
2884761799124406449615605573340336767208449609273943742340431448896707254119318204020907248089986520139100912622927705854006051205003575100348103657868
1410712426397742134163797121296729957524352597799589522860524721869320561402438192846195374862942271456271269677047074101612302674474653617368711289216
3251560844558832425462476293421633339386052925330058070266219791998227932199756044828651976621320142509706268471665918171369448263797054516209959472948
312921118783600945571131269343740976808163454559586508634816923419764404251664350661707718478609077213015530473152483132363027881336911806797789789145
544259774367563726825343834592658436982984711940323561933590648330161148410124702227398036264277868595447409464040600578912178134216773399317955036641
108312393528058880945806596675534397476004212086467720557004763033670461620534346262720924047347647686843547987879600586404984023623950953928331340611
204564629356305212779389130294285795854692436396770120674868633844837354247099369653579117234687691938280742013332840249838727568161715202120088012755
2419013649481116744248508219833233730775070129510864982756445901190334165518752336576626555887321320187666636744701129106363530699041312331641313278235
2809806873540831386923434835531967107303100968061760885365019241507703446295015161733074122057258840639298010264771551147873843638165151686415797120185
1500520402889116435016247481209802629661993904475820481686557231390899337748530960373003743746103718672702978730405141552540055126473991559292465142950
2709469893331124925801399136467319007879129685094490688915783839456820826222225091772631698766116322897148923610097613113390000718619308818925552451793
2951456112598187307546199960660713192800257310035737645391098457138937375751468065864095601505386740151454326575307226918862575427472126876367767862838
2530301567120466584188751485458534623169641511178220994805630391083403454032840155938962993612702616922745864974461347609632990102179069940491265954961
1043961529265180216372988456640401863294375280850251153560027354914270141329155326131151257750102524329526529305920016992156903426311580093736862699878
2609691068209386182464645881393532870154947405019077328787471205179121640386927434525846191147066836010536076945488424601644727051312980039358481826202
875348603209569648617569906783499927558506369788437626972646089351036347666878903252042360774604898002503384709226957032217502722630586657155919467203
1832106478923906156538423247923111110280281399317372149796572738091513491242934648180686643224635533897286248825047804977174121704902785011898004109154
3176580999232660770778678277891444742051936719876267633641920471446204457525400524534963597727356871771288251215632795027017032057147044718354781013298
1480081629672166517059666105366484932281896702963155272153604243808593897258549915563309144033405924202431974869915052122231371184730495487396107874121
184444422942110161163773684594639957744315167640105282939180099046701700526037179332715138274797768078501982792296813793488420367858447813312923434265
2272810625839975529550845199310653300714699913330633740520698922963645996959255615097883155969241219776463071555952739335234301752367396260826936018724
1023533505511413001426896215216839667686860293809129192310856399272225978412633346911466272666016445165578473779873217689557274511141731095058850079419
389178909380317092615456699486097539686129981308869430455980740585629308806400743685086410817539351710820774578957109306156409887554543922799854843510
413231291703731451210347023658455421375553210970595182066774483649303770431665504451256428286406642123573898897316887945057655292987641854178225587313
3056246623496550115952111465070487813389220440027865153051443949398820241641045766498899043517802689614818163409709067884498660709060216835606606694604
1494607327007250853835481126902444027221939584461457878101991115094769748361674430299989424026570360287799889553887213602669913675351645684816588783116
401355517195462456504509018759658959146009179880348985681280882605811876472515572733275341084392052207263364903937499714842136047014248405154931020947
445505882154018427552902313103228922458100106440714169053500879841727033315774675019561907588953005992319350575213176861337276414097574158394542396256
1192960098132808982004348509410872224431357709715396042950636888489351639442840109227783966718745942067680181576310741922663378255355562561961559247130
1521552705779411709288232321939066704836649931322134332987315111823344613198214840949607224266103011139548803301998332362618860269340938145618013964291
379365075867121148858957432175913221225661802158120754435182969474751028571464619014489932408873392625645412251892878808280803178304383054752762103423
1610380668742386717835772132648700915114523744543353031006076901221847565555918853415312493876247052454324583760603403289533702306981317254725962622408
2807480063705827769629103328270285396610810438714688998206430289933836986526197395713686340270185405486286225913266528990622435731825247717375611505403
1622056606167263998990578263433813686149325537657244946638168967038784540177918222680715433258784725049355133174596827093610905284215822232091162756959
50883782370379089238328576562649612764437922058414009572798909963705764540208648966670292362159434741236817310436307611164347573316024343973806162193
156757487729185804397719005834766179772769681306908116458507740430663370153721940693290564739094439307450533199673750101999247066114490431612452858119
2726365327981250218130506358843491511008980952696523662837589411790045679366205098990553490308734236515866098154335693828013491184821766033582147443181
1128118979098808951332238388234131910846729812037776953866834117632199915256084034149606324399461390364667122319236820322945878142242157772396223248539
225569373803448711250950065716844303905286826238609572199395953715378894608383067343322647132951155154930745264410718242585496520692666587896744231225
2984140781678745189416712411750772005202608500569280870095585351323538166773047705914761393572343912502899302197247579212314272575304987828042930557681
904952377049940541777209857812334940599843379074383620195568933982991340259379116646455646985158230815487780402806100034118199993336622225706564709905
317692800012417880524218354952691552476361461305827711795225728030172524996757765686558859429303133122847709481684788668185312848804613933565872124775
3261374084190456374734824859467559586269100342784109800034779008299256111922403299517808142632018940430937104274636297869376599846758985756789977135443
1125326991803944242010576474350358378337818311263217311630213304589332697364825593689069101542291383191695405526338660036407955894451851946920810469768
875112489860920010220925643178899640566010562160264126359742993959910673857111291461645062618211584292615185533455763994849455862863614728620330734645
3126861087995110383087865602528661659727666412187839684716571605748750551136266967242955188741107270563793195117677418613527457157522826116216962222343
2764725223457430647034182113841091753598280315494529300996798899402005290655142822636971444772786672039518894042950645864771899489531499427579362410698
3187667343356037212731910206771752563246246580242524034702398509294743205081420150598966063866062951090291161563508565742595284162935563754137659245596
1435095350562840087942561280774377139601303249253444506446254283690730151297190553148340933337734504674622943770637695234717753056258309991361834065604
2130997943523848605133401070012325442654694606708544731903152280901010822625207547346200813773914637303367517665536085475835005320486724691154911023990
2679413790631212048418401780548626583039453716551108670308525086702417171687202916018810630071193141795092354862941846308246366659155402519328491353326
3257666085858126827450509721543627291905745932677037985079931933537274114783274757918712037048907330095284312668872157455800945465599028951593209989420
3234416121477945826868463308219808149892485432860955958712259345652915465899239008617719944820289828148161741301970332606784988258510181148777029054793
3211987844755659963967865912380606407606625403554063908349386988740510264739047220740776668834368855107901867822271085059657871360065512226899669244067
1589748203687288429872863514075563714614066254756190126443689271579572088870721328604947810542727380882391515579054498331578123827241596078086876682231
2662261612935015229742962704264503010723478121754406602342387883727065645018171664470629076636319285817088065085849213536108282954980549319569494565260
2076727125732441601251057115035555502620532178143842053661795860842224178881191967640124722262809662302255898226567296043374012033059290484801301851736
1988162153504865099187874800031144047458223662361886695107839197032514005860348874804302456431992552918700683680676136813006628610707906151211752200830
1669940351485749471376345941764471899943952263338762237906812964685898270923770976700157527412882721191159590401006746937708067457755237251213814876263
1576601622645918176205190592193408202555929824977733636730293550434178430483581960898879004562145983128727534643408356669179660425141107239406346092261
2089934964762720095566596839825603916216761223219344756279996455749356566627519479303931917481993254323932391068134959465695840950148332731363552868951
1812360060503692008018677873781052864977400073155570024973787663343643134765847909306306315249173954874593059236515240198062192222585719394392643895531
1064215280749487139961471114798690773858435032760156612539949149914294241212342340121961545869745753584884461600191912730661561595499861868348827503547
954772540056052628754119184197459375569050753159211086768118766728533700911196528583340523055122798904422586888175508214319733294916732239163375775704
1364180549995937391732809062073085465237182671105002707751244868893230622653774294910028037131166796101312311691675177555312821728800886412322650481599
2110066903781468405754385410566631460713957286642266797581898551641113793909455214881460772283845932454701517612307733164292168489442825258488572648428
1547864049142097992790413181915402615717576891235394534360592748786101700853427558634711593352695834406381166165981699592092101113320805456995323051978
944885367839016396934899723274221442298127487713535274378217827228550426310703803475746857514462201206964650004467639056613796301643669483449684630291
1940644448053146023782445121441880520144882002802313878468964351839044769939661732449565456120957702209685074815537484973139699224570174042626166266642
1079698934286403187478805944383964893823686900366800395212775272516996378415713992551583807086179593684885827962945145005323311721663189336943345170508
2694511371219630645968324767531051243938389882220328628036140830664210578193213919000925647613520944882698147251483895713288154972951631276919889290281
1785371797381228326189414693734913780794604001315203183701012533694143512217425679616994721722605869705202471076688937899288440856589793220508276640708
924178637932933503890198915169326022989940427724925766674154251572057689111959244089127322546442097206049534357399522833203873347045528028020785749652
398363784776586515216790510316857661172546463696082605931738485804421858444322109694351352145936460011398080849005010097473144226384070871905743623210
616030005427857820663180127805977589091072021520650012251801538554754935258883726300141726082614917522267247548169141892915124049424627748749575194538
589067291492799994980675961870276069123934964096503958155315631755162565989357539850250449236498027792012014481345217542369780602040196121796635997077
1788045097805476254214621731968935849118080061743823313990296241250776407259457858427862157474133831929360758401456322690689826432690644814501472136229
607663281707437159683632161806603781845439218727267339566510154626633916482763604915694964876137090963180327541409573233644692602094885576662210635404
1154644111176869285833661209857315901619342202734897345144918097987101988587156056265741039479097864339365217181913302583270933693403175531810735380435
2551485686394051204087502995763749230890289452998629059064559326727841497474321841968917336090259254071705389308274542493324227818515056548996495265961
1748985596023324269177050845027386669857059583417941999790546286546413794259308908449861127094908840950490763681703896240988478490493196748098614197298
121324963394604693343150497582017658868472148744042466777918244078562455148762795540240210769522113811720168703504682204449729129800605811477727313968
831440655198452617959909698031487380721949724890193201547047186700208356647801958695555633344709943183280287668378699762997849888473342305225860743781
3091814564246797141744381567084532207952299460963047338186674066934273357191569902724930053991810125817821164232642338989871652669066546278766308548141
3064875452737993045999949683189609564881706190905117892385527243824008721065865166981903015185451410245410341400545346715094148034157081433485526310139
1317281487339182740104021301889380262470280512097314562092942774978324001816221726480270669274157878891660122295672845337504676684227338711193003799091
1621066111001377307016231515201151524364134775991751730903700707872062394687518455796698657588145540725699500479218335843683327579459148152526444363754
1099175397240650334920577785899420446898604900913731464890765268718919922736561435217548357874544523859429366977185994279658680670489697914444429714219
3168478313742358067992947052784588590401673587211401404253214344175592368073944456903382274151024595699523366656642974630721541409158105568893619489018
1468429185834108378173231882746532103723910573114137314569375754362828268864075341551859707986114518426636469962617822887973843814984129226380769329090
1855787615808149447429318527849633010462506061044976896015501113583407141285384988516822735614833269410715424271411792203082707367440070560361687913516
784444253730358405437968062814168274179472532057557921270615863332594460407128579591753181659394066465349395484683381405746299231536551100003804658413
2060273086512091431372925978878467330816456389475935370205742939893223831568315931942464409875591789144908496660289450451617133855762492345776860181680
2996442472788477971910861419294767362011962333839093891884949472096968051004835409118925994185405147706760556902446924431444160747028675467889809923703
2306525676920762050259816108207667810677815915522099273475295317456969876094415724171955977094354047344107074869008952920450053859726042837585197902270
3260262484666761686232281947760294099928201709776472194912732526538266207239717854539889212408553330746484316187759940915354754880456545416167866264354
1259843787278295199415065258786866366180765849613643229396138844120001050292513029042166594726483463085717075067670067415278498197534499699922072405660
2680909651443740119783335430653402443674181464977984207169409584289983478514955851883264596888699937287981760824744670884497533313155411089657328010672
1297038435544982832476897285423791234692943654133118086419539789753007858316421065412062072170398425693264106159155063392658778743751619984153744615551
2974063885357203645872277557765090107008294491066037699970455433671214087142861885486305492621571772967809856251347288255717615694028342235883544393836
1836728127582317438837501885677979884695745591801370667116696825033229560830774630868465838278125431122997719875156958546189372595879807452491040383018
2526385532114362272424743771746215102741187009592382551524988208625226134660055721388435090365843168793822278672162259143119280669662493280834471502210
701019678552711801069065120864670816768784663185850417276398432003959513473265253699630237792888249516287945578617954490691186149825197597720133855962
2042749985665031708975435778823891185883849149342646762268940916826776639115453244358228672690128774074633430047007751203430401172587167573742811777
1278713968671939423749912052853180271500697532162421422624533727065032232158994017953153793721654665629559237372841140599390759480161053034271392198845
722688366432579967925088730345202196970207910335861496471119924181418736351417299447647045350698565877007997421586189376350895931916627301251577548596
341185338004627977628665059225834768516354986827431716256115969340216490989957665761794760921350063972655408105540295309074937601878468237716076748110
1792668892628540780725480781277363246124068138342768825128833091013995681410998107324162546330173204847593940628810004572510544479443640355575841044632
169148522661948033488087797231913003919833483805841579762655790675919524864533587796392703896071423555630470328167557528120574068019159726488150956071
3270692561173503405241105958998795952475452214920295657288588841260182577383852903341702267791825432322156924157048065335947486098063119229974827453385
893282852543956056219644568610962098614730673972208778622202367010371114362400171417564789947821696575145289445650478830257394204586290263579875817883
1921864316239923146406883693681727306752114786880666003130686645947833079506192239721045818752187025106323893331870043726694851889666850676483248111141
629240471268208037032551877787822593894975046392056773246286169640476129266051231971109978339643567134959327256827766470821083774674015143429815090048
161930501107563777994871803125633486331219481764167150564695863081656122349153474749513195854510941449950195558202309776952498598003201357345853945989
1055699103607816952011243768549804376500735960071135534607369310135504619751955738317885579716817596259565032453648295399611598052980141918984897800447
2870798619521821470883642281320081189633611762125968538398764604536271749642271476091127051068860279040651810140498775837902824668571200990039428740415
1656435636703494014531060522590185531532610718566830270692191624466102630493057948549423491696160110682863768407704480275897320957050175355999480886918
1473837299160596767399698691363204297115347411608288091813594576167868452147745132377422104505358886776880969870412447551113279091231661235377764897397
2571236639413000617611601462968903273667899617455181879856473536573818979102344394831139151035375502203831209713689580453014917317846438754582445878466
1546129538060445083332079501306991578835875006187386747343081702855889718478141886639849406126144788090720644365758564245164756189850647411172509250202
3127949009949398203629469041344973963049890529845307151803725494195693158760815072130078900755990942581780698480229810214968019819680223802705967416659
123687335291316102231958242666480349075783801991349333760338215262709317174424331664073603442380054462399059601769812473446999684240319081930254227689
1157050559333939072060927995540844142627661682424982662577671748258815369214758475605753462990490311512551437305365857341917671939808141790281815985529
2792796268558384736360642371192599680821322857234298606543664061142351137705151312428834454480299580283424603479619225212413386990586245202041624985063
3036095784470922625333566022561085498397664103446609797921657384194004855867036424354711178428404697533476212007121344794667884328759216536841905145153
858143760662927157748041184069495128768198416680865095432032632288872139497147491022954832587715642825415950866562114303262468534643453263436906728139
368628828727164183832846766903575316116157651107576059116698614174831039705863204397789300182299154298479799198764953936852617534693742475082922207819
1247551878327786917225428962158378080950458560293269299639419106035173393953609452191210315384552349196567242332170977658444720097718090137538149683290
2492655665161326683465279500785792394835771938741367656597532393666838903855463703611079890530963822568248758459287778105234465163317332434429734137021
3216824342604485540551728848083481849425430093595371211456125833937346699115654275939569652633826116106080613298413508098735114585139243544109230885150
2476661253748393730912819572337450820571491604093042074702785040437908006106864571229775723588984078334612980310788400380958980163470756751846494512401
2916832692134097179604622478594614339856804764698437993117757063479820953153014373056012718089461179805170403450139259030297604258587555512333898212171
532434525757785496914032245130446633738679192792076312509600297991416856460190957147159914166927793449539426040970830485507342305410906243569963598209
1797590735503206179973090844215139780864378633341503487767492235482713125204946785033830505160661235626891677279712981923305204346710484406041724140486
226498786038790987032320494286969283509803914929284459773450879384710634161594727065155790898235686713573613836733464940796078181742610917905588302330
804795025962373622448278213929368572601786148330467500561547630955727933165412458069298602919244830110190508473424163726390337285160768239157173417131
1419350528193591897324136735651522141260400496269046711751166129682765325531447770298664736739877843271996735642927190942332620253513327160078612839294
1240083138069396903678403081477886888043467040617754128145844550473453636917310388468181614590060334229838877830429958420365187800095800318795410308863
1397805200008376959356394908882413687448862635968007550379682378703862537836989568314920574136613567590210831013102874906272895373780502611724266389008
267185341567213576945926395452756194026953268586462324134213122822228063065080784664619677504433078342650937179623163532369350272388986934115666154580
1635417910755232933987712744198268178380230526160442297758306785527883533994703456503121627754435803878354616749064056556691043961622159440316491207917
518576224204164198842158361600026640465318033824656814518218745198865924911499105174390797932964891026395254130921511182009610171358607381467015488433
2565241634622971367649038722774573984685117195892186223178966185305546622125591675918607802026891750270160407439332975924428946896775345551149772889455
2569986409383788386692762387867611524757134917511948266597038477030470051937908947504904304646520390277823020126925846884988032549195200106955029509759
888762554167767496362940761164944652802444495996172900293630005584284309808889418270677649402089062702944604346156920862647169531944987831956295221738
485185286364405914581746490228484614408029693000374268882901033411283952172825536401465736968812362918079091467245232994161840422976194575801558919349
2242171846972845655630733483702452729847291236820700464061031589882916874462503122695093264152051017143175456911023276593309843208358791900650229643918
953521873662606488505252033170189069768899366976724935704901347342401750787002106380967447064744575378558849692842658856545243179493781980245994592116
376833105573584624294250976707219200938406931814831947309056950602670844712705079597710163709040127201751321083238374413401605173273815616449210821622
3031608712853612965611771004533016096636352986976102082060455543384574387084072664919408149808139314214805272133028938881666930611403089798079274344391
939733984329668681582529358267537758098382511252349160205870077653281663886644927191402477531510787295057723972681211420613183449800928075748313954589
1460015068970753763821628423224052055212914821661152072283747610792532776324750053215806344371858984100328675512242036369783398551958271061215209034710
2171191928443062662447089066571685844698675067153923266091816132406628896949089063827564383082153395309809781295397573055304325362312923367752489402323
2986336891939991771975355209924883874323586847788983670929778928337382194340506781718256146023199514757089001281255749496112356400322335254142271943878
2358078873283551118146530293098640565588615574973038056378697069893473740890241263912284914589775550178494750503898230272471539158314375072356965709926
1760009079599314400346664929469488917321506080956518726053516905316445349569502255158762496578386363755776796327481963832083301318359198957264747625623
1836412498276542590233800194223142807712272994255511211639418486966996052549306218685213902203425848862187428564899746603092663505252242932694113095770
360486618871997376694262129487663631125445518415664886636090950583834528148404944451854051682555112043177150239642964974345891830099555804218400267747
2645763154797847256646733769869885678840125108779530752523557634831516924666872287430642743176039564511285777226288265475383978815596931677077663509775
1457173632584928682932384779532768468768977678059755468420336546568962671382502565986053861835892680674401057913160282675393611964501886574012255028036
2497320397912788813478967372023344413419889871764526890764938273980488305365623945220978653219363240559257084420605831798637434791235753455579919422910
766073105939428777587956695192744192105146329333556833230397252564665136895187392881915999133924118817176486971401587342055106880742585114940269044455
2221657338597224561300504526509484050878318735397439411553018204047882153754672161093571949554121603009346483280422437144528503071495606934079035712293
110704032404071563327382994538119219815088907736535041510222251952811636219225571732456093159403843135825769856371990059956333525418708136443066838878
2410404565600112271026366370313833768292143653217555054226265842459289417145137039401896896038904841748903971159951071421560885814557433725591176619775
2273365871655188910067548670313165205395591443209984704636731909743663560571634356988009843134867260495351607095795970103180880468454804478569756952917
2469756429814978112049390908163134578045046608255011167531016747118079496099089010364086195401139966255835742112585188267985828332234738677796536601750
3140320874400414417943452009328460372335654554449843761520600449443762930032543897206364732104029677646144738521997224625690884258441788284398561354834
1974408867598054327383661548612315382048709911156310113546048081754985495886031394540153537706146211302393825514504794688326064838078211051024880960720
128068846344843742882700614829819571216180992197926512697342883888803196039155332468265677829107014645386754311708179729090598122805170209165266463602
3040460274276507512608402906511028524844671756600503113668595345713063401560177853203958164471165276471074941969945280967166385890177838223913474521048
2834929619061967327057970037398677769236096070533756164559943275613537500146881210758899506705834136469046517732884094506831478594239277268151177096940
1705069215379987341311821855870857620117759749939179706577597807800224101665376223657916874397276405367478097844622603139562246717108171907445929516879
1221796348765673968117171795908413125632339898388260416935239038253403664324613849690727304643996895824232011954429947682685078933837296250847161100832
2528899138044678472648296379434296648813344156983453633939068742949095062991530028643148241358927215966944457057564734865562682845079587598588913884254
2977803256933073493880872885989346147782895351224078105345561640068824944992989312466102188606675436858508356968913059634889076422744428015595084680606
2632287151487582476198784494546604123485666700668909789040703928929993530766124336112522189007810966661043968230437548151929347222096186146588422551274
1954085411700208620396325198844004597686851817828635175426256841196620404299885331824084000225014121250141309065130676745365389675674888092826187909407
988829732715420749828802949649268789073325047441559480906110872353535063722645362466085624662461800822353995341792711070374311068819394087439617109179
1570491458459685701103774550816227018038087615247674846125046583659700861518005949706992240573370845889241739884195960563694957242069947481756751438980
1700451645064618258343885639342749340149064484441599528056991821659896211192846031615176519402764690997969357651888283245804011735934130169121668094556
2943388529827072497867324352518949149157656026246143314046199298169534078001514217639988672971932907085930011316267355271176470678740658614514575414694
1661351884590669386436838975672850807109641350214024925537016715826902425146876325007690556583999723566808718259426738658645682829165344384523825853731
796760285468500263537869556420895009910412765744012553550026661688671388469452849319684627458812836431019978365122036914786799217054924121980675981138
1501026136916758331640961220198233089440330530837188433538759825895576705406048311152477798587225537252281128084844225071052972081135452652775649969875
554971553108709764723797432796440193518135542029535186240861047288425483894655436626191362326853166287111034777085756771820481374247513827209404474992
2399003332903351554395451777998766536595376907713323894777902998900642048265159883690243783624827244240258622932484811672321883639904932912124773543005
2713636394872405112999208500383966812913308605056067340842018177646198386984904981584226178775322367895352879896344758884473657623939678692364638514633
1771088840718997723821546930116550922927149183899126187382425799005482476687257872922760322622248787557665941400629634140693615028397333822963004064845
360767088745242295620763500529160675941338839897523828013922427619941001509246911992777825416267318861410766488056493090323286809630679048905973090119
3236391240602210535399848648894095736620560677465196946146396400697793381625871842103323574076597707396291562612502255995802378324561832025809490644682
1313755771174174565163946055635310308705178150489292099266525354630818498181197031187879711608355825023250598466450465899282789544482053813013085733614
3264587953691644612268276993730769245374334312272883419950856745074339460433379526639053916768642239781249739551147615133419109869733191680411474533491
1034919814952580452841281396416843858976404291884691551828202809720608523431877198178849956651130299038154198355701267335189401611107460971200170635225
2470951055235956593656397191761520227800239230099968097291886556958241544796708623283483976693884992187022548995770476063110037801025003853734759276181
1723170230137554576742536903959275409549025294539698124000862532686436631033503415698214886947676041865512503930196773492174340636307024976917527427913
328019791222250282856239973071629730408272170117952355342186280136673351813045541290626896989853760354505751216068352720937355722517061546205647067550
3264226444007811011684899194964360177563328704439883839240671013898249503108080300293682168792335823006602533547806944812372336207828222996574346339280
250019536287654136902188805518236833072310922553911934223270100950353326206246518678443101574650846013986825495189187759136383405854145390246789329964
3192428034267281747658253449700966220729397963849442144432124973924304222336876967390084081528326892075474229201452204304229152212723229126494422225784
535758870587851943484698481789117542488598026957397971277417968506087595329350977947968091782784719315866905621592725617982491270900608771136135088011
738271735814852389193349747473320149278339142700584996316933876093756053999003486285255227969834045713345507686225387760301476295266801899138853404841
930430922403890499944924902944890461265886945841196145615506811022648769421273416994079229523526908225739037079726843012656479667739641044926495395715
3170147784204478486527934372771937002933765152588650963852711358374483820469717028718066719329515608779387112811652974615980563014131889419945341319283
1862196716765875494886106552398021910490382332855549727885870118569119758158243602283516074484435237353669393207583435696090377674944071140702656869786
1556232339212029804292230938707718216138129373291206874288104313190197547990064930480630917417807373304921317611083845120357150335607312661227306574881
2582632672387310937161889532240643805490735393963243218782348121620442398102352510011832580157179749339838954090537820954240735971035056918984865858351
155410718257146893034310411679560950435310043958691065797717966519865078418313865522515864761368237304386381927625002644591707353110307666982596420395
1827093878357776913119076974379794911373246167965516756380860495945526827624865757636402732928151534370287863951458137338518942427272917968338079576538
815821384932575627998068383601323509868688347615308058462206584502765852837935055680891932834518500113367729635773109679494796431990115474315739619477
2877257558192741939467992985095329887041362673825866015715370984335138950579906530386139618913181129362884218771369944779272557442723792580677618575012
2668669164902517013531358275327300001156626540851869686806838175113722951552400141351840214179049627393097793759294033428090862845159504401217412628474
1035033204581916943893209100294088249473945773380018389649326023361907032293617434477045902731284368994589576421333052149710501368599858804615331134316
2593508568160682742131762399800596267689338964467959260724416759130271599857759797780007638435276149138181347766788904301873249000328465122050422923679
511867942656518063157188238334966945274921074659719922533466967106454039374314531931918343537937623353404344531580984357210232397584535953300633806716
1352081408292355287303050500316088068020555551580750481911270733592260867350106626277283971210258289490808690970691407674211338338261366632425532054696
1310259555187757120327517873527274359102243794621281860796329930046897400804211783115564888405887125667458968587542433146985274816999872823876289811874
1778731190290946732139431065158583748443027625093338244055980716912184873522540010448755122432819502228183805222641533792077030017265528923523532140314
78100719450910761003163010489129749992187820949765329684370873509745686032064227807692551238205424687854453850962652215812786392935251193220342753823
698519028836074578352945498640670210183930265098438639872801063254697792354651700905265417343767973882329430519404832698646050786497174673176062987183
2243739298793747104618433200887970278902650873089767461347941559197065122097281998770595879142881534534998661650319034743349119950442126160711764095003
3130487870220949829140461472604482571884796180726851437190966674021274814410808489358366057268479286318748338901097755370469868219930614919857753466428
1216311164595370125553601174778516625773405291297907073609477841648859266452479075310641677306478879927441353194285772203255470060914225483723641619900
55242485129835108595004224350142626825319698278724609970313078490761958547305868976375987810942317228345102918638739974723662816388726382581029309467
2919578254826082423303633190016557563265372766948890322242269602331172775326395089598514054089563141621125686246950158459639067762489609522204818349392
2093715594041639116409391283013798086144191794098497279425958565434430696934117951360832678252962996054865009117952057684514428123353373353078474630271
2690087941738977814696695482000402277474153208776946577648450529726461186456576723082079122528323283450505214009195071809574235287968519487473571984168
95328610870699855140717470810329322502549850616831629362718177698218812181022824371601506422336540205868711690970118196101142958712995866045826258077
1805940043628713133346100058200979319700629315839166459999648006689954798426501263591374478492034746753101173954022151058705556474936769939925035221975
1655522670177807008249141733224750787582784566051022432920392650036179805016404478668823109054816503064383677609004576670677083170873222346807205838922
22814476044263309225501853929209180554238467281033294063222098823904249038161033608272800010894698727745720222120414663978102551067829526125477192083
63191421449661598747865801766922535020677716920840710463630604345563089394101465293152155447556972016828677473946488154497500521155087703739386547024
367208724166318254838688833334430080818545575235885265878536102017316484954831449211987675247518917902247192795886707728603760111060550977335914858230
2085185940825296121086545016249299079588024778417983995521983724716437398924137704608870702901079681838284112689580828917328974143629285677255441957797
1136441864292114282867629180499085184646099132516832639782551681070454969363663668819341821959262358046982297849372461273637219819996417708780796097827
34929105019806822680181713197081069662439705317695840367394345468351639771145464139661102108428668264022047453101640678614281180155487625098324598699
2970275307235839913580377767953018442301655058102511074329897015877508228225169031142748231150537309367793186294543933916239879549623579306851048165888
2917449351334384843927447076794647700661484998002444165566421833162852151453235353584118873563308333792660073819331330958618370922397623733921890346160
948833215163116363135772680068162119207452380054564825723952445818489723247111579925333319018814651839698231057793630295188143712512954993276335529876
355868187868671657427165896001144740789371914277782844109341164098292288284610586401484468105437704359350654347094021501313764665150078402011130688173
175209951823188053631591726826854189129406303266122612100080169477931313440585985379123524509264707237656261998638398145670985060315466938911528826144
503824911757192619488318826171951468779108774153647595545849493730402766745189356498838105341027790139896819319025835659601333516024624394345734060953
2757783261786488646165471072208207868016349211452062068308050141260826544254929607069217521285048052299644032523262181982627345875331964599116542759606
2659276932895356406335676636895394069683819130254644283113168766668716195748820885900841476068538540122058353602795969814145326139374316103515033805625
123615745389375964243085850552385618130980222284086009040264560355932229359673143122936899525941578796168886928982553115144175001179113054097495159341
2632671790037126526819219505162088886738526543762786932043410795800228433160906226636222628637741354847060651081723881889107215771901376924081926868952
1631518610637436836410216274152827849440784045165128907094229724609056464291145881693773743897533288372698537075769138452656636363942530888190316218442
155451163321325646861236764925191107425004490110627596512147887956674320508638684836424787617560015528140682663224710418467704235504493217114759129870
2603468557914463081214213526546751606175983232741954396114542386796292894881326339488665292504814754875080908247053042817836450188309442332291876513485
1546203755243428123894056997128558103288729809861172180697321290192319921815304874758963426390012299189361984181640437671992066955519295464769442596160
3185804344735292896850422688065282786294106360649609212981017346416439823723232331102643168642325845413102448929409615045379429852965921150668535581699
1619630645779259339819361666556559243962913628782897405464267472043784429512894638230326606078617944242567662917203766900991016783062352332018316282883
1374232031610100206592510517525766362631888633530464708770919288804476534098804188089445267601180645514559089702804394867913847678629667004467088873759
285894778319792235610004690417379895984760868640012958818777379544462048111947389345631532345177479323829009929960775369225563866754950667071494857198
2767961885246030017260733411805250345682456826745481027001528950332594747706501026136498232214559603706897179342573549633115915544292951826826107745179
599520234372204916084781945742065292985886686334433893514464216359467745360939122885956560456784824452509743360738688737548422771158982254630430663580
3131838133164341176942103415038472838261104298260270351670497690658000387862480099813857113459232506800851437481856625829228640390253638349799787900225
1657228083726760089788159443959151495673738511506489381547934166522015689644868158507200548808491806093187253065892392568561111222331930021885109381929
2540038366463623289714381410558223258439157311470710955506570670675540824462707044166476828084753230034476306223094363182427980596408370201508655865906
1152203938473096120236490914621518345467606212249803267798393130117268603469121687766810802880837842128834286284520000058897935956225181321729013207035
1795210147116730118073544351163470331202941634005180249600837512722999333301037366623898801066207470038566032433599468623681060604736014429285115402749
3063717392795134444996726558398108389227307468149046630668461411589773778920853696715427524683192908840250958856782366135512751511384088897292560014330
2451222718715164037977008433240272803759794323822611040008042604522305649723476340116680298599895010329321759565622459242036720152118718388793327870382
989068151712569102066143401797096511542697960255448082376720753916628656234037869941035643776383621554898455580621509999678466381814376556067493746803
980697220989707114129246087494547899725397776048465557646268567752546822971031066817678638373248189797726620368587966443796704180049580041193176351584
121211559803966227416415797456368053306170563206015760156842752714736451525255563094629989028940018136943696131283740535103379781199695114620416399453
2279784061259611737092850188935837859337531415100918288002281435409218975552511806149084268987323428484231445650242644463132734862706726510804268007475
871793180669294549877777351441397764048662115509573725974546190180442653116814189358417395899994326481701573624511610070779153534734310957910498098852
1976783107514849727935834185379776233070683559922213953223226153220899759744304393930055743153631333962343997949266380766824983192777605190691968127438
2174311213936508163975825553290021288331196950017926099174110294946414077790763479996246964756907542674382026137916684298945149990684844780551248528378
2874087554867910408761767332898262013458949120999413000547028106932797595250327575645888157034302411414324741674765003281996466517389111256848468287431
714952326454986831574613043436610965950876855697875522571652281778970743259734252850246015821112414241564492989235720288359869774560210121506656507248
2817491974099266432742693131574000924806971360807345051788668875567399143137947185631769888415099329120257152917673512989592488612980102702055604812519
1879238626969926557493530941392537485901592229600568950740946375451297377539631851335180494690434642404826642563316226293526178503243367794408134691983
1578107657693213114896741168826693705137367570840446709376670496875748802265366923058921942667889189447647174407615057942061287639176111352375996779571
1064774444170052903220380807222920542127673075902031414918422057612615094962058471622943185840309033253928265200646568401224427883886640166895215800154
509474325570296843490237463673453003955379237173724059967925647245380813826314453218964779221567232839036501160950057717386348283434908274179144026876
1625434072860894914837813787337499375785937913101368856139571989820721205127118357507767627354432352148894344223546365812885944689127616902235854249321
3127829865307608975745155314077032123307030433114958458632689571939990592577606709312858800183840944910918967351562758997767907784326617543463320171860
1329286827521656784425793334855328039986372879745789366180402405534912341747670977752834649539153949561167559063604487585550666368719625163738179040713
2915774352609632064362662353907611275789753457724459397575449307727354951442694002063857176832886095970054915859364830347568456452672406697805706624629
671244672326537189931915315416497772462082900126131098013225014384557536061087179044488076597488092691777184876295611613655883277724975631921748607216
422370304248006533848791619445565842641171707015527045063269544859778994718917899232582409786967547110322042189550730533253553676401727383259645907404
126217061707748428974554393716852180460872721873895537862236643926278254046441841975774886453919407891463564022787783447556788731114943240069404483119
646336572834094006841643343947483370998540906624835144714331798517873509922497733109067480717734255830244119261312789251110924706623152308715199005422
1931880278265656754134740437105985611376986306088176216451181509302927243543195150644060070261889148073303730048007445873993180430214951947023767070391
2769800407749588079142406032963693596139412711519331722375110675531538168355260935050603914162804498990618028880025060815633966010755223472451054888472
2865368217394400840124995680198801834165921948512071938875254300823300236445939566080318578192017074068273143386358614336744870131976582534952153507316
1480571954015002023724047024247309712593939125605682438686804412674576055566617750763194095296883211911814744377422500534515122403385187060892515615002
901371034213638674993115375713190324987510433875295737106972029681379682858685689388532896585403435795988958455703710961485771669374609379267955169807
651721932125072455453828995168333075675925391990430399085818955739187413847517225188898635851565284844657025756677330877681013673205674438072717055209
1577154124587108791333301820811461180202828312995650467347046539224720260588224331546606203304317723253834858669649815285199317354977644137142088193269
2527415269029992895292485957772461669613115809816218423727256950854971718700505812065188569696890523977967092164137969282238685644609493913016876405771
2960284380234133979538563693435940780493667205565213091554752493285216366957360735965834544957257117497776362554644941200290292034092496453785483222541
1593417010293749995389566724497051977266581065269324882121988803230286386712695979189775283627314055021807232624532951105938942438102052331638588817366
2167496732279948395743465422093478825743805258259596671935970872693191312369015503139047783171504262511608285472209161628731387558234910173276193597719
15701699900297441529504781494541566737978366779352527306300441710316863541222889195513124157960657493823353322382491399639668691778925576967874842435
3014517149094352116120241785138149316191183982230047112430048047612081246480690091355347695922313069679349954588825753183154486597084585632563886803122
910184793526060110611599912376368770596690049288187702489644482814004391959859497040560711235930702018082726542801118551227014594616761473406572552448
3157551849801778974609877421042248213690121449839844844393617940507226857902393080207742874058216765511813613637758355313050164105470140761405232593021
1172620995379525472471691506138802211519024249831332537992147025092264005949986497790477470593555341747941019736472746309868566696433834865761126119280
2505842741642717446686560085993808242440016574329199043403512234206646497537472685916875105383367413553878711966213863216583261600306138514309823111606
1918944372669315613760723124777224676421341764249653340045181821908052183310761891793681646951959825440103193452638674386698932147056915754234774777626
2566574617742275456855562711402984835799906583270695329805620962043952636113063413426040595914139509293406422668368205111739227582905821287169905712935
841837308846224017634649325035404823606264578901867178442071462611256959457019707343644161790373121447287481404319068151449015025677979584350336736787
1981213153156336517816027612705059165879054466321857657112321494375797583961280330687228979964845606280328882661110079616978275520551282506047886476331
568290933394709901557557728983812609755389324334804768520042586596042119315877743323967656141022909108585444053989005381837361255585452456099812373151
2168292831268118280821932709045701923557935095281609313236120148466958261694287720521272556730501333474064182225618207656124673790857861808394232145755
2153379391132385261320673489472279796047222298001873385074448228506760068821639597484284768135713299111328932812091643905111821650884363378139357416625
695673666253467737214068456864489377854548169108067236284039731239756624806690111159796944183546217731701987645451431670624588231065679268535722078898
592895684938167335284696278974690599941382091896545308701225868894629447466714536582540578139326216203457183211787351035690237686844834369854064506200
2899012026535103760948500453866881214262672193374790603421714976947920009763247289472953838096047178151106138397491830789508356039711642984005444582499
1612032964585218670956650870089445637820579762121899898127219976950735548463719743443803768409115442846283859027746194519478135865566659954312548050482
1839775052927173249397736391332875020789670493610500214059311110768622041953669343903638779978779184089645932856336966931018988225905079524353012623428
959461280288880531250813566811771314319416574569092196660664145202945847339463094043950011584603917382451765199039857339005594361872221051152423014132
903348781460198134946629514050104065160221102382738166371564646099180665972168939752363270926724568410008660805073222513018544686281528958714292099966
1724501872453745387879616790939290636150084616059759154265432159242833383830497912050947459711757872278985064232413484043388792543004864791973473746756
2159860884005387009275304030273788062891473395581456526230706682848019260979153441119249721143372245602193363199040060330584291997629191896819875514516
2562688544828204651976357938022227520020826287416509647980048605123850659296925969124745283850593951132273145891041319878924624947588773906248457926173
1728176363178267077195726511406791493726245094441983786019507420270234211628715142057062524429517250170009678189020454683820886465868668943024759939414
799201878137153118001286537302614228029315614374180183255545875618840276457499018341907246168725911463713970109284237261693159830372260695793076079743
1463315340571953927517779976094866689841157909403382592673019160431747509351182726340840479778247060532031752040822318260845487531980283907036324918816
2403698725333088617994607886732754459856103688137248208745651202740908848483185745748496237344475198103910751643120267261234923958657741810586114694602
2600748902248291598246254376401054711203122882912308560418073000829384318379594264504439081569203959581186741539490140998759415699903097009825063630908
3228409858006750422631360419757582329682943778559791141945433550549782740867902871380534197726363952387510782489301595158549591396781058015623653553263
267873038298635393444087129728947384222696744066530513571717604125954827953831639405296211022135431866943720492785287688770405474139706794470898771408
1659700110062959831298012788488298380424436609012989891696309894500895729173971898501609330037737321155364114711087327333529515415150424438032368520105
1812087285297320910458391204660762332571505598122298654681851133609910421036603156027029798561304326873201758989308692564308697346487310468854416844774
270200287471936695374393956425064661573658580498213507938266463567271578949580564599338226406167687616435706649820856479760383182772065775378984718848
1449771122903094771459359066024892949111433650965722090736865555450560954200772647064576518738355269526564378597369902825273032360789747584913116258167
1027107235531105401113738646223291959654941738832809316395614951609734910804344355974462045357453381423461518561731340931198047946848069238229769064562
636041690905066631167899851136638992497969649477076699133131301021089835062252212600454900759687880869795984839780446757697515177162933550557675596189
640650386660933000692585495375429547612316692455590686350911835590199811722422472387681710596684239400638778718416496686221318901014465246361836980610
365500477890834543689311015311523479800488280110937503560035981987068313674649836485460072333576778378086053879612653759711271291945277348726914976561
2642528714833532227905232231099038947949948565162944512182280080006330649832148869512529605242151990207666357882662961354567407106655016097316786423638
2236336233536836066783008217576805464052673577936232660684932460353762091055546505260343040190490773669660387863356821366044786444160859759725980033447
2496989532431885756653981200848230971187291684083671833102889878242510857840119015814915141371711882076853903179186542053547828483831831899748759014766
2658595213149386319893159452278740694315211035843382850910854243639028130574571216971311299653161835932024510109833819804581915785866920520289357245980
1473727891542942962794263830274688696441713232975506074036922538153548506657830486986654672446731007298633362245082511088412498523640845391354956819121
1813653964008256694371599640998300308854273117114641792443976464460558409401645300771797319502308407197401711067732507646074863306879769539296242418890
924830420013771164808686542994329253424620879709538740867697842107934512365193417125971719512523460878623132988990046815121100679775320913465965360338
154653825318202180396327280055682086657898424257626510812983881731339134636981504981354771136849475942600644819435970389632132284815351636977807380643
168265973718540683788222503303270786016481077647195898377048583663142558009631251951486045554274952178081689748495374500246395392188180840610413312471
671423725166276440957047386093220600696941797959527454578942749578662150771732994104623299491950814123364849763623071583947425972803354320540734217437
1375536620632310449768239002636622130638847719497415115923089797572751833188945888805056986798092414705241879538651946942085946462152119377200434276011
2764520601360544945181633478696243395671937679368405224680895965339623778075170103842936228085473567213140989719370512027666644788299728116117290034658
1641179533292774189262141509419667048733294822458651237002636385516798027358733211725416251035850846424992582797974943505871018938371080250770222293280
1107927426719875222138825716623792551190693122059408543947251816775092096159711883368040206014129709039522546729010190698122860580493017431025559188730
363871499941330844768525095334003958720180085274484295820447678362767905044877973387637369216479567089573934499274902884783556725880314618761656050598
2176236896209735968731576222428187687915418817532256934691411823224395391941646115116619127562429216358283680795744455324053120124244882369478873367995
637333090025792294553157834899605918148198274900085925865421964208640316262400924217361087756462411063294666152455011209798025017999496466694529875141
1624076597413461884261094036635305066145276191466392211200054342706318437631605356591941794365721546308757913538806191564895697064715238282372085941779
2524285305707438632191887584946968755442017327089420997730241289868044581158215628624709518404987065998600816816513905202074489335870456685728746965036
572641416799364664351284550487828326641336455954648158877573113143528828862328633319668251353768752913375436001878305858422732357295428671790130844640
1091580217952359288690804680428121828872280648933747267012600649954534179732059014742404242119200280338852445901360990807444816612891009876684518621977
2198400047045254565722721702841954430008464149525719073067533738430734229454411466458117672633329535371718856341929456078655971901738607106921627957581
285550540518479089891669914765297608129818938768980142080309703759558916896011095501028937252131309398227719038514554316609946776227606254770713864697
1079132176331050313943345357540688275018367362098667741163286974837026637808177499683880422185575343996736972652288704941310484146789203921725148644295
928658145102686069290215586594608517727078245659492912328094022331415479214301975652565296629801487118992181900855755431286827394006514236702513841479
2090024736497511352774306116736629817706273114047753258153607465733292733351927773733262510950355908213517145717175134604068227666874409936079578847711
1132333311056087427952426652725899524418545726191440419556050768672241771367243604626246721093704975314838301133579358107863432096838572409834822457345
626143563664488084704460090441302871847906128924729685310706651647536044816840180503919642144396642782698053766353901386250029603250989867122908037396
582401657497120783167067931348544496059335710887676851717402149245162574625905043922905430975917497452194800717174569974785837428079891553838106330023
1692467274680889767009765424183106423191763605147409870539212685778606891581146790474430102489396380852496458491621627042896342936036948387081020799175
1148686685493937016591487571106868899337833615874244404387352229890028593398414274606664249439424764032634098495160707845778078287389675962179294273191
1988285134216498307143558078981301891914955045064574148094551389084642540056518855482633775765277501687308671355850289073517229188439811311463905644368
805020338265100879721004460809866665467232932725533373374856356221095262016274839956569892924816689495166949312266402617797750855118679421793447092911
1297147117965044906189990198420444420279196927113321024830960833491760897902675320348250560159248560743421666715787428700148687481339813628090099668527
1153789770610956219522617424243284817957928998054774529630502501742212575391591745291086485169113578803989642229451339580610504804170091171480297177453
1457766173028684462643299077859168147830174825340692491368278441061408190295526973354519237163139120229911947080135062455367211212616952627670940646846
1925627101630901743154285293325595283606617937581418355010898065987964912107042104662842138987468029588026719654928772533599140375945766359466353485379
2513693374427669884968987983161108119464022630140044854883086647987031969862897773790921635388705163670285142676722207836202798804903832029099317793551
2391080856927112739000502961338561261880171588718945733253138345325353688951006087675190293829286625579493835143460890519246725401354250821317732954231
2133235296797523408112098142725256998869961125344277032105913387487559623946906945093342125592254530682265147449233640992871845852981016129048981875559
388415667403413664875086941747450579451732324644205465885588564962421778555294815391080307709845243574078834084103421256249893610815538780659602966746
1374649249498471453144934682805804412376636659536190921511322383380814116590570470470812754180059397336877425260616877282478877814934044387366277551699
2096451187705603469701276392583165798558467154903947092688168398544950263947101000644658612753920095897949245210837836575780420168425901608658647164483
1297245675177788216365210187603844577210936830926484463580118432187550334290446459682083471104374096872021221286581813881953837264231191052402283526222
1216312092172467316766659437216437930083183186373814009928067747764158226090212608107807443066113933972452463360961713232223518478381156393230633124484
970436880063675795977658615754477578889459237247910828440712872979628131422783857534936407080691314735065480388131910234006588195025625845416958691698
922244403681350196203189048741804797444949965038006020555903598048983537446319072818220397620267751043685253060218580343723741300936364327161332689067
994870414553966027379358600520473853560644125332181558727822320676149220720293029931055375664976737022276502592628145411660396082421845470887516571220
2408794626728834661768299704326230451251834641703744948986375144382785495462852783261303128231666940896427660341178588969016873339769472389507353704617
53167807771764231703433652462000574973550619033490541265468342397147910019478668851423887182654451398110479817415563132204381553093495106906510820105
1851097333215876678351304451154392175134568765530114356916554113622381173692553687923042798794492559327154365556292299553010078135110719618014251307579
323268782755183394214805175567886000493948507392069240514349507032302996232216433725666212875651005894400003815092910283134148152180463282704624655885
1023517997930198249310962856215893016370729118047237308216196534964545600004645917698011606443812557359334516607500882937599396590331084132196618953729
2969257438313629935435737155007520420859713609916562405261161547394431788464684514729861697853685065129423211555303424796664555852472439765034101840117
658265065568312377305871644290323292256709372066977384566932563584523774315709417916160611928642153581414821769712265539360426108265057567606277576483
1295095525425122452768066744523619588304052545140208409623080925580926971969192256901234707619534986467138819983227786194170522924781171130080307155394
1733405838227762338910447731744369276337640403168990459696030543026483007540529682856855652256959405200823064973913428013927550188706260217918281383910
986200665340370011443469757343733915079943166918007948030414879004944717026833409118371837252726259242297513781529399033897806479513020430906940897453
1976789674865093743757648529247035439549256875883770353599072747814731378638271380541018644990241685052641044474835638054992138388896905978108927214848
1131497774201124670731789585283391937849552197018438632957899200301280705678220531939634143181822596903655165357511906472938422102192559538109105723944
3258426044673346475879249095538829604581567759015822127160812997933872208818043354773529645967987336142699809712893853711881180057284293545089128719387
829662944478191345468792533980837137236498187690354799260129591277876743957782776157582790767822646898897269211575735194234817075930180894652429649597
1211437894645327566099205253515026880765222508077864601560777262515096168268312230584750262660614161275609652404072384194421819243754905670726633214512
1634085031229310702213304543308111076742550597108895627322196075723695256391798358367663427655322166646876019003337064324896545983032941431398463424380
3264882782813895536097795098258248627624916286766952204860136128816966624407076519664287829766334264355660043773486647595823800433678818639014800064911
2806034594963306547660495056545412631218364861261634175394938637137699493992009953135914915737262637149735163819453627592051873687718286188793259606548
3032439456600064383850901067567876148855094803367478929639528493477839088032204694782481360567305150954916878768727607697200729395252660210233307878611
1271938093727712373374899348244775815432764806223347839061747180134421830030466348137168612965696871093341311195972981859589860810377288208003418275831
3030465678429242470894813373461543390261696856728791228106427503729540734291155545915180606817682547581221637079881212030245929514677029669352307420401
1962223545986717328795864411846009217370811184602239998494141232689640114148564142196073729510776066745481421914760890873361534486515198096439741933510
2039739090291101758940917750170631703006593188916380161908936912023939582915135781367193021337571996726930458972300833865878852964909124600889747824426
2317722394469613788158634694751799318432156299328303171123946993506616509232524278302039607450725362183611505617988099385417223286561621579224630947224
1293653700369464937052931713125803813163229928962916275249904256085626376308721426668249266959598681166294320236658739102749370969196338700234740971862
2622845958106345789361933767480673746738293941675704159847335054816164999812106667676351586441954867374366894190969674565965657783022997503089621555517
589037574336559613003051445732857328396096566063511846160611032428282887758416478342493585253450797841134350337368582635509999706103448189269529530477
1642398492484910596778869467947527753981559056524574728704836467104917908816729136691886936648805198127985101273888180592989499997689275305664697192970
2170870932522882058041077408362612498389574416203963513328014866759316605757362458713093915119707173500993211294333575914585884616300257116187089889722
1542557492390086987923104823728236728145555512325472463913586271310581744592789732922294404378580846909147149274023716110749771062547519970502696800918
3101904838189651529905284263135532423622828648558429101661300121140207074465599747249505419563657454828601832747215294221370993635566911287808852799271
1989574834635171712403896293003524984384177929285808704493037826968972951240973496078887552052289787985512169810985007908373765442713830546054236868853
1007618736911852462025233879323490065726320785730562719353239049039443671505604981889234379783984112285557457003606616727018599639067884196331709304997
2993765275549207370186856183402765872579892951744550162494550411445859867226449173922795702308686456864768090621837770530512741451391940535524840322202
2671808224615075056872697222457682904790009280306100282940029418850236279250734428688599819647636130487309492386233858175661946985841282432534619722848
1389743826479903031272427739333952910387282106797831090684077097976731881116744098006378077163404684903277768962078460332235619563298010927705693570385
665515496984046080988633777954144445157959385085232565045918703756819496352425245139483538411085042068872524541294385735385575283629840053982063223440
1534397046494799356931305523546003923930641209844587634812048153365351457177141713571032965954184008977939512117220196533480203539481013043298157832233
1092627239504889208870618964831091504448631124747481455948904588596451527760375436113756513740378467778941446645242450242771736772809282225518062444526
1695389559471275940142561443550584245533772964002588224042518878560887769100981693970335457871586642368421185100821577720085600227138182615827338398418
2913660303982333879513144725865062756850972495249601867418326892591046375902489082141647686002211606363547441789751702126187571742484190664363995333550
2418459835229030267832210802821186614396040148443615294974417920545802028923906116771276628379844892950622503700058903758528955497809137349705774685921
2440444800031534556044668685139983360215284544604776070301733252936918625654403595725715993561322853563519288652999424503410665963758803347381076315044
399416783754494447047797561725762471746101537346835873045734041547070775796856364630399164079082776368754844423107187837284454279487286160116539408879
1474558603173914651553987319522778654341407056003532731625258176290992294888114293086462779900293475713688803019607780159589231749366003040479600118992
710960958529425584389834852755776967505764145931243132486795075023054253787785184439944024368122202248548793082877953197762484639456662044444138703132
3005718822477839198357832207677212164721673621264565355709816469667591656527162439395585146670313251751180948694035949426856647905525612265878364742086
1024298559519872782566481431544644991653491811099632327405608967090504369996188591696447647321927198010997261697346835518194524694468458114588134940270
69923364430944794670366230373864575228957225246768539707779925500290383342484668441531833452367391925824972414010361426526653961734784499607338250258
2365331999089242128797996815616961736910024349670713249485431645387368411369606763473924918448876354214607370760747696388535581556146151015601116465703
2944993601987441111588663105320480796756973788944948793021668724708998230646518885067828260697775443866670982397938733594317742332137941604159812337371
1671866435179012407155939616837395876200962249590262754659498412068026307058879847611778432360291025838617115632789257826537500481804507118149210481653
3132245380400157669419892357438510002093239688301300632479565544282513445372127680545724312461835445548005527816524480570265019196423640917963537101887
969115984564685025653041151940545131300553084933085620371685713662989026943095153440360530373324205272704835133498220271469361486744702600687476014253
1871525391488388558882771705890806821229007027203004359837645779032491794215668475541401225256502968133702765850980800026527444869685391238016245981862
832401075944303678052272185508190239424483043640611149002862960795818187504522118942674109049045625253355617519166620568020434397907798301841610773405
441470876680592051726544237935206766594499659998345286575937376702637665999194073625042263760533185035070626810822651440269405863966444350104557772353
1488145879080822509925034794791025400073454064635654641770026566454390752408305722320379690466476754286490488338353065900104306581311074646067723247779
1897216846104321680717140334763657132689500740622072137751796473191503127921555247284384698155390909082355870772925047790494085810983217989913995022689
3123820887546444540267496699927481998732414969072440142807355789535087512983496998619223783175697024360355450490911227536794892024213425555807893331105
2940234504021265402898639552671459453267720394866367722831934267924793437092975242325559462048467782220040579533590358220372605799592632597844896199388
3027429746550331082992291951371021586013203264336267032112736777108954802326441196261671921728598333622750321551115789495860209801278270061542385016951
1157130361104073968228635659589425366482458826377523747654351485296967865750127960824188573505652721695586736753102679925849404412341021122926494953703
1059757444122715942284673572458598747273973620509145358382014841597630024100252361947275941293906704110632696723932721995781539326783842762122327451318
138140597171925597651741198055113021391403204983900183761260871185814720848791628775061875640242636290203095548385588332467324265665975232179133167714
660229733328546568683639712401919581227546774986009017608166500855372932569422846278409260334392390438422270432877500584882920699106826746210384039864
2567927763552749474855573405165929741543039269340392134300742859185559324608736042067032971923918761854213855401581489980400900066904346302303009728937
3013661206906035174769070404568640286992598299853647406365694150501084279644261336259110835073849481248427214642296865544365170085951640473174013586341
2854549788818428663639759559363560458539418243961563027689706199800388326418823590861479399559423217620498650474413634823478696496637304409106519141452
2916293851916296451732233295265691588866553677797986571365035535950645669669672542101425622099865211341584137241996934107465359605971590329269136711791
1248771220146071813772832292179514129883769531615232399453132995805850695321472094606354662194331835513131001334178489299165211225796530542172433818000
901104272730292956267707697743434725126357155329431122661258057046645174822709929567522655438734538414102909778416129320308907166006871871745036923874
428974881909334018955081936974927996020369319213525763768234680183202828330211811227532520487386081859881537531030472300163921314002800040655695318836
594054352609924739778285625587249126354640993339837668081691645906935133978562782181207270286226605779301582560335384521447174893454998908375595412904
1430293164406308068371624111309800374797990540687714378836360643065752986899885755075980477789521093777707416881922690486452893052824255275093437862147
2793391307932848216670680322479819794189246994081738414525947899575390375113345367125931665624900963498102862501701954488987480393512058361422633377534
1630908992396890986511921740656059352215555949435867362861681856852860519453774185809904114625002374774209948448823065198135892929590532522012809554258
