3600
~
400
~
2
~
1714148980773283190446181880959214051127149892671685153688174376910282303792443059263033160044752951080734938107056929955
973014392917420696080572880680180735859439058586180622401942627630122650470488758361696714609420077366064229710393959154
1392319390788550419800229554591873141822387985561072130797747135988168435989419060425466024080082112680097525197632214002
162655134784262229764817465200511874946152051602140457328259790134110563416198709993820972944411093846169727585079298322
414707652381868102845076497823777325956892253114641277995494367989161041240420643209086307541650398210380021681913779719
2168934279837147130615167323668850564302948139273632285095526306983786676978341424844834199814651613309473452432066040043
2564825768187081947836731905700242413703653964809103205682742074991288663894084307489104827763314034236092768554807914821
1849559457644575749836026735293670655172075946128650890242294909439833424477454176181849894178856057255548263370650895869
1214526236528908999107229465532141900894715718283714433663209377627318192465743330459858138927505907383730658348186926282
822612686960857198514667847890326551312575012534401151448524781455078583179272210282081590994074492123626261067705400403
1508207323084188613571652848199727595722182797864826767380440881854413208326938154174002536327675061221106857659205356332
1364763674428318345035056425630282381802345130392493475308295935144855717014746962405376379002415275640174978602004414669
2487318032614069463961598521556427318259896503550855146929336524433320033336677634452486993253189519160086743163635162540
132655285063080855733753827675031044100235865458302412267167597569685941821598964309612284062194480330489283290810096713
1000879419301252676275615686140262884564268966908126177403731904759949730807528838276576255137142498158061286470980587559
432972923924784991902628025881921383951406709807745301183049178847755292473549108317561970676841044312292374675291104596
1808147137114257398539511635771074244015633715972010625970302644106493012832151255814342455049089905196220731322081879115
2153313564634662394761960012249126590644223751082584441804284922179121402801278703856008000941224840568896475572205718396
86674401421976908886962870043894794548481471062055857411168898237904177496081917611854869960390594024966818700464386573
272024971030970525069283917483836677491657821964765395269322107793043720567024219457779497693799822689105267443531038708
1885003784357598769760229648247054625998339012831633209420538280744622833460025723794916854344592867540619047478006522931
629820095388675645058157574751376967133466219782363645212946741228782052900770932718229516654058008708413228874141853091
2294480932155921857190300866987720474122123767465322271433384819612659824806093232505249247873534688156736553885171964047
649890009932748991397615568236468313085001788909319883635902885006156941491828217137463442039078121185897653800929923310
2335953319080262066042124678911057557477753260146557890492889515536047162462347966275532654061408695972384236542015932496
1342600366643157354092809875358417274092395200866962108835172334050361953343209578569391041090321795156217682273916381192
1105464875671411311108647243810080050615559210780938299687227595421255926675315274002904180473222858864046668994974318962
1828739418275589864887486376207676767634224339586655792828899028183595375232556663618280222159062293122477271345035809298
948518075650086911319256521551209150982151158086962302239862980841146703841577707787759981745153750028783080704328461809
206103314228797465870577832396342505831716750360587561089155712224239223913672922831108728840189755840370285368395682914
2088361286196821586466321051616487065468850282898439444525118322884862149576561173185241491326753118940467903906927039129
1772503729998334273346354479488681078179368316327819173790446398435555972114277128004715537355267580528761440320980298860
1715656477981215108157378572334962544682340176830113489925927527311295053241770821061070062629524643859481402767894759932
1091028811952684875069268540180300861252503921323258209319738734061725459226288393650842572836991845563180436643130990141
1550271210497357855102617621272472801184195582952698170859356980062643684514868695788261629676347146888264836097850902913
1972700171785574586844793627642823650604696965600406930722709421504715332664495345596154020673979426608101443795479250766
424340345830978569330832996403843430963926216973041605259950213557969660389894277322460045440166794345169679956389971894
355562998070850937527901116799220260061496001668282170615375982548774503846829745288786596715637941566763254188463763597
322142572551096668905270647574746416343467571924330110321127481390427010083926089723810942200405616970630223406643582954
2367032739690169875505823573152137373493204823553104333287251546772377849966200876859980253317748201543197817393002403027
600457799854279449911735390007513074663829887429747046112361635523685419126195757928389345865097598891591029457686685261
231747841202567178655405851917396131079747808882940419762274392307564788543432830144717696488594450859018617239519078343
181981271448344345283346458048198282172790038104128368812781520607920684181826379220482986029097162711200649026820455535
400117306732183351886388793660139409684822309349200034810187017046161367034880429563820003047319767734879845099657258317
303405568687885570250500716771688132142103904485750000053354102734252233836406682399350874168650344548363098815943956472
2348770852900200829285660388391278548135789935368383345388149158359224048291719313015488748246571406097095706369086649113
866725391811979193922696490723167089797749395313140587636995261411805755108059646346380189183944273251433648359492918424
192356177421917208532724235471054235667718025888772473581814477099070263147148539179985226676362846938737350275311408927
1321033212669994851010176376819857698920244441767643240980628101978200926239607498153972222721237625698638611170893696391
819806468607411031906105061319563073897665213592976895955652213888534680960189321932952354901580809932288948252644357115
1766900425922360858214385015255943549429201474698351606904285579465673120672930088370324271778578476070929392817723776023
1061782770475321161192911153450514644365263119876178654380408935956686254990621257021101347951639572903926057227077720503
1614668135562688778596365361522529806459501740943749368747479184739576838505417280287579774427401748892553487340654231175
452042361302678313954654030584141278291187136023770568016932902348392127785612137230386308880098306511567968254506892371
2132569370841363310243174442993742915002023198304785581552048125326210867779627849212557689862529149107421780664502618384
184711761173185577523099347780298451381556547117745875809396342432323924702394025300070827855682530000887364053153261164
2497219918947252246777798990409964402953685510129409150130040379529840739139341657074857298476260093721882865141322626095
1364287714550514237847044069362487016038884757876470825323192892500122527760359839810527981894502344280606261791440424480
425549446983373958801518294564750197884889219850219428322063447910934487763301971857338256760746873791982172904880854967
1088543671122736637606841451025686224876057063416065114833566076568355511491738362646424554507186272067433267065479370481
1113681960042817846994183811119249105123095090871707896195023060347828149965030126353195791829034991886008031618065994746
1892390354475859243317232864671529575335715376069869027770508674744447870101134193575820618394241829611010741749956122379
284013842693100545004859446603828935289018246663114570418246842931430832666390039852887883233848054714487527036183453071
2236801595760616190568057213777864619626528913809048030734766292883363642850263758110184741918799572394114537548393412094
173352943788230760208939011162854694516032857826912486095459246302954735956567048955152740248632920839114712154751905361
1632493504611467362640864725235445581305804652467042554269354212093374025331119361607497460060632047779545468252779008499
142509665002551450870574248846299559458033370075739140873207868477776775663473421070585987984189827130153577755416885641
1954255580264146616518929874817790602877776247838734271324647266620952344345467742757764244547925735384811192279419560437
1552947898060517183493649551420869639822714066003817486485464636919668854462739620364489631466671081724283320201941683543
2055280113657342569372882252912605789599815800959518094883255488197906035738020833443298374603750861645417264976912452661
1514369136681194288011970483737331133268987377946035256728196705402080371392831739083127290308189672610113295602755129622
886872220320212924866740057614753171973731135304593332298935329326222660304973715437511541060144012056267802498016960150
782181301967365143209268503815564523770326289606893392773110178931868473179353245778955604579388008035875220926063087531
1113023071340559991911583683135797772473220121881303128175564390004079188707065459595486946249314432049179688108198612941
392252953002931561703323887917010663195592855481728001729979969651177012917324715410647094944840143567002309933425625296
712588986280389729000487217012737621303020589018773231713402345511639462111809300415306864677027433373231693192430520112
1463037279845771732615647709202600280337858840082574295618980389568280068104194438252563638502748329745477388370665734596
2440666593308062489358875577228020691143124918951910050204234772564688489586860907612175421707798844196352555976064213096
2163252666689135315360771598271282764189744827955737472837661731008688653992824322393053065185018491823092413660272005682
2113125780874169752441756377453528456328158680067789209035350433687892484760536757842866336644230325920538521826120976829
596131581117836963906405330925222213453452758066427244314056721958271481404783131877576854268407975059441634682849860056
410443691137343889568992239957931283887080992929412071430764824151111550646852600931144262498121074053512998862553879623
92024076638205281468668346860175967415244760866640632416407873006460285769717186575917536781297068368867505764793934265
1550478225308587062102354442822732773513653788584664654111124957676036660287081805093178571662658681416374857537807495645
970010300381814574286239481343595651734796217484153973195330514896475613571846608127365747032168339724250251012916609108
2432387258935047864166197746567924133812184464453685053825262301534876618095451991100654691448655615924020980273675588961
1541424846191498652122898648418097348896299707766362162573532938244812874178961162371235149037990918162302148467569549517
395142113714437566563210552565946046230161169427534119762074355978630214750285614734730728236658241974476008548008941010
1123408336653909503807344573016165005603921119961651789132638064153134043077598109702696916334085029563940875270289281484
306308164108279029867356807769150999493374170699351214488092333120749693945227513561005484443867248732624722132083707121
587450338217732932864066488151569520914586301814301147228345463349056961894630728027382205469938622282719117954387406124
1874574248120350898908131610791585239592730885774512244823017346433846649856463894606624432063321890805915469405813447330
1215937075621817872402661021392045332161739036783676537254896412002834970385364526219523148634395074461457099411302562773
2039894566033918272646684829734334216512400161838697530749599311091250446809321637305666797868544763697961406651873195055
150117076513380599572676242911674074799578626987081123015992420610520065488577129389431363409547783162762862174925657760
1843852135487525746184595184783257203205013747713802347944804519416096219368328457914795776618931670692175037838649913861
1986118442649479361096447616095453194583995668150271346547926482011120311422278438411511291318744955577531160351709123409
292112954726269962817728350973767875859329236098581235252897225833786119621531967109092680376364274223169156799678024978
2048059536588158473790794586739646318160164488983375160527245083094249384898557070490197278476387379215602547003050260918
1497817677534742566163733198893702069993179282041707799466654302528808539322925986966137262664335774416543291535038359777
2381928200962521547793379836127796758131574693664878423167226821742699855945997860351942791250248720733504527227281756837
262138559290572755155925618642094718701009446273892936065193218498430799395461011578419523558511992710837655790981959674
2378494594474037178522839352376243421715992217029978916189341726852787890219773094114677409402486910185426352450916228188
1945018518413169258798326572979208343908494441865535514870424257104103032644198381736111920605222085459253189131172726216
523074222599184586720307706436921775581654209374349538140890718873400139201266272907607792390766937345518361181913246091
1121041162928812045522496326878733484152080556286841263043761381109820111688771229332473983855343897481290836211839215020
1741279980077150919087267327014365467569464090498554721537896674718590746095842691438800712281542726643284149753408276465
147678380134265077643369965540716119606060204927857549995612540914504678484626350297511937113297483965116400734855849371
1471274775032300230506437180985208713673736341400678802020888816379132264700630276169451296510695103903963742503439264481
1233051907931030926874193239870101588570448419322459830208886405837909852367423860087556593576470991456463584413480044888
2384262865047943141420510907888859388163766567694669060061842034843437353172233507091291653729677905916368127313805014375
2473304477238568366437578547664858983128728267642976228227901463916467885589026128530734300922867293755411384121418620135
286102351349277393313445670969628407536658129935480090102289480579871185133552172772770198013823384179327849319181296700
1630981159316662925513849096433126464089370857457904384035392474325487019672419642666508646076439405323346598136604719940
129248167568377032461357950618329710069575568599730549789977249715754349332244667218858364541875426790492504233724513378
1180115388054183144358399701994073991870832724692663322143475457772913354317738770357876305502558410031637865623247704407
1414570909178227243022912367496053113187374961335581465155195464549136565422080085422459778826343406447916597535739521930
768019598350524133890966530415796329693596556171133120098436001071435098871549628086376815231002897325737974224925405880
2509506260140540555381055546785155356074437669509541400805010479090330665724423050610966359368397597982199782403197192189
277556781831529334491881093201701320240142647756121632875099785832356819345355007229414358423319575555112207276287828030
828172483471262619676662456847840201914872259367713145736969506286426765860753413213032998360340789260161525842148609514
187522153057568456846634643459280031308284397575823738734384023149849677460854994549186271796095156253805304503409291735
1753663912952499422109171627136401699369164711450623037821283476670114816521865335990707082251032162872761348752710079657
1750434356769153836205253296285044893325717197428710474154152296245375328827218827823231852927333983212406686933568107375
1830975793947734535782443688793137811677017864500863307959894352825271045646287718352556440916936894679647323898477381115
1295362212931634248689719917924311036078774259192206306526531621928075404847853543467388052269737210577660524748898281744
262475460274750437459948265125255736836269410753236468738926221978927804430597672979381541611909080740997767521423509931
2261391486345536083221938648272749219964797914389969903931923738523553814306166154737030232054667979846232169699774220632
973594534967768411430416711108301486198712694491572056392949212898025254391543826246402465797171806349015312402769621728
698648896427471323612646676352572388112837477750803560188812118752595446682309959370467860441001938749584768007236658980
8019039702601190766601797339478963737630899276326332966763227312641162753160987387236834285018762444821708417794931772
187358953700229889383031795518765893016766338647606907921440252369853274983806613697848882649314287428538052489994362062
2449388160643367065706700374918311824261637588039586912840799569319288850666691845096168384582740511298634991603752115181
1193760838770388250797522586977177473986209350668120966669263623664659109640205221495603062510726047436288338538313754759
1490838072418922864891136973096130788481848270265591916224771643402730217771445539367523694145530972227948826768499357545
1734235139497686596616660469609303449925634401569584393322401018356747922313560023340192790252013006546616111515230190650
1847368907610336675194754110681721765173984601174122855376099277376010801509750377182198105495512743638777846879987708937
1363489295000262940332054867247095223911041967656157175069375412320254985508005168909526290574865196113011781068944266679
1339758626729004560020719796404450832155502238205640302340379943220945416683567357381340643219286398721789766576821050899
2315957370529615588813486787869140166739304735005213044625844156720363209727242085151670138464939573398465135251603603131
886061121041730127289065725606928412202234894802354081471061090152435363181907399555966195549347100543560790081850831681
1367123357466953160812940349619319803789174056359916145654943101003271211610086926789846804401099889273222592014890390695
612124847981478572886959579388247466312484854196845626740332491858164687431505422573549626621573064828444752074083806321
2277215064457637428786582792051700327701557210179254510028233416764820846573614318122196203744173632153453200458718939430
2488141137339808544756168446701960201879316606608022284354983373154376182228830680825058194193898183332473239481068413876
1134634268356637900025830294592546736531278570178320743215045082175344972906662232285206879553147879303329487122893166239
2375567435348707568083295107973872349527673250639151959719914257732173038967434665178738353202029581826921768148572291684
2057874241852032603621360171336323658954213220354404246637643375866095854533896235447202632669656212441650603439629614329
1610227641453764445990608799378445602966361294424790234865160172150229380338573714400705867774520547981039029749189291292
496438044660598176278304680182184728426458602503440986734771819512777241296170395270154664453966269918519738466367645480
2153951362634991332361233693761119154460873377360011863680851341805151557244073576056294118024781101477834206417175954507
466241495374918766389900407972182251137873776817145980027248311637229170142390415840924361701396355308902651927932432087
237094412875133017339382413143864384558845429877683744061754761425276695240646897457513519342931672096393981479161216282
329657561307255492391085867713067220008853945452479928576153180465329939377537600787413874687335719222587112400462758313
1201270039826772736985273420278281772521460460327282509423286131261472066437569107484431604820465160331732694344413418833
1830952006518669501847921594147390790061706519030764020849274142873900941461982747650786599874925030762179167363336070071
672835036428920102748458718997227900291255894420416303566227188937652274639807662226285987486950513748064393165170545762
587437157838733708154137541690552365556034737559953191533747130566716817120580995606763651420447282644691114772236245905
1591640143500278731743918297247881600111974467984387445894272197349973246134935357766818448317551384632012901551202718196
820391333463024439534818273152230418473269011393162529406087773743793564965773305337901820684326207985465553552344939701
1756159577320297417591275769725417480526157902602426700050897253230181521201184153471786173247934588344068295029607538750
2136332788644930822098506809173136647266354374845992798236474040877762661716910206015199722626126093633184456649860225114
619541389428759122126675384763816627988879492034771810818712422734064632533907382470935279385372441233169393190643446107
686842171438468637305232352949653004980707713383439380342745387142171510379106373165154188604245340565387676078677838862
67224997109980239680820371032771570576823023390952788193737943960204213297014165201129184170155829639422536259619053114
2477077857313778547093759171540452037474951941011457463205960027323726030151776570615308213055059881801172472651754057055
1157494875862817169782553909396220680933784231912033688807441138551278436068597086263806870749660844554010979228588110214
658289152248020751800328450214125661606691871876012157381210311185655954160813782726694632711046145587886581403735687143
1125385303603137647150530438922290488470325603948973342292310148059126076419528394300988554030354561723760686188127194051
1679475106241544303583044852464148082741649323133237440098210421347766658561254492805847903739944739094240221653322026478
2579425075897044815628688333017634840526277012267917569402644786975817166134162668432444798316987979994026924197003531914
1186277726008231552956950659682908434334720779124138060412387621827409865399070138856326712712504904046163698998482514542
922881474809315130516073663734415105466451309530203044405519046287882811089104442629802650447886124238397436309168520598
1299199627958687156003241479009373311563615176192544251952905321215565836140610665333821872286473881217690192608204101236
769553454307360111841742150440097366942614735552892910223789685426846035962074310990946521554868904044923572564879794615
748682443995260496662409615042755178558724261148765608268049400802744587336782479660668420993410458455336522746883729701
483192079043074371479743089332753560074395992617000648549187489786829311804891967411196414984207604617529346369974955784
1833438593791627815394657137693609437184892408681144053294988684103975872855249071064694245749516983096826951682493426161
532914492767697379366664764145147157633020534268084098078521432823615319909006783650171449317037894273487406790205778347
2060710550471900021992084205650602352885021883285025485028104237973204418580835737942552307597675750554995974528406826784
19886258953817816505283910555407965106442840349243719268580473688112314347288059393437030660076921705450830565776102679
2076290734868261763919294770319127830695818402408070291396785481007210123584761378391849564619520623181701078655815173371
1100095662491676815937772305613839377856111465392155275629095930274054099332435156574017854449904607156633643037828751904
1208019347192272030983655682185599590624543863747099337021747700476165999526806760074115605664946507516019023830787465379
434216734212570182542037751728225017291823424742489086109727036958203533955103276364494394422110377846819271769957239785
1204252586148998182787588013332419724701686143128189089360988762479770519413006853890978805791601888255689535069372955810
441925305064346641668307602741038032828012318439160392576248938453298617474707770211790617785340673819857203297305644443
296994529337412055326126540318939189577731790580471191615404292911651281450139901000538241057257664572493196968135181674
271086571399953130847916907561356823632245060830654319194932729713552924674963713148921820152634605478436975588176336977
202385962200034224825571593671061159603014822322285978556833995336810523510081424484834997473787217646475777878524127126
593717558433344021102892622243993761237872364188145253369960874259650066147938205482302388619928705605570067881281508290
1293089469121847389655174548691513364306045801759522052895567119078162484147292290916289940725852105328270974165018086161
1738146326681055983047066596849751552991864813614670917606978313421030551325189104295127047852263668430556636146335491622
998809486333259875011652549861172230266902795279574707227053202796229251702564875745695980069755300636808155930142075827
1151080821227399655715725854292240319985137220832953639534629010050817750689196656726303509136684547200876146576200755404
665914229110240819759061252946340397951474304741476684705152983124655989281331489232953853343417638406343509319239502656
1782210657736370726781786017690185899962460816745417031504456120018045012459873184174724749351847694317217055673493789331
279253388929845525875651714364147934460839541884703824254803151383858641529880094470118519846560917335855035719610502693
366021411891908091589090369906323565199593770899278623008692906977674816747510629200208629260601557284493438615333462519
1592046378091153980976785493066818613888778403096660466840233609037891459856576086318784701867619713348266284067072392067
1220416416437305635395258188695706555905634245697437255521464438047924793490376130368110749825059434548519220863722673687
2423181007810541626309144079725880395617216191266191706705924003189478041573252966755257641307648829144722948829659995208
1261867371373797233229081067439093666941940449027462427086605241684590229472830577445630161007144613354624285784879931452
1688294093703184365317811174001071214659067293293732755449252139184011608803062774725596742525876648948139911653683965354
635388567339487338682809688198520263364421932138459133124432344285131086004962134238836860219083458354037218328208755121
936718720530447823197791513074698046476710071263862118082655752613267856729483721865273450156132555472951127792906828878
2097740068913095288358706728685012985125479764176117376403049242946092324798297386413534700969567563774678272228034438754
589895588272837003096074482079108051433637634687664652459935881393732791589613216802452332699160815520274904117840223275
229515276937821030960792856302777691760791154409496653220087451424718596988693500652676657782679574205018819303183393280
1531030733858826567721246787122805492801363346655933715398383454713514764497789269520717698166211781599062470690852753790
943327809970121413292385459281183760729582283101073581604703479145660104809882407513521811398561904895310439158749200516
687632504077346014357534776441782838733475036702580408825089519864265607379533541461879749931216843387696477488931439206
1570854174181598749506638977830618801593948693104346958571917310665537029195595127986171908917602929687271164391210900185
678128877650870129664552800168808623692824207042002621113847542155473482212589266774196012531392658042224664852755504940
480101421629821925685515719313255373360646307587465457460797855505532673276619388699379261404485155729651065484924077964
792042984116655278184376722264232188976185037595773702421510349039517064223581851225346193154491115365517664140672865546
1096409355769308887868425401643351407983812588452006776764440146041869127945652509148618321808986163540537327195752659638
865036838310309151729194130696303065638874623017845464984901371418474710551728164296254838081189226953729119235178690263
296810603026608604200150482884402899592215884129074069817361808500139323454205984318619526759944609512892395749642858514
1730095322781106830542407445419062833504829712697061588655778171211488679055043973908788501191845003648884637608751048909
1915590324066306017347251218377047220156330817135912108617954813173276790155508082779888930005263387534157909477527955058
1273157068421855513637215407603981801711824854102523660517938178170287960414853009494350605995817867967011401751796333653
1009420864590337116930984489231318629011718179185697480212631644731334374912240798223601002847435852738893617706429971956
1414395991333078676371523900212828498205007021825986591286722893914293586360484475282412194310688825368541456869256065645
1079591242125876881349888255552466299035589673061418629148945484489968739876127329728099013884725851001832515522260760231
1072681133356180388244741809165527691646765898828981385463947364916044382152764602046261446675269241505165285360842521139
1594618279874632429343635580467802636270418521849398370205062138782414241367312154039617166353496923795303361116341904775
2244139226606165547457446577977255090122931340016622008279004263486266835133316047650473240318044718702419249453752034581
1096779510514116319602024829478734076540552516624050468588037563843618999379640900281642023506153068565580641058419696965
1661837416314630821773603642811561562487903401932752998090253417453326753156910848097471702688610061642587256320551483771
434269265811006385714147454706560414994979539598676039732557004635589927707486282106938579386747649075728349138570210423
2439665037800315815956894452792671276416561048889684031207297734031696693064655595265197720364695617530165251404436935719
1852320683239604523015826157787802555369855282481525621993935812483756221207331816943779018857949199430054109013275115167
427542614580530483600177702372788245710487399071879504849636562069147292388332061053560378070240716031639572094163353799
1404940909469846204060613789419594755438687465806892956233557316778487940867326232549959119965077898409562053035248442971
2168880248919491218457353012994517816521919033024491650093200875872329143932510144466807598706663432958012877159012629689
1303983974285218797976209782592133933567216687664516822345233606924940418381097173610138616237024963564096393303797059939
1627960292608636362640744368425889405875358625695535191439195047839812341805045572917900983086715850022099033020513789470
1747863217875959399056707677768940398506283775952624533558025813188355591044877443366730974316782817059934019933073210781
542797457947784208678911635735799384678097175603763872319300610579999595356544720492849084793339624748057821385901497586
2123260521591255719185144252051708524932328784482873863276141062410277686407399816758173847669403912290187155859416079027
1358255685599992258441808228893039422358173100685304584181981980471545600489963621721292006791091404148540275000404074010
273105524440933543357946601947297857944862213023278224335027754057807339872309766926229178175246141090698065194188204100
276309414990780459016077007022432934718057244842063802693090528571683027334537346007962197915272159985420858182614519648
202015417923090476801379451001918485367544011238105461337960620691296253180776855943582444410196808427649284218295538214
373241360804935662369145406407132056814437239595835082867767077550639026893359939599223104174693194445125114517107743799
1659729477994834110309712841318458887493294814308173919018559636856896648360698427485075094131504079302793712937993399812
2494452138052352819574197368267265153814435840434766749275599241679793633105689486686487523299155520050027237823709240514
2205539283694611213097210531757823288599221324704671090558303963076050322015340257160849803150747559110146131354758604350
1894343073492704531002896436067950042821817323992672736742855980669998118881836029069534628995707952790560520154670450442
599571073536991778952990823716783746794983214965265027439342282330484697125821590243046059494307447695674716530000000513
2559844941053859037020082402814251978534241095925165041127180484047871344312686309004186423688594466907670394002347593257
184953342021822638994467033707857506774053702589064297078304298005258962209729796645150267015268624888879346002022463933
2458350407262432420352546022029621863774814948013323208264113486827585996420691742805750306943446677476763797946619999851
819895807566944625988316300075829771879674336208725579317551218250442688458385300145112814682684490688099214513848552012
1387591612025281854638070126520541186210224084171738234775391730831860495174204935587943009718927635462029014140007974886
1471325090676341608791978069315276841013577883848704557707974249452016106091885736514266534887706956508629743279145528864
1357989040339157745029000062997780675211180354714352099897775721829428155233296124501202066033728679170585718646327529615
1679482349113162447166210533026194979984707566811604984655505631593134770883295150921473090823396584821498273891432347623
323986262772263946865943315418168473484432379649466419204958385153800301280775477401716515004918241162072881942229398885
1051738911083951867467269222677014771577620234366727639471887073926837507968907303015355870280519706069508952477295332714
361497204713715963321806380475762848823967324195193957220494905939878699129257702664791035434671750204832219429431868304
629543930948947277088239851250141193937745944189708431740529314265956574852006275818948647859279461464545380089691553053
688958881552077206672010832832763499318035674927564954720094642465390866343926735663402351124271791625786567062761645706
126763142538200798715779873583740505648394587885697324628492692008422173757130053836867046682610933079095384747567495085
1606659418258412142865784064602162176800043448400246465602171678100120487569461390948132427159421375430255756536977219375
1617731326346795255043515743576069262290385522171969025601060141122494763511394366573610446774556198902694379868567460476
1756870156065262056866938787653384597148625312876336733261283013175204059683593653808952010339609720158938438780101787073
115984401033642810739447507393645143314595206125075104579652047891196813164857365423395570548440276876618287766516800723
2030725527928424865186517324719446651957536948704095032842148655592111780774223509334882978986802444017012122210511535873
1209923261247107754130415391797379074422521992731014694565829074361587355704104407596680649891517235110418313104738122920
465059055385158143442508318472995954927311662072253918442654769095578405432797747424780797398616167747647666891124691007
2388548635571408586512883736700473808624323030329861760472410274234747767101339697180623215791903926825586067515565431479
565487378192548436243045220736877158275910932120407238860356188032626836757488970152063875174319234221152398341348790049
1042417765716231302880373111632850923513445325328186430246017935409297476984397176084859900302571156511072967410006567454
1954718190387387600646598413203483305910782575600759429892294409834873902921290893174967499930958164942561783936214609398
2212549473797404810626455803592949150378086440044043527597626510040971377883210787924528215998067964481651432841686618086
2568204873064933304719693285906131844775312152231736045951763666592796115083095351131269995052567874086716179482531001374
671868390215179550336251020277983023856229216766997751795920094278711434987107423299311555660153635425629441461809865215
128822458628837175203112653044454242386268122233644893538280301026709674674855309257441853152853786894099274564231740728
2335620869627368130706448822495531392812710128202234498122651001425490389483399974585475459674192236163883722971352288827
2012989431596069388838878039103455193423280126137249732268772696551283010859065882852890981909106696819973692010699226911
1607333253592381153463753628131719361904310084061039668457132661704175311906917063113066850001758478354272516409545204891
1802203090387595764800522698750348479647370600486210678952878722065264791533877044114737461875214296321824814780680146418
2187640871444604342842423626270404568437442097407260645298982106074725129929479114564828021740000277353232785348355552278
2367551913990348034130058312121553559618827148894367803417830593635891440463504781788694816781411194642898316271229958696
1118615717349820066998799674243789657883821361028863062882295303325780376974020159490302644188481496827733801705209671986
263142756521235109005852884438644548694850102479264010007915983336897324103661330692030379261922125197445716376956611523
611837021726737169645230707607594683410383699515868329867740777212323187009376423722584634627539247205296017156538784765
491452709349139117790341525235349133900779492287517310798650206591915080576625548268261729483655741084504265216719814177
263721522215322125645788164046364242436624111396105590351576541598178472157940449187805284987146275090451295027029095147
1885218058451129405160230264112828615585760344073894596819052079717548085374349736315500710658164272679082673347696593806
2152996501452792840343382755726633373679681115182074931794807779731995493924585597230175035879845978604959706859718763993
947660832288067897165561036362550961639487787357698425070811756882219375083625938846127853789494574367404102567806732649
1561884049062356950107388870605910036947356825426793083508640716991633297762573170351163246213054695430832708745676466032
2065827399354568125483876383802618636169813758739450854496199235029623517177579438745627259456709838100959144783878898678
2247945171929984844017884376759091692704712899921777832086362354733937799904667081804283137656520152801977396493592261378
1457344951370736971920614074765228046832160558991725795620216443848051166416884692906181249650557092642437321615985353734
1465882581863923450025918515864943725187749803666536678690652496667057635452310541455967854134734938273338158081343431013
1673222261193034443983963098805294507164464047213252787402816816969325689451533905245212235820381799295309764602839197715
2475649872179521219230953233577612948073151718123501724009022794068405512785827405575747204114637389216125275267259920895
1034476559076016777741943901917234999071860305020086091039806861295031258737483442489323343935518210700678686572130484814
1530526921466233566412003475078015599856382987530519858720658945006473317008738759742338084966029006249044910733096370381
815060224278203221888625749941298590409242922095888198654661832548846026474745230686762116318734353321261976702280845336
44777184541187550236615159624803952747772584843117323721842781860777652586483172865323695138859014252126120173655096371
371079936185901803553436403037331101684019257400782550072929736064968436784930614634978239511542961244864455080007004090
1269518193060557245009817416722454607011214825397183837934197536397625089015695640169393746919627705236166425836090606603
2498426225470659574717482455501630223574816603040028659180359996497693553140414981636672266528830506053649887146544704924
87739319091728314498586822559509215860224716339547249744658374934975957176727280315768886104664448386274044332954864103
413037338021947013594524893396956632388672720787679390603622301810165075165194266145655458094626695538874603022241343318
2266959339332153442022903531205991256306030508070546526710768713495699535191527411525709181780964967503589196731138275162
48953649337088063539355344334197129814530060424510805493957839968102984850003061088648464682368026613302669336427412127
892683523674747926448845973707572571331147735009221671649406569668595628225491617237730222923298952259487808851529113406
2452554601924285737106336542792386909164932304399681725910890777490496931496698318040679788711698377852011899975165734699
2066462260132848796470997493539675270663601529503037140348084243824504574764413925549687681949196680485216543957161289318
1888972689353720560892612707691845171978711574917078508555274581071613422471818434802557840020181978852015726566495858752
2003920755640265058076619984227672637695560640843020087273153572485968011493101316343883454021059560774534808787519493290
1500899998785419260538425176109783410848685770285213678849736318822973376587537541978174504138074538840841108311760478017
580264572038137137606042194617393753143632491370316999040860935149136000623093823746581924301925719991327612529298273648
346439591555528128725590605614057831521463090895842930627457711629029521861342349726271613521926570652043843814569614713
1039996004722342114036738019341707312747076453978102303693265175696226631433310918295468488320056957237707070308375144997
1317702367060844711837532059445435398929987103755931129614412716049425521324299148964500349841803416456945918002072236616
1427859551682283561368326391409148750971383749105895308941981471430958447730944976517289170469971477960669112369147010220
200015118499502673781045317134881593936411241313102634532124979365743209656713875113132137776287147578066210023632837369
218091032170610405904378070960023149343476402033679111595063660523079122473918220964770565362283698416817800159263459643
1727149784232502316284033334489691118082448453251310342015608578764774154061882098259884788393604322635632773646677519464
1421933887486326481135638410072674204014232317044778932361614312232315885025527218678742785062146666028215607793812421953
1385505029290299952757948735629488055119486662897021482345954698000240972341058905729793499003889728881069870165083430043
1925477385023001041738872958999635582991896859987203922829934216575591462543902920995740905979856575299137835074316652534
2371852884067233136747431657526658222144686345606537994446710222021304155668308424342540128149802232744046654108137443978
48191177419162301858479201630404802236517538813363024724778007631601617999632194249515244322811988811318360141766828349
1021974842382212648929410963396251788445526475061630404558066987233353964780072122897802925431139059009613013355385998977
1280242359377721860312455468399108872952509117365340589253432597006682794880012738243679012612116564638029301123520410393
1296577340229239956746689644154750916555479783006002809896270483396792008957555549231939629221646014430095170697375024264
2385082118629631388671840408186429468578438080333494752102660553425493968134475534585632167186609430527736222587676837214
2386650013471764596607757966360633812736000435224047466088488963747270306546112205713567217008467118362467703817269272410
1864549653197149657957928428896750330280793460542361139255678478789783418804975352297224618273898356530035463353256732288
2185794286860049101248024102375202155370497109854989816630287320292826740250231646452401273411372824509820321098630652151
846260713571819759560264262162865126674477159242119420583449173276747928385048296273019413233960944308549425482504244986
1547258111313854100888068412658224420259339262091279498501274372060504565955071856916920167909137061082241298101178623746
328200016082404076084446322632963667521834238232674106956939330778013284798347094475640348786333076815336150095440863502
2376766411196713884043054145183257025259384364651536041106501319490684178775190256097340207309372488769937413473115711371
210987005680644032700670610217293449584840430711874208512388625727669261880482978561360140668840362928821470333262813302
698205768670677747573756258840980992284051703048037283316537377753426456786397161166009956442928355658190207653480362569
961542821047588282495510272170662171537808552843190933940493900375675353939935844458128896840546943357994908842556058526
1432379142972917270726366203071935343062889228824533186503649232077919011878457983922940019035232792614212465808054638689
2383141606732668594595838309843028597721922073702015565647412538610061696506522031647020044495070524741360549564971045340
1900863569901391648091758800810823610664218688522547804672920231227706839037986060419939976379467764692272683474546374907
790293519561148250376999530731169458910129640040469909609442353696307010101062067635862982487021021205567283833570177659
1848976055631147648642391373877989747241493154919085758415351389710040927258369918480139886878931417041297968109895709787
913021885809337588430566112639775774212134630276984998846603102096795231192813329457679460807337028539743642352562750802
2135314508859986397411556020899820793711881051258872686902883478574393508933765470429891140230208813176201788602005124637
1679976909750059173805174078457546060393514386815957697915661528168828368313758449043217606041771951544956606841480136120
2483015806154368842035708700122331906780648843388976080933523453970215449257289210635931921569076477487928787994340968346
1118042215987481102802195701023065571837590654928326157804905724723489136265567889318997967891142240065713225835467699755
2220928824281289318431571529824927451258298146173979286521966849865450482197246479653908002906295330947927690219863327416
420092615528960142246147185493540381371463190312664130489409891234933891442171106388777083612046609025984439524813939485
92598818901870206317482115114164655047348306597334310707236814302596636341388969646484595192020877679601290621102508553
334857272650889881431014174296896729922289074956797308570300286106936892054616215620985751315100888035940661882633241478
454597993852021201456336789342873888553829797100190999196248512920917233811281712452165611339515755428237161930104254140
1822039299787709809383186064848892824166010168229183433235424888300614930028817496009546845884419843910424780296168667314
1077309963590723752760096085594590484928603629345927069295222920127904459357287374701315400488214250382554839960579419839
32962610922973932936910656238039328947778358414866592016013515014838930612137254666419882421100516098814727544354512465
2053836439567242649486045362615503282072038005836972243756050960821426342140967616895126650643336022525432788687818384244
110636240103880803886843166253927372852968682465378113993550573160301726951685910202572762938085589156305589976144157152
2394032744299006188666546143250588824874823834845465055235991356718617349033021578813591588210132932901310533256164753843
1785458603145331306177324597770581241548217169583773731760322789902271951466662613516850826102077906484267994393148148543
1761839605636574997701284203439215050110703654030065510472173486827676639812373386359236768302352208737165110343268136915
1220505886353714486873398818342256395441747259596973667869466836264462695218643810099301693949286257265486626147054782537
1328191166135104304453652892372462111158040967303531507816536788771226866819555026902421968679481191877288222215708967026
1638734828513733459091129463162239208943360146317220216564976757634024390025696210888431217204823890509724945686735513276
176396831816910034264579277813621898362521868657841910038253188592052999125389808249547180903994052273808865563077044521
796017741303807964358051846437095865558103534808013167785642151364018380299222515804840151311963206470210004934295886385
577316088569837714423800644369698482363346812619381939352267863602789433338710593524221526564685196445844846378304434690
469438002923087113555134628468213773767837749211946059032081240864212400681421087932997856587786559884964859983538995359
2580794432240021100605963930793212834133858397215564801402346565598510949228175308922267489728792285751625844329038083120
902736714101082579854134293504821179096415933599788703243532819595252775578823845331614745375916756132055946879503496401
1427930676971504064377281788971064067681069961257430107897742254891027024158659208633819631929186203527616193038942201646
548213740371457284900914797234030535255514480791592938584377121796432792795106609770202731422690074980183372047580386271
666256420227804893981130851588615371596803652503613317586123217427887654322350677553572462132222222521234847949948629756
2337379360282647665189172896948169360766398653793904153914236692798482681216801044731010739945190259136922307824941846925
1575908295989776746645927569160572602954124819937470046601751459685877728264141226120353267275259692721297504582997852917
2581931049484928530589310745176995718864304517725951120324900326215737023254671831489826259523897773377578213989300277387
2121333139522434789636721244021824271213602675099287737299079591574420960726280900760697646433726035415363879856278129669
1700665211070558781580868383940698051999882792791216944381414195052185144935000850277665130192879900019221270983325936514
107037015279253006923505091455671831005736780602878815458623697381791352859535716199468426764591530842074157164545735353
670985634486587167773700302183547178070913111601434849866276579019859494974475382855544773199146797199492108311023813431
1258950872687101441250005881753743478878092910126935282466917637053397510932853246866098438861596061413651749700981223455
2098941998076965940730442412025802779107307983670981561897588766043415378720581194254399687903911148663638058287100449052
858100584767602550284111923168013214500696048637813946864919976825578568545676888150609686653797951087962860669268376589
1136553330415127666229742798090972182159462699263235744516253047180210944131630613369206634179336527699143663261531857784
2255592697276574198119455554198139477572451865185665444975455265118474505029177078557460131576080962285638693072083180473
2202286939267997065581972158961517318609207046674571998634633055868753605052570888336882543202650369841866647013177134256
2442442267474032275505662696317381112418402186873285724852067583429018920034616082072214126772065899759000686165481961065
1075359949493161423282491350441252601614102175953392387318830789260308284529579253651535952804287791119825182949895812671
1318749488198139833288690716949767776840423708685754435149370180372340126966559135475641960374158851160698580572453694018
1016004632953824751956716807944100262970525527247694183824691921655308198798410059815994095665410720906541843216360670167
1902676159917013408319473710899458345987294017632662528545420953352451476662244184981175977415812074516408720822559210746
1859070434510729973304865675818639793548545211806008407919226324274198150352191721134878891142666914658306760756929562680
108695088907779614318874065240931099932385972805919694828884933587446353674455577063412420325916965305561989008176431298
