3600
~
400
~
2
~
2120690114086824443632464484138183584542278457976113574959485050376115283650551729036810812119740754178938714813130470830
624126268410145612863276865666411133544648061174109444127944316250177245336219115822521082852140647080211723894009762797
1406920153270228663672565707067548055275487708761768907794230181803352981879109128536995299237460928098050942727361309445
364475051279990864959675027664874808910089183822879656397002738793655826836336233955363847404228480381882381463634772256
1301600657969940381932837876881054931014077240870847071812916442636254369684425991780345293472660332735485176330657520458
1112388056093657741151942824366154507207529985075025306220483133307028355488031145253831047388964860613512868863848834677
47841830779865737737693596175450764293002763018662141493065535741726076210898183579650410147155459455040696169059722441
180183840258376467508965484097292292657281482552433508096557586570352994205716756959802287522994301196032255846106258345
2482615033666303260171946581725748306066745679612369047537342746273473585215977147139430084983768603288760795102641625090
273479233829356115477954170175019146716767125107490020466105567330911740867178809990950419980635317924203723152461896413
1063818337544194003868889046288044290634053126922948353462822458582260700628572377643464103798078764675635182989588946794
1595723312873772137639606498121557011061370771068214927892484819887640703253551514164112184194875291325253969998199956954
2344321071567640042374444975361973561196770665601419908526191165336490351950509723519185551297267082562435732850599307851
186720367717273068737440229578620297687645601120118140112915015143086799471865346761789381886622429719790472167249568617
2052774275356230287381957285241642754277411227387511864587263962406090577494483694121201569408719248728012431566411605031
1501114439679662503781452941852941068068184809260416073840833073780095199642228304622081598910028468566246905291238155885
1582160184069517539969843340158271269172483636584259497713648383772280731127479253321077882608756487346940530226448778470
2287115067368920483604736078207874231558260532811053836536240179987620580236204289550678230784730161147572640401437692191
1087601244931680893436069903075516168536504061823319712980717218280380813157332604446705300489228259392592137116440959115
975240064002645924607134009654186477558508974943558325724230291942093075083081297588430739446509410504917106821693706160
2176065305930653231319940212913039165817567369026214187531516686883718818024495863867421191173164884584368874874307074862
851210430435510183410093599237374575449805253791237371640287452708434294264958515959323408009948931457397932213355071164
163904977164960710730770416480362466996985246818496798602678110951510418471438827768787723926746104537161937081006823399
393989054826598519305788057932626222819584562958900675329072369980564653895334079575841810588406664942479001697520583886
389259580928126497973951859810759926973525305086031301790278473315558310134751825456739074574196961217966644633110108629
1284330593801381653127849033110794647722845154533191661508715565604923976946065626127943827078493214079977452961849438196
1445058106888077488320358749330227612011016965530989626999148343610079171803177701905657636870337107048117696387269936545
677465996152473671874093524057706019876357270115844130006004904801471551206701004829764317912025599803887758923545253761
2285029238170490473994105286433519545387458649271905236678147935651773636481780023604842880243904223169690336234044533146
2507818525913522418541694175606424107131413635457591617959226934581453991557321985592010993684454622102373261882968134522
2122008525891613187331028382144052166562964367395100546143710645020659198386137901774529838660834453405664070180711087407
1211124065590525187815554782202123718853107054407675449858536011764975506033137875919126087017818835206082887888197717546
1855118161401032440714808327625538992418804419072756535618083474119096060128985048037850748083048577524768371201147289457
1874280290104581484127875941047736852307486307385070643675532711023028881992949731413003319202078693072543766509377397312
1717388081767862133838556860748286821279281952356317633795790977167658585538182218700847758236976979146985081554660248729
2042984087948552383837425195575275711772409561658900125343854734185346293570292820569494679880085343149278171965145078948
279437479051772219506384150240157128851802381046404572000328446062066225821841936484972871449589632031371404337770562115
1519446008216491242337403826330822050244107814131404873766435036494651461185751007604197407786293095065078593555126323141
942816672980008909691452613197327585008871766091677891147425101436511401614718512229790567126676951225394037586619741803
2319193648289993872490557096856715426680979788075607289210818988278773461248406217659724186717446890518943986244682785598
1429426964668280734656487437194548601005213699463100469405121213737106674877042939977854745910279771194357252179663995084
2316539698890128302539181067947287044001096943825034379976310412058446418807558282465034724400011125609603584525958503298
1354177555815661925688802899994877738890132675520365580916857950428619613863198596392716270331277681166440701841630848200
927422811359640746987859796736601973204814239321396800919023732503854881673807866331286387488289051253599753009333681324
756372939991947207228807130738070131519956905518769196367205417796773188898546540965546625905205212410192360546718319807
1548986846012594797236037091600902708470048876751172036206064143089092194495916386784024634465743446839488802784095088310
680591417109405356199781711506394035060378771963345502718085180604889323914214710221534571206185759632676011966902430878
308808301402774412812610973660486107173941159696953062258377773966546943070086940547644039890654633282720170130775471183
790151092780392050229934364962236075267263465670357102811061571924278870589115251138571837296064953086409321281208694726
1312467666966255403445508656267016986618702404352309550361039676124027444170704795352881235711286418087520562475753002001
633580332326601980904924027775729483383369921654950565015775490688415059567339105637655752911715415165488764353443708122
1270657357585259888425506027388847235774597105176202782784654216425608364446004477742291535464172117076183797569024671327
132617707602284264354206223955443612128093426099417771305522978104705629542459899877234570439583585142860002678634258797
243276294815455607216570796468905668039332329504352340127838674840663293368020770216269152428066019111921564593809739355
106603864123887011615706729261072631163006166479721697704857488870845249338125881509127160958890688937462868542123680609
1754056078913933186512995154477891551097331118967843201284015542408949937114757906144593642563535749849284898191542036236
2269524661809772163528077897146121115325474688899107710432991487139776250114630644286562978031523764559468773210070869783
1394881405977659024476855620035892127944990203396617206790591548149066272288887221297884113376500505484498620667413654388
2442680697342073245838530948030878629777693838652888876200201360713906442846202347372257548682258481116858742598849898489
1803483938947070964171679705670448943766615421521007228756080815516967331455914952101320191071228952850422823766531693581
1601800737906415162595351244524385783425131125932547270228695404921315299208224677226659327618845195903172360593968636369
2381552393040724247651636680395010126274482575870230018575623487924856765077280238864766071579548357761719174951476842283
1479714003084454417599974452829272322744458423183297661408816779963065405323850872990854358057949223617629106944065645225
2373659384129743345529971730246504184394512817707640865299929497286149652891766692797010038093096043706981322656730551091
958708784351428265251154996993041201696119357048636308969285467158573268974573025891248830687960013552471496772358855838
57348667202184088125120059401785881118467642220101865494095260984635052318682886320272497150465442594016834227498250475
2280287663060154429545578235828041096154813770250344792485029123024938600551407131609558324962838920130065598341387959601
1985846320633470805532364374286376247368843969534236248755639219930028441158826674467294075507981024138276870738844721376
1817766651993928132675438594652848973709749746679602461557041235519068707207904597836962765994171012144085018806277706330
432424201804760457960798077102966737919740062992188877493200864976951064701963656122960279778101640214731587006229722233
729029329817601405646748032763058933928653419289066388410703088849570727375754970743883146961696147128044687753170228169
2441080845933724720165734944234503186291453239391181092758150179411501994914237106417118343373684845960185293814682170271
111063185994698642044296439223598954281106792602056243440516983386415463774077153735875511282673093998127593110208582456
2509013938620973343641379699374646201583107890912501338183259430679369627177394787064333876347745069428218622332703033222
1332323290161564478947147234237258163872171000039526077313582367224801829789618017855419073842723005527544336857592589136
60683015676250578516529344558883742974965662822487848408945126349241247521508770455534334498222241590808731104879706912
80329378102232033478768577042619455267576279972411518597500004761405462482838473950440557319819265425945663127523770537
655005446652494343548165979317047857368442676174369466387358287927458373445101247320286886836957606275485112087720763655
999006377732728131369832830507762683494982866979557981794363446434456155556276489851682497028448386190902612813296212612
22910130337220963458305823877826745370894718784802896222444081792589902532337047673834375710316533626980689118870713618
1259716323581408845665304958732232521692647903679840414553522363679946550790097997284841304663930266991965642463207368109
861157823271799756506412063257183439460316438411983071527205440977552307109132483959538666722555858081716120787651219706
258624695390811940186805183370377234431705517131791362458458468439236076492149466124140613623783882247728000935632856630
604975962308542191154548916975495411682542456831100807787852864375341295270130356613432632607244614844329869128669892790
604604615998198756068776046914380213342211273087552117431149529644036420627985725023044100250572368991387356791207065521
2392257021743677787383083511715277212848544995220343313899237363421168480081244595637861719651151356834500068854555139067
724285350793588321289192196088167858133714618776377718894270400763437193243736498107262967318170558621225493227225145291
820881676082512510612515461527842894151027684612105019417904252980094512271348581837129664363768532576509672679694793674
1694138069022470575399989157646699566005961702869402323995440317529909782809354200988453954338695942419806167116914704668
506947584239877925680072835958080758328096446942535448164391335364271836393444645150867461702269727823191528641893497758
831160946671789720816045763375289365029610782604319926340902555954188857424854644037319233768538607974571616473978884884
665300929057147445900641649369348397846071797126261519470201597816104346274049402542446502492164369606947102186117185175
458275834017331965295642152378410801051325032847044270132119322601467271962818436705493996751079415707846914805727561356
2076034435834585476812799966241493468247768718298107078425234169527047427333308505444314028852264621598795158254061250275
1356359998055606446755882371929155036766567174345249826238233602842464139342615846076210692063612958308266319985142926359
1733976676224049937838725225666523395294157118103402940603284375675267081497971550189203441663009939043196686871273091159
72148630654892379689119561991520112509187948891918710372408403114305024058587892077778673917244694501829417659969475826
650152589482542188613063878657847484119515450946779859928163942837948710965029117575108464116501655154249475791102788302
2010994793369119305689579152675429397694841559655058936277634700767958818060299413307293180087919449725169918422695665145
260201542474628411029741904183770351262586660365288381531514606030524388931883672913046059638730017956289597481265498721
866351440830562155383616823683164239716369165909515438891430523554825642138666114591808280634066956526366646559326335297
106400794135183641021346022249192096333563512093696302638845395877295034490699971626257305909709442359124455239420656571
11762041312767330666196107147663986403074230272850579822730247665210515635909270545090372934071126412888154336607477803
1229670680419611828973921510279224704136097500187279399054991587882950685786444378851567882376054062629390231207768405407
1840126812663828375473926814891195870388246451148723090877125368300568492351090651763692278578525022176234668733369544086
657284213723677420586329538041911593065676291832920115065927464759087392344147162953892147486618497889579329534337578575
304433057004223149906431405130753385264703242975437097899213752003333673181487601354835686927388891819996979871168165103
650966516332282184445951197353825326628019598335455474712503359900033806306403374857163660999497017899558746116075653124
1233680343169706980821208425579982059433712254715150450486485540832249096593902987921709909902292863808818836342096831527
1964631057747073102100303905589452195064465349472924065045378137809273096043674796280191493691742704334448897242633881299
10001471904276034252792289638759343276995234406155638756965517071331905113412964814318733782618972161672707288291859386
1770877134387190149043083802076601400956986988255012353401836427910124240387996130609918423060945556211978389721675077252
1466517221796632188156351088600445405931359819093776634173903173394490115927603772401368897622951747675377647595669305700
325861712026364283832539469923463960321034802389963289845021104391078668049972332962853857583546021236193362567533933171
1037408041905735979087708988184874828235959983908668457992103399927514741669513122039769411196121853588362612739397277806
948829169352050686633676883394803905291515437737199028346264317391296036097879966041542221684934806117465833177904577719
1957853142432408652485815988080377340475974645431516863020276311146900947361921396034120707745473476960881217989684135593
2251444750959838339911561403382604948949971858075773537392943290918892381222944959842317437707255796432058285980819794947
1207035393286398351866610673386773234889064532704849682064501406372157907625659279119523566467520349124325622666711876344
2466193907116988655860894124007022005569777985986665681051389280843322288885383852594241225370158151242793634493162235862
1274855803843466214421270804012623817052604909372641794212503618592496324102099997091317903795547750069860855314263413937
768047947579231769712548726045246874561295082305652406187504223432994151983071766920127147354428638232582642777087779529
559100107396794514592072214226377616796187349127569228024228744038685853601795493457908163129659751748877610402602390473
46412096307636146600507853065170529061993709751295274495082301579861503965777315579785492377030699281734344653816052010
947877495071491716719296100847607799885865814676615578871865877105142282660539552460220266881493679351810005741953965503
328436939080193880503659271851230926620023573231711774427389954171534173138644927616582407775321324262663180758780139471
2464055981535993555894846023080909391757565859177430688075986827787494836723872299896312161020639258167563680512273019876
118533304054800911512565617749988732186197197584646446896632385238003597634538918932432094355623914963511545083962527847
2154525253815379859162596362887672825107866231046329055361439957532935007027662692992177458581510634568303389820479019687
1218096811312951725797220393819802738397733879246148029454412212006266564569656100033027611736363527376260400043307281977
2194779819770475298702949544887307531993543917444973339857142502721077250792516062581205643251122662840301593887444279314
1953010351950528410942926761735741095539058989462545493931270342493201939974988877391498424603857883144039107304559924706
873538814563175835012051616796088645641396355465836147030926174129450629378440670940677515343627530557702448033448636405
1129775758538886357549336353556777947817521718146708849313153545438205709557670038438803930780505303950780809150933615081
1297815838204029591440750824444659775821185674011577615157195325370396196203017871503177805159046496570221888254000605539
1785176133789355030929334007670479730878501876372561690765098923741348056948005306366273538130897784643830377578487743396
1019585466274131722450064775214719518833562197939331513165002257564078079970916559076317212690943814227437125801202373079
702223414302787707582443558272508106884426242149804585446882963870891020336024026688369539850605591192846570233787948153
2169347891787519943143903213176869118484837076603757499296873488098770123129078386318896082001589405114987969527936247474
2486262540246244833230152640881539240527596943591384874621838490040266221810136236556011026275848535136646034321907260231
1378024305495764108346423561212370897620857175144415633113022655453408681079001671270312339656065483505734300832721023338
2328861867444902112533275196325107099946002343762483214169808640112727181758809561243780412431005111689217344605348198813
851469511911849564315997556657945914244206776597536200528362677542610717676726859499476482276612177022398685614049054424
1708752123407399866306353180751691519547792861979735569783191918380548846082648767253866916379782136296516200285663918657
2447779623407567980643393454510387858261621216418577640133517005496698210871687796137524468217044063346854241570452473582
702409868592200259672899703815223020354142374098100976373499914791720845119299432597948485038298583084883480914605212380
36014847024620113749320779110135479965798451232222419623394787813792526071876341009353748238209499111167479757968455861
605730363896283590532979120699914549429305642354493422180712704338188560214183903267979303630536227099194674564862187645
491433857987831982861886659498741203869008332199740785686219954847658377710890595943595104750161165708505338903248131674
2477657082533709030085223373727315799030359337360827015821670960054546629950267276667253379650480459086708829265481936911
2034923108387930668561967301113413390739803033252900052996482644052726593135503650333419823635527933332671755467858841933
1053627654366582551895444041987489992078496670811236710881762285529738350010627723883937174656977177141039950576610791754
1414923060120357387965834896175448916483968620239631170037903458749563874385490625734221847704813482097244037109119462216
2340765280511614400391976412900052224857908611123425856473266843560735697853215969127980503783477830216110006551196794409
879780684701932205226866802807100497390489682029435075404771076120904741934347890630836824121250327333003267742011705123
1766233639567636014360642373171434160401861705505443835930564162794190716713843918861339048038636665767593652935089935619
892630129170737775149972654840873788442444300723741586143547092622321023157919609274817399707113532825048803156657887246
1056868345866708074282835721384679859573154236533007210833733811995592363573344765601383044760969829291099021461740664683
52067507213535512235337080372239078188129406709451407298265896503171962832924497296566301728847346712760138617935589577
2081841247645440428329856380053896400893875119937865417116361261793329631051100898621785426101819204968458714634936049422
1265284159916575561205839210777024711624059731106127565568242773450985098918579707260527031527741251507368845371273180650
2165130985367164752927208978109573110396962368847897581755928977103305447200858778221499492048467725481915408160289137208
1913016678557033664523551555810649703568518349811071153236951155144650536292337108345518638181492989236469024607199367547
531799549376178070870135992200217409142508146153977580206520274059016255388368303407640505663358963159542273286376258280
1978683049334116468681662847207441953793390746918790031876319238256049228485084201211229433657703046781074218352405343332
945724257620338893058458664638230095022821540853172421394576921203848355996352862513858274987581626001899035936732765089
20855351521057330425730526851655020669281369597638552042028023855514034029522943330804108610949000894862574147606698629
2355590768922717886638784551199635108583861663877055075358452522914815426063085261558618158458254429620321411329449794288
1883251494264572946366547655268434265212713544262506857927591075277632846657833170503368781253865194371748295515936282944
525158293706815350993527720843349427925123822341327655249738819377599424268806724345613624694728178301040191901160917168
917920344838317698351065384532207911973510853198728742534026377314059640698053305442321908136550966166733785449244529478
1938697421802813742352741352894438975496335749902010492459163873521850451278309055467543598612080753965041439193576642856
1468623269627546961911901952278880356851792550986418849570363402267680793111438301241610731604722862333255927493679461482
1869010649784489273254013652338327414717040550189151831927623038308885378118503400843320160410572252082593818492270922697
319016322398383408420344027286526973861075463113990583992372846589166707318042559530634703769497725751881503188366789982
74668420225523248012858670359185301902956048516363808544725984779232539622797981256502260603084129130984298369550447547
2500555842628406553855194925251340468273881286981077167782534417784263130860080449441455364698792740301179200647637595200
2248442421527711730280098156786677574385422878131104244984569888412665123570214365025421856021068180312630047756553864836
570652515856701148709394959503551991596507820797908709678690586163870150340018890175394044218205481116572478320501028639
2521154726294454314031700848686789250443388291285988565238830428054906074908221490290066739103731509711543280254270856664
2458237438573097384632392000778373325861216894211345344360840341107703336446419010870324355939473702348722136720495004356
1737594763740515539089341038492580650114033810103359908372001727426307986706195319908482797024503141125263548599047164329
800758498125214877174581223898633904545668873784389840400418518059166572728436929317272957966725320918534917640786874705
2502940121056400627548830982675369277486678908787151786334509924211132046945174683352882074793253791457129748858041222595
175051500452995713727077027696516850481946364236729279660646552195026254501180842442560712309002155550580839068530915560
2561816557291068701256801152719817417599436319432300387854605549591859377470653523718152952478306054970851886126216748998
569825251761403278680444284486409452193042416021107261939196536213288623084988417750911457243008716372897161120378592563
818368209073164774954075231010768600270627185554687718504497050142388784575292222322512426133586385102492248777636197673
378863609784137506394950437264771306581987703268869900303283966409534695310807246498257262321969467763292177373395176757
1245687168108550573309569759769979108217060188644212512901511745073848646536400227713946071428809655058892354794910352291
1838488127347093648638544066953633565706838096967740226204691107387837191402803124134718879691989744684822652550085146066
479532426609859884921078143745169788698048746180791884080584485339655689464132413447175874142192668306991838875970613838
320634600203224958459045812327608148958496841321670138134781095852443332909645107325326376749583791049820688439781957136
2234328127748428077984547064081539183405031925233348881051573603211846388262610270610849591257066435969884492859448045337
1385239585252936701793146867020868419331347087646503522845786749352144767111969699787443810089438051819989922330688315055
863879402043223428233257284887157380645773052359561274788345188606002035842629118039505241765606987749529265062636946269
2472184969547393542676360682311496206527917126657881255893808314352267071325144189411558984490640248921416187660508636472
281601061073090775416125120640215652224580674197233473851544031482481856919304479053442422249832243882024454187676534872
1293347465024354548206377112968825497815894768736972083138918767354281119851154782220430064506433438470665277010744025929
1039557141097928465759899353735792867988423583776152752809296955348680766031615440637638821300316739182035873343642949489
770693188345123860706957420109461531419990867052341285286761526650477969831587438076036024500732497949563046153154983635
600368037630171082708669888502653403807221926857846556130382305568772476619032441881978914515931751904215252218468225386
2397437781382248502770973741935430675061431437753295970837471929690723161097996496823906204881027598370314825188639847186
913322874257955147136060719397550096058234224764768168455869322791627476555617411480581603789795599686573378108763282426
124795392887374065159589674217033865810305426661737457608208353500386749197395756964400739363379655356755944732344769371
993539822993029312054193200163351434448548954538580115156187200374543857240712249213570041715165173634370339127545191749
1779894875184047123453727657033361713337109293079187087948011846935945402089110701729343065795456930914997060013641968879
1056232294321292626256226100824560584199706825019009175951362519490213809948345253212218371851383924849371890385372646342
1737374182402332313983480386744791297269781558934377453839442107568572697129007626729719196078548246945787723359122270008
2512637033599658497744427238941438063407890120658832521409721406360207037213650826074627332692770412915673828884426672223
256596596455004116995980944954282825648363659836311240160331631908434903859714512721396373516059060377636150933020583688
2385258577349229981718509292084631505596204342098341394941796670575517619993607584438597144686826476121803268808958736753
2461687995918510468152621974175952242574623753903311520610787246628643483079743345878022692539842349156264374207049249949
1321220227417255876915111976725196662697999667888808103104888049371803807022493615856070044517830678975760882819288700889
1858375177332601329947581998333391273070133034465782085812089932739271867740187281843035596505626288213883227676188088344
411524483654567423185172203329105877739189680550375530733748889474022064098808738657325027284256173132799777108550693201
1512036574059425047625342125656497379883237863197081165101561665632561061522125000898315172600888271320330716233731029647
1354074417954917881281734824005654236743301342770721898338579335719670223135806934065213639149465467868941913163782725462
603379954532687684511987278801768760686867833205429106293538964228458380284367077486120276360996360479795187064306526347
132574583749321856187318256762232745657803822377751683218292654854552157879944000627933239204828660126321051820014136813
2180689818203552023183913461074506791667484082210246518368452931705685370661915106081647249470753889197573568177217948154
271479078927400244271296126378610515995512353501726057610687817136127342743035574646756308269995876842736499176854027137
485150319889196965915554561062993847793197207055838906158771584303731012293585731280332064414568005384735227740775148541
1103489090846901669282375446921216978452759472710519591951849753801959132000276680339608831890649032314094153628518613958
41607933102361149170533580850893222299928482190481987001543101904817042671593710724660769683625796217477400872889514866
1235665580186656080649739461487363557840437892032406324810020161046140110242424994455678052995883819657911106363637047808
1600498211690505194998985057994487003241365121207778109848806070148236574352228378245677981425879368219572649278212823664
2280062930393969705909231814330436372090474978950185705833164206031543141159645434948788072654731158717053964085077505770
277909682865115980920420125167279683620895189311398999412618016322829168372792204803931180365266516721694261598589395178
162774663834913741529763295737381256768159312140742933213306291570916573122777351021683905645093557553735274229587903023
1018442254803069388765491941399551317356447868542621498761388353058954033311915258565767949255563294350387278917121282523
1680247914416845483224626468593268039246085094318063243119218270597868522721643532113297793295146963658719930993051989073
2219366156133680820314926450560154738478614956693112489658871600514704109778332370721921151225324386236890922502363951170
289804209269307492483273041070757177683775096643426962853798747006498498792733420752791872863966083744153774031293222222
1700110390521397346279951276217808193352944831799008698351582706567485601283652328128792808590876824098843078182267619937
2387860848716008352427587277685625973431314354300266162739345953641141475743011110618305757725485859370181824843789081909
552631844426291421060293726905028077729479344024680885641764307415427966244380585118550543275586968018508680926985841905
1577632352111315351121240479055713694329530967853288604826316498935486438374389751584309757760857944351918718722429483534
2462692824304019470248701887705465437449380267339795520819678916581680028850483994466474089563028372111917191040392359115
509826673138207364871541588658994250104116219620428537698713599666395445069585784122710599196345350556655528387499128577
2173727053880478994606834112603709500442392755443301684549012130175126721923839489674890098524842916410312310144816901846
1572678876133067011378164275250725388385201048678198575383635736095149412329495741526470634435526274035867357732355716659
1972350552995264999492613691912578930334648248327817538156157455288764971268680765485108887406166145528693564315054352044
965911348903944416538373138016589440812870144747464443801391189496818920945727006134235240900117784326550428107641911401
2263613938629686646246898692496427681097001526827005431157666168467104778599982237394441576019025140392617256065655141863
1345767908221248551356428749214127443145195897998363891613992822862845229631572318827019236026714253720420243082877628461
39440665680980938731417842277615132442588020835529978381435358123085433701835075543697626315905951641074107905558921001
377635746320452201085310881474459418306014302842819064288574842649632173594997027363508047702050799839090462331629910275
2573046103496719978279473978792305651678942202043499214226099891515117918797734989440797176642983109751475007766891919075
605188122915266948240542117099992653020338234369621540867650642581177651491129578101312946178386467816113118795833360619
1513996981372341701510203608031422487249307374460300018408814963857271994678767884460865027601010008675842032013753924775
423856472782958346874587203449924419319199931917588417560936489170011953322282950455036006443200132855880887429454308715
2105304803906323799187307905662247883073704418764266355984256337513612074489886918837560126827367716189015389394708576212
2370862493147590694806881921249508389495132056840619032481381950399735956882519686636477956920491855707867095653612341673
1506820273052439712433537415671376695128801256753447967612059309401954091142180557972760419560336516418207648701961249023
2074523229023878512513603942640125856666130884387265547117813824013234273439974916315183071732138266384104547231523688200
49683951101103094546550920748561986873573774651898956907965726938067272046522135353374276078423923513714880088072636294
1585258425850256835144128326842428938647353060443289960833568165218419355913321158007583590936005687813984551201767060831
2530929922988524961973375356252296542502971740586326533802707206648070682114078290177874148999951805084170313205892686227
2537621667045948683976259074749309701580569773289838482632446291990926974300524092742878481891096474807449090406670745097
701425369171819274388508983307462162817401242822475329837034269164659437466958672860413429838095104092403224658638022771
2103981760250404789727209052957311427577989810228800609847563080955231404234602264343715804173962846978073082637894841426
204676859372982183961019943716815447335477240413744765534401303649449483498867112131812183480030993622723764349176056995
899550039439858551650906981295189845243967655098759020674210783028269426855549151891786677904497843326612117006554196418
1115999260510223721274375627690965436873779442397734971994174828513807970563479629481786342416458330796045419300532832866
1721431685984133356254468966436537581879572694350573643422343142577757627541819788292869430020045157016017932611679182612
1105494120346383562979786536841375573988586876438957057072790967608084964014354307959265589671915032937006545625707843403
596674852278264295795662136821400573281622527401196674289769574659746166825867721305231135053642464820706774613412146948
1673244288918472735329875250659157027264625116814207724129441921409474411046904131410053344379562661161310374508640971376
745229482986566024015159918690768109027109203830652757408674374972607150692219702889013457962959591970803918735255366421
10507255027252052612841170089343230971118518552688301605199636123513743247061363421159851344508851012847811624838574565
1384245959837248634196654560778239269662535636423703259085711531525483560814384778508081647335571575913377653164190969360
2049499530566423540394120437359687289418000894495808441885630766831879507529642496118877494779842043060541693339011662295
911231298723408569019871032741134826610612353247783545567761955581982082957653644174927649301232961192431917106352455441
2421778060099486886424998245369195130077180401207635279260273773477522871711222717324070031157281585754559856297491493676
1695748560106998656083923257967768191970092010614446582750621785533220845027396986595980914721908196393835370291952365664
1929942674287294705412278017143905754515687478654778930188283761800851179934928000399825747749528822316933815513909736725
1751181918373847024399165607976529495518575670577517304350594532624852109373344031735548861575201122498852938676155867225
2444426825999133078098904833629355008091967189573810561536185327110731150127833030496679219119036229968906389835141028420
2498831155665165692710460096744532060899765648761518387389218889153387861969853824543813667272194385049871484693359454705
1673293968497523346363334575455465856568390578093804390226175752888601203847334681143249721439823053782466511713534225362
1773826779208139019188773016212065469652979927726220529910340229737122259872048763078320865886525204550593258092388513881
373115740316646311061102645361353599645834504732098215358192606358223746961481653795220809259560877646409408883511389701
1668187012297203721238245832677600811432694249779378470471405517659312293117750723097100020320288362575614431553351269365
300501296604200761775993321560649708050211732945052672496711529113487444855756719997579562785467140839786946668448487952
1165305976740418890487888636789820131250638924078431347817854916398903888158227767256533586168948573020263966968645482465
1068948582635097936194214642252772513020635256693084267780417402047447495032165217810938944718255532073928635123860350672
597953820983287462663731402297311202760352509832805725317694365312802060181243246803204411411066344592153736171536014704
1108980485905283565604642469853803221035035240523959821731765676650030203021461796783920154550671456191603071383920876077
1629713382873328644364193344816599423088174317359564471614714445211139509442395922071610635544762521270754754035299745509
433231281015621759519762411917758654365667063141853071917848450920913476888091180197642459911145261141720696105669443829
1547045784745748476586915493822331748171062944431101065683465531178802102596369133911030621610706251074523127635282808207
1191634894487937725569000215365553851040864972867991676280900188811052421446992531730199632878002835902849550379002218811
2040832612541844400926474314498739549283837445568527699704601249261161905052737087808149718060568870854969897883772731584
728751757265627721617411023735879209789150667215191976608847976264065570200483980976182316310057199068009716340070399523
164737158515125932989106722932945061994713436755420117377196644646654812789835690881764331709051087253924877727634532267
1000985201194089127241101809796496380837597254758477008379286108758535709878624953034425915689480977225689745700339203189
164153506295652846064911136435927209902925261468057426496104136983460147307834365660349342767825441736183708114383038356
1652825830181183369985185125073313504777152426459789130635708012026741771654582086419785942364123811941847408444374501461
760523615417977835867167274122360115704877221005742064572991972978689984104073090968787172550596430697837379086959628591
2577628767498154880442652874188749075070421946883693172994162232486785649628044283145091376764837779411343511365862255638
2208796600151751103334451798845455653222613399940231548100353655540598400170728084196916476181165174977886083623940438382
1743641592230868852312707941039611440780273577350255291121310781798680543954301161873806851564331333970027336441797736226
1841108192575429144735158910198082899381893481863528587134878246249303455747191847672285784229274021135522046238213978336
2424382505320326300023038548724430288413959098168334523121871050219684961729253376694874248410769120271306544126712160327
1622135352950665204580758896889761516935964496868751312471248721236473983692719285160993773288493137735588469380553484655
1097448402558332673014165642588134132241001069260243347809651516781533795279157102129765411416778286765101752117174521990
484491282032592457123930724232499041672693849805320648456926257895853252336346114507934976190398415575250873897134914836
1190459684723907663785391285018785654501810025943439183923059732870342213650212826336714372650974681069164688465029057061
47574108782814780282905402401349555077081197462049099753991426377104850631591853912031874867813439685823160476852645930
2022338925367832369255551319732306932307665945472470242338329035884794396243404906618223891815713778905090487996665607539
2098144032187598380340270431993130378572602979201237041385262652856961098985228346018217619567149253901170864138310101587
1712652109205719391829077178257085908471576998691436363235701567715007228835529287326980946755379987406743704214279859756
1336870162505696630720369617157921815472289363260732125091807863486608020135787568401065118609955287080348796036157052631
1990073511687337079457992328319003320329675573280111687508503215509457807242435238880711737067981241532932084454092031053
315212793466539369896454025666590550460173932041444330259182729142868641912188771132816905712293451706423581866520928537
1125993592130176155182449060179192866557764169314128955282175692623137483903722531477660217012624438675510084476744711470
65125807720262173457107586661517206455185107738479418810887585629510665470586033098976466114811133992396417379221432323
709891891580757228970414768177299876629934923972835199369242783614849870321535985811839769695100566901099373644168439129
2579644313119924205921614153965173106573432057616131827692182078221900919028707335268622896765875353648359392301939707719
1596970695971050540729488451811954598615945552787426691260025728484466337634867917783271853947895170209411338320615348919
2235566328814379518252107007183798712554992269323090390194326990049599776184638236665879003678176225230326892851723525068
2487384859255112047095486333522989068684199756490574015920553437230802639025725944098763565701666177644096191005278605031
520030749346839168496562967418701671320874430928075799215136848122021976592754909950246617955864089056378087064197480885
1738301947613697510914440608529190246902544523754739920738401991506386631086295551146786311107082050416473443760573265013
1997895373103941481822720545497797445756941060292367030801797753247200656944419111748545025969844462564369635624407392610
807008451031850318237087478414399400043528071444956390947464108174241447301990260708968774943473648282208034028568675492
1031448885242803158868925841057894846429099670305423626724449120732920414479104424031364089004759319913720198794438132679
2177426835933851649945571580891563402628138170144946904251093278252938318529142853298915241632774271962763591740298656785
1120356475277798587516614460516497953662055547937345945383809104625455560230519671586574694555272362138038222332806820906
1666432695431463753985490449391685951608597794503561215936451604540350073706489346149605354824156035223527391540061384383
1043144377509807531749913853283970225375164520048060174755743590131242046267908255725726560429010595082664939218589662847
1604394933753181526316256212120329894558646038977026813528977519625880360964798480679585793408982144775775305781116623140
1976235800039059411439453573803719355938481389815796086472630664166813966593598094496211779238243001022393448893728806053
1272083713798879182358037033953124381514397908194390910936350255049506207470717613209256215118710570429335680451095563739
1639021738469055316361806524898269045789538580162646126092054499638192553678311410504943048064032595346731414273443320856
1682193743199020632468710643401645001170699502415276332155159435492702484571568357999241230078285640776499893440294386993
2020534506955187928234765623663118471136447515268863502728839046915477757455938061242419131284275011848411589208865194099
68759078109601384738124725539440091289839002079111601856855585597220174606839511504078480928685314963591829624026882202
2421278258464996506601958679963370093944450507612305897190407145492447012395717674643528044451268030685746374673877847912
1422595401794327380227117225300350282539656353882273018650364556785071111250533792111200672632145857190790134734967030831
2399155078990454727964213247947946575782687848706625198113807136486140277698966746596701234433900286466597908059779104153
44627536961915644704582831941048411668727804442740136194075126013933304538372973453556530199779110525262149621433090689
465126009925918142807990640891317892308105733336879976317262214422957200740983745324590976231052037223536260894222273771
2375811996969848734341127154838433596846507572926114209992369099289140402932928743425187117763436254356802122567159707332
883132455399683234736751380255179965944592035319095187100719711751951283489741242769928187069432305345134179200927992390
5721459225225922437902293787151905727974616068593500608239004579516025055635141398676795320311571315643417889793015608
1862358862989765031655950008348900597532791300679501833867146549695342519474717007429292443267401760353169878173485334595
275584358137375062980405887541930789866856692118435738366232392301766510026293257674046372660365308705086219371702242248
524632805247500032871061209276918578503555919943701160440612098352734585151545807701786788023283642101371304997768178334
249126102358255658071354295893895062858428554380130242873115005779548625113130857112233529606699427623084410359281895897
835852160804082310274289826644510599487378684189756024850735233672719262155078488022408391277382419550328304856643175960
1080948254153368313473464484519844442153483487243122782513556363052952064889105565284251923652803302810330222403531597200
1177194884513767694214605645051274786905739529767620521775603029148760434267595284978949857571613471197559693121481838529
998515005332626040606379943057601396597193902838595752132157943743446859520558791994514437657413020824388247126128202488
2454890386108223116455618803081685196722218388897017589141069339226851741270590497099214787873421704174111285469526266598
1905357954710268693746656006395213267578508031858400458702089507535723520664662788161186223553087745054391212068084711559
216958846367299440053825906977349973311149234819804102678956638653997316028600190451515987179424626155694280459688158899
1409116904432417917188911635688014187305466295177981929752906563856609866110207749926377193181870232236767328740069707218
2483707531055281992126842931030487651878654480706145607967029075274084536709140582433270907651904251919623285932028313903
893819536102980564725279994493628412193435161166029858856495714489209643182739800376802800152464160908764624574312418128
477196131253121657926302791729050676972811575137137763389554948482454110485741002500584463754766779138831674137875761194
2468842111838904642193680015350145721648479788940039388850031596348930129121445075718465225770181808063198211751940489910
1458474976662494569325922219991943617804666497733479401807082662798190481502890471193162609394667605762311524610926087220
2272413669543069382373409905676336993124832918199911864033398053793807110239147620760985306659323277668318723088275590309
1265386857954551861527733419133719420439919187234807188869776834188991180439708199774783522677163074357037788639045226520
1804033048838229138216772884482424333300746940853774877494519806028845554843848089227792199242444361503428389743849362523
2082922908065772961679895350910428443243455199298199462441473523728206037364231715986855638411821764557821489924089216619
1463811382741518077974898525954853666781095561441895600260268161522456954319606191910325079008775779114060961121247473778
907572080526099351918460354942336729424855585986535716501595419609170777800354888281031806335711298383197069096896296521
1916398065279041903870114536594626102358695084738496148026830273978978288226791862494022123494235213271553923863707872457
144510892479440290728741902718982937186692434996273470046894039197771548173569130625280354885730424018408853964999523546
1932890543045600839344205445928753045314588036755303855415024172938126725966164311570032173592706971729325329067491278924
1695748109848919469277919289980025076273500241526644506482359539580440240697671698641218732416628574689634442839134024319
489638160608709895777443777193141212862762977846648815169723789905942017123854171119477579619618454225902068801418365657
1795087581267792457249602195327926343690269883093467381414929044257689105664174018105932116755070553074478185456087342843
1509764984811941382432655915366090596562986277434167183278768632396176111684113762066430943611008703979443993659889770973
1064573364199198630374958829716059575778446611409352985201238539412971426562890381119688804760395152216887713182557912231
674362615034675731618062089525225770984286927508724505247758960374603019225944748853626366100911794827353699408904840915
2061640069726030076512738349598404372907199025982449152373733094929209770500443907601836143914828833100133209321116313105
2514587668030733353555874443717954241223425342896593537639220712591523792009783367125866320889119929423658266653468673452
1837446757780933716521814255597428877621633397666998268582125907802744769159498724663207406451996921930110496307086432095
903807176512145544542900339574287648472927766697751337321407130463735526186245799230140624712167513461768253666013686837
1446236839355999562319108081092102848163700215590616632910921333310055487206705765656836358481695035525955509698543038332
655409034466442695506642883422127463616000174706256704244287539868883866793633615325848588316417555334381551237601962049
2332738032781169260284713410726431480209002258595614807705430575241424120641190329547324719832994812312018000441892819077
646705426779309006216445180145031889248439222578827726333507434877182442576061919994747165183621104177121377398392196766
1509818855961899101887760937253578953595430299751340256499704049261904773234196342837484915494087362462423811239500850457
490461505218935252023429084315741992496174524925130518152979154935107955518211808176889288955002348188738676808978144596
410130321914860064124020710027562886552116203535695224413089635078741958270433770359268583313939379784969737866816359970
847283030606674572522023301807888066546072773952189866846166174659645301127150617127242511652789242203499210995720900494
1077003879109811905468793449728687275291263030145502494111239809855254774505549800017819109361675486430504913136469835657
1573373585389098916295974957972840597412030419624362150489038735219138252265329505654578591250966603928777039707224440658
1741483069124109611432447196757854046417988791759037045842361428606939917169481001712234979257159794063088323190546467650
1941571703034212559714594929092104207590477115251501552081109355906333849892517078266559915856451939002657246116318081608
2264585328505024359048012364154785817731148043469668425485511528060652115123329565763418448764466882539019618587060089153
1281001564005260800407814975228803880331028774730518556545004603360574633810484382569098125449749781806045358487923261529
1114625305987521536712635086769572777659017014514280210808135165441695443018336409314264184106200156201934046231516503034
1001854704628117726194048298204262167596534395570752502857707135870247582141529925957860928183257914254362723216413806662
339842290934133080802494128579398620089691171328127142563322873697292215363376186427943798429711979112035058368892078828
