3600
~
60
~
2
~
697120099659775687
1007479356489981587
832336059700826120
142893837919482557
728103136300920826
647183189390047171
496724085815213623
667844899479613261
644930463932677513
1062872680253597224
943300298594436463
625748568351836915
845014211220836360
664819141715608835
768559647883870669
391402236921571305
9526614969922982
205179015435774757
284714097701936044
224719167427077298
740971234628388286
134440999869389125
901547298301089880
583078396244005208
358133320297734652
977479849402973765
756126314619395164
550422569412366190
488522127505231335
339464424874462731
62247266531961575
149285173076101459
284142383403112848
770387993238024133
649957817284163096
1100706541943900173
619396912205643569
832266486278050301
332237385967507556
231543494901642465
124295484767587545
819484485995930558
175550301934035962
931828680431358901
14066434804702332
244734194894002238
254594488667467068
306032579270136316
1028549611874473006
18961295487993529
829129439450924830
369624523047691291
447775303691204098
1102304870594592422
1088873455593302815
1102033264075634322
272536971857101178
407374628005008844
763404840816432771
126053025710673093
