3600
~
300
~
2
~
1166570573628055007129918651920674786644562297957882907118217151820255072771662695051385099
160777759097055644663995308880019907583453514261554902410338658700855978518411900023136796
695493702375873472723855891915880744294445480807269963120265616344115064328389527441898156
465861304868880683169443606694070163777592355384019210814539988134869070395843702505875788
1082146761843997940994416612751692821008908192788201277009004322533471270222562516451426973
166681238060492632887183276154550733354891315634770249184087271957939461525210460804626161
1234337175270116644281481642969033283423409469714728407639369922980688162223982203212995685
1353408588957779205040398577241221133073607864204059404411678803758917789160619505402214833
48318278795362989227318191079896428197008049918770065017902099171347726896642235387855289
1931157409782237562243400621363736988824634155747752296418703243082475022841374070972070212
1305309580876321326873752829319138438752601404019632577874022200800817530004963293768605773
517093555150609013328432363013409605374377947886220457181552407534627433911990835874112672
1066608059367789818051187077935699737554946652095584147318875523168320104726738997772012032
176275492873100112643702262527912347036412037221564449805533260609439673541049601375238375
121285903318876893212270577229794506116438829254388540613535774590360305536874958689441142
924759361723511579728384599389740225419608980764074180458655547201934346720028472119520851
114888393701930213684666886287528605096430761752513319763327020078383253880323956552350148
1042210951316881418532561915961950111023083748310985788934842260592607822684091387528866306
506145824842682965929439094322156914678335016431542311314482200883652101334585030902042148
1106696052201208341892452389164761929373370438843194313875447689480095254627920256754914609
937974045639795936078525969997903991684113800084631514398920016699023469114317469583349996
1780034757433798064995336011905669443269041772432115239726500137241993123098824281634479459
1874508944951586857841661907145821629698117346002107938327419842751340081733513038119686142
564951206208270884847508226185727222677113441609884607631977325230560917751579001929703745
1173117137944310778499084471965519928871420695015131590176795215905810568858062638377281887
62684441157259612825212182997391367536708760694234750530111850119345959506287622310009334
1570829502701500074890296781031553964518028344575760099971226823885002192013306415535495875
1406344462364335491157529053003142992712675991423162191911485792893555586699879698332138030
584741001868646100050443118768593274791151205845911906128746504499256893544310138625044261
389303600149802737154215099574871192520670321417706825163225922626075764097544784928860383
1373141974290321764839628304076444558217611535495875889229654069466584487558123965234641925
2003275370968922122100937360745285307711869650807811851651917421440542890399436549939835825
1580756587860693083556649284991967213100262791081525382680035134221374945797269198134434803
900433208465864528538125072934664011987405280108195055115675259397312951373614445105607356
1443940531637430716948405121263062411348650823378995664766296085251124178622988752483716580
384120528912447217142168083046216308170984670247446163296084548181746221484479856783552493
1587544695722780119414317945197958981908365251903060361740676666814538812883363585439442465
1610463193572357155102796725528564400553871085707068133409490229198007121995966512746483596
1591592252374351284708466382441639637435541904254863202325395309137922288102808838462497225
119880942954329565998971661020617180996492421410107974398595085132869987211078834919341667
118144933815050171884243217445887584060461189827027645801999751422106284095085826016975950
1270469288500067113320940957490177896736628654797478304350034147851684138380233682184779566
616473060168737898977663036592282885781247241430818748794862156643771208211020153336477295
1155770634498023056133332607743549621337787980059490342234203130182060698056241980045530300
782542098592739162020006739553352765866969338302656629905774752108441861656533455428976943
1306317199374550803037124583348455259846445581724284120920599078814010020866602811945895685
635365103301417576664088044650455288776543450286857347871384192952540241204431350048052371
549535112199733201298269150920668855246426815318538256713149961432223613711038963028561841
18313197281611486908834780126802777762226347981193114020815251666597143076438467864385877
2029986542651395935468018957159966343433075966595410295042159200605294040324937478228250696
495406831971384470653968829590241748410517952736867178532963795791614380944083966238431221
282788263192514187228129403386221045775611660028120858666103648754046577884532072845563857
1945181142414136672806604197475028787704949833070448270835448880396980952418842230423670276
1574408355373868688498391053760216946082418018453007551153650413558071658855041554640346324
1146572703151385267470240535682695535191330795881599067976898784887255482672714959468914860
198555391937612326192246180977322364612900251909161797290597039009989986767995311051410999
510036772588286025427534654355157706678431803778337593088499748848089947260432985887599745
840139505035973069331831732551398515727703639829075745536550022557564464334948672527614407
1858079543100359392372919653216167565845004521632260622961677755365650744738100300008976489
842314354061930773262645669257982345776494368612800214878157200934103808986079861643019542
1116939023778824146473307984540548269339626088263341320457563501044917286988679973526956678
23991472856885578231412154228700540068623620978995551853366005294050440707227871615693354
1468427680963902244146191122784080481365648958046618172465420184604624845026234260973421853
1542494255780374087654517928188262086868675283509616601981191382182469571686952855381482840
1654726455039345349414768285276568339072683651515917029301602072953125071063134582913112450
152928376295691276814268972884164409964762439908142637267649014422391391983992048693517338
48082979870026924615676434072862221035566955696739307823179182607648746150807152987313744
1819093586106864083945710846038780913283048687425982019267438030302465422136572191567207944
412736635753786913681781715139523397582735332070564355482022197633629817515355707955091122
1066989908515562784655704915467833730520648527506748908953721556107273431159554467745575613
1385287935634311002331697352851042746318578095706252652438111872775729135666656671892286300
1605418143220295094234978588119201410279509001828947908764840974950937835558565581068761128
213599883988873209749974593515832555014687094663675026133599462514499483793127161815457145
1902532384404976067022388964091893887246044947180491652592905248537300303044534448817813445
277585067269357221865807715975521771702348184702295620204230373275742053409295233604719432
1804813872106497596476399192748736165572448317894258914975405084664312747206342228798442367
1109020670096662717604351817844640860705841568483416970379471958857018508957155785075876091
1530585460374425938828410127257736636372162947678673572563956055838024170958016896291147996
1995113273809506835020413854329899938629942516115292226764541326369682983618077924714235028
107657014592519947862998453108487396476519116282748965589309267366834790037524303370412740
1869967694202925934143288186919840789346623412950755956139308737905064548040663384567501134
1380226498891941385459066993911720867205643941615279050328184480217626052639693884813301213
1350884703375506840665583176963991061922491163691978074796145843131790704052957507833335897
2028292667149974395731339245495759718482707150577929473764133004543717510801087709582279625
514421109600699285518856956629889608511728226355837043023903081434087997840121114025286422
1648665651645130873244388135229712214099954827589888388190674153018333622393682854056753658
1942031630102213614261074310731574249721586718834224324623788378273635691284453651393947183
1802031949950680982579308168321586963401589500546946335974400212027395424057786294468225273
1682229140071866318031450527340375312280586486082534099347421718150961269698934282715080299
1462283720015838481872997668054317699573143086068746066539560587914073002023495287959293722
1495306902000447470760542939690493485938215456889546056263549823786572823754338552764169626
1462315865913201839609877049734641992715311389081471335307113892682036107894913316731295120
1641330858919759246660024148239562506942000206848742608462444649392589538898245894551334775
1568343601251255780102868582296831612247372045874049126965355215785946544551163928175804802
649987464720200839068262550828654098801236553418908152535167241703961811435057707408871035
66375488954533422567734859698350104695163862081143500919264090871299945767358357738450309
1944876115574645399241584845723312409010173216510360314478199411183651642709429802536136324
1145226740472827936017329172977044863113501574286959484522120842299422481043115779006289817
117601261380089572916057114399378559923017884098205709764236696129702903862362610191419527
1882197215105156815812560879543494768358322289235444660046593864249889425203616319814525453
1363149755599176273599209424154292287263640053635717132189388823390058710399004865659667148
318269822581347816914868747428579524072969742324776074736871104686044015809053504966423341
1259506002517645995374480666128869927918726663470704835106473256012707410255506195145658797
282208548490358393518688533153891948373083467388441889994441164896742084951666811726710420
1648235693856087329476543238400473687731785827720883042641084153130333842066904121757639827
861979003623881318695416848338291677079633410898343067112323852791588153640803138236851001
481139067475702560766997005832127534187669225279034993453174156159863060883882768538829752
1260400613055341116072632377372468575950176026137953886110743568247806165104932843349669332
755821131550438355181123631108592516514710542733785672940765400859454463689382153061832946
367913764828860935623954002839694914587473709422002488873607644193484557683720838457835892
1465695525868373978886084582114548245795603149129497411802107759943565552158778058288210207
732783415356913160433946566062416116894549663300642586595221512112546125128072517973228890
515209918244627665299332115802936708476048897129418172550448072865708666709779218046028044
1732580423104780181077273095063111425186647118276502138502617604748706670119713866596552719
517105785310161671654311132552697811449358456132280154353282613834223631353449387923678558
824532037706989355073924378980811130403065130135059749276931438825580354934394932376408405
496982373536362785764357420211172207509591224592471682915300131947482735252571441952419546
522157835571070159506482848653918353544450491819743531387212213022474361066362887382584806
869863402444399544844841525515016427676901969657742004015312413921008326480544307624597227
1612718757695780869896305930401711077475369837001158155406813398283824390824704684271882256
1220485875649839018836773048904886776514028148909670428301538624993384010303546594423632029
1174399680982304822853838052407523882240772672013232558805583280968637605040097631908027169
1229617268677811013468124950802546369210077992774610426031367261029809897494622288256297340
1193298701374047806663730691891013106030030026496258134830583515738296208756864353808728339
1382189667760601755328994250124773054019186961181604707081510340728976672080038013319021609
1302683785536938207295289375287887762827468162396810209098555501694822299057131669982138942
1953330886022119892145163971880669401961898687773813764428848845354953390065508245540217701
488276432791385986374637471627194979381129683012108491333647997198183725994225994761984462
828561700175399348300086325253715347295965508724511020667771395966627016771281822144196060
1577719796081040199909707047707526479056187577223015393351257444561797666021187288571531114
56670172069070248143330831987185104681021772279252995316608349488604052904040309919900951
634965565286531797929157747806092701129160816696921631919742738589297420143114868267837886
1025815724634116075396023011430192658457100724627650224082830815330189536735680010982972215
276179081442509676537448566360849718436285481202293946897655780666156902934003160587823419
712440475014000835263644549761271424460591063037534173660176649627318707859304090341213120
515359824688710897194089579910560423283830799380496937197642556623770342461871989725199055
948407970228535811449996762972001384914706506459466112371031990571167888157793129135013209
88949610837838947330774667698564192451610529863820556744133494705174916296563435568284306
1981179097735614080676668566422680636332008393651259010446165227215594854192648838809072391
1505689742496082732904572367558655063976844857180536638740784381567001503568957821800090274
1605791538817559041525533022931772946147383795255121308176038174333918338099534610110565038
1031041954468644046545395691611704169946519171368366280645085576686068965574092225355988231
1871190337490151753584124115310222017017586576564539380386896483441588512508752764108519115
931397594849169865440884280528692274949900378189792210533365813765775966508621965117793295
1663979779289168742003155613136753284502314146611215639928391009345916966529543425115691098
450226679209870915632367285168719177924631943326744297116905952909921366260975822532439699
1683745898136470516083395823181455181044246302857450109108813992429832621290697111876957624
1493621944099700346404435121996979441602149513652681410897602669918741463749881569982302056
450675462958910591263651980634977031340873639887328650522958639162104173240125041723478494
1292945476153986585900158158643566801706401588714367911429264052584821538702042327752550722
713228046468101404093210048928543696108877822887079261757943823272974708404410866854138874
2002840524483104808189371913875001648803442189850449419387260514594281935656384721359127574
667047713749849266996874771360273964661943917225440404777873585145469483624907868916822082
859266652704130870452258570839414639838391764959454142370971758819094745100023318124392938
312806466168000567559093626065430854224712449633170531837627928247585862666667162184615924
57050799571309120955659603030897329581992927761218895992606399791017177621823340680308249
1095953332485043117652719159360455493242077575137176142073343156215345980911048484281797877
1674141405795182876444341606281413852955093542797871899729141512486381511949821781091578571
172084762955289901879205695631895646750545321515725692678791645930970459773401661374616952
1843001447899315786994926023561827814345496161747505180480383860660787571085181810236612415
212960635198962810020101989429980007519624541080478598625044774476815543708606433677311295
1000918262078294392847463154543394629288098306167339763560819112261030346833521951361605833
70108735291679204703391313588019154529218821340287099986539165939465412278011985580925010
630614896861351556967053939322923229186543833747190373380022173234912536419207321305515774
1660433385146591760768381769703413858360932169566896476977023019088868701320749323024415838
1606257676146426682741871556275453116630056031768662641354100645936359077968260264401285688
457384949445924352036453242641130870909488305706843837612246054346111416683416532294887053
1269845195705708431412113740123478548172746043690605512266829615396373501515615631350845174
840405509554995464058302574662604925926026094156879333093283733446553148804341221054794945
93478813742423831831155591334899353476641346419456954868330013514399088837091951018656940
294125258057008812974074772521541082947470499544643817501575632096176819177795928678236826
459017811298393740874390400446052515767061516032548470248240918753307107022344406447491287
780635625764726434134770250054992653924298623896212204062322751713893988756615958683161492
1580784303747657557319419398223481496511001073994686266446348016128054267132812796067003191
1778928594478606505028499022252339970534713673700297622902770386783005340236379076930941155
1169782430463328601447004646529914750475193242284435490672557431025960879146036922072067757
1202313306872261822602753717720348096673829720952115882057755601024931803972922186362907165
656384305488704293767852670360497700634596230783439118068687893638545891567127605515232682
1437420384683622090109014820811357188629884805554839436507322366747672179808969022556845188
818114163709180000689606531110663983820763613206262309206361722149329876550951502404743709
941274172046162506569087772651560492683703570630063091431750703153283096144190782336781717
1617014166376260712624154560339230193799482452507964014695050070422878781895174580785538022
916092253078856487157211855215684069622843651235995989128337510577241577114391102900815071
1054667178954842627269596146691672460233701913119617049425314289187565045841552573203812488
408980512475767609045239067918098233900506888547179218241803244757242929495228085482382521
605116543006853195453432991018056604123715903490931072799309621555325620695899278442223048
1664775961667305927190347841987063467870107985547286658532507827943264355362086317740818426
1494037034831841845543117686000873001386651473602219323592387352662652183609981611040301752
1051825075587822676962486150289432082272322052185414851994168889105768220490635003438204403
465288277373456169680939313553787099960369161643206441535795015518054255566512140675625569
1308642178982429239217419792549612304199819964467637859447168983241103302467705916985415842
272621992513161397926817485476648288341414659884275595820777867774026147878503004781585243
513795386141653721118143672193398118683189248855581640923415431484266500147037487370806285
910795232387123078031474155704893781176085999245036633704045466623080544495636905775151972
1814786586659618176640502832744694898083272183637792576386659692182936344874651853561869684
1760782206997168737414634878983707582100136475520707964350663612223640995760138508899813256
841749808766700100512120161514987184299655172943227177685141843783525641033382688495298603
694446801107922704906731552247889464650062238283905055451382372172713872273434746679172137
431216622933854580766782689223296040993203629003024120472180065451378859025082650254336187
784354199666475326597115948775993832610155400282109519817114026469317042228429906029775804
1993367909285421996339630892066113375397893600356332712096594933361872215862098517993144867
770207849357020033052610992057891903686449218648720596829014647935244629293644327634183837
1268399716768873184923050319694041815407679208293401072673323355716090148607280235077841584
306634053671519753207318819380005775527924218749325328705584750634238271491948175744246085
952257792066860720139417623239899432021753107766503447851749559476392992338548967060094213
19736189363962856197298095028240458071183837436002254372452850462922938476138358328496121
260694940023733859108021129847420715557269685121358832560956010048683797445289907350253578
610430466944169516983431862964949654919876813808662657781160409018130786309681642314172738
542183847268720030503154767126096997929655902506244440912876327637807270038526097397857618
1124856539705464387326636054917551701865311195524070521745467256172111010406276963350949078
365079300762328035709892276902789578417106789320748577549436641573330097923003860954410261
1034752072623921238465049824594316797922740837203794981653528034394665386911679932586327228
1109895560620030040539984387927916368265638066828463172353645547080784959754879693478951783
839909693990159177571633175331781841202000433528548249822379926155461043477792517165592816
321896611016400645618051086766656548061914852577689826228431905836394789882032427595400112
1361023871525769938671693778021376894440147423369727234475210081168549406702450861318699502
1064377014532661293685844896762795553934262725432687965565553843715786955633810499969679630
129013073053037892879579399915493247867893999948476517356981907790041057260465178612136427
1187331812326972549365300567339590011430145299813260013599048200141869771125369523675879762
717250585647748492895259648180705371864991905448642777867946450099031639773796755359733722
196343630282168754124432745319760529194028119758541819427298934724212835373713700967104205
1816013195516708279431202179233316990116089873575656388906196722602439077921170189967705113
1029239616301637963901877332671730513821859493722512956217846049255105306278973700991087653
1730599096326367609910062574450950923850704626509888459107558031652360338549925912793336782
1245256144760736130997745380633305350120685229261442820711804920359343368347646253408015815
1591224759113301260222878689376946945180854526770206842930698283371693567408873049173537347
1200718082904098828988600848769328120280508193773946553398394759111459007004769209874203596
1477058949369358994382776448463021026906515409902909542506419968029866236345848824333278470
767850573314898030470334581894957560280100470705237287358799347614485671163418881730796230
611461634635704946858945840028060503597555241619314056296888551340937588730613572630118941
955022709144836460108440622276857057454961719537427161811052671075922487831913596994802748
1276513005109104541255899826911378251005298935420801070745615712334138642290102967560140489
1276032414670219568519297961737039961834201540035958519646130330490569731374575767366791863
1377392926480099703265595734671289379880559549247863512274157076295365998859847719563819429
164870963669617135584120407147071637903568349807563974082460666785902576874230853923280373
568706897316660482910512616768989901383335574810266270413973399341244961200191878035960280
1465614065113578468873978504811458234963447437550857096737452561683815459719565377980699102
186230330567767272710536025303454456830148649106531853322449290949395239198736755299719741
1890358066569581816848182053146568857782196701205734758987719847334412768385362127512381808
1646733278000340002242255169391712730782133819183685491565621727304300698368667502321458046
217547367230921867421601892370757978663119182645076914953617973159544664266311235767345893
574354602653792158045210588134624787501163901614819299940396893505538278649615757482948682
893034730865896461585218490392558551133195920627557119628581829547815223813726600883247943
1006610392295728587598497286776149219246577223996829929133292213507341296758174671070771098
1986637449265577021100114880373844746422987160725093977888428290477906042813181549224297675
368248736749996519356141749605982859619690513116424386889790355290791382014538755234002819
930567293910515303000205619868733287741733978550380339449415415716393658363464258023927090
1747870760359755128609502881561974687470789361783423624874264204787776553407768354694634351
853948544307080355628758398677311574836473555270026197645706376499251354547292099465246579
1885498913258057443506093549292748122147219533877954579021466434167241746635918837906872715
574015317785321407239243963868860727427137220120713478048211450430024908655802019143471358
172930461984848223313047248798151670214966102647713365204662069703963665963870178799654892
912015333254330718184319845886467551735646737741397459720252218352527440025212729003906664
1342148992319437077086256288171623935864418574957895325571088960478804862797991051451247427
787340405274807921389212811429542739481311145206336623039783445199045289463384398606263489
1218445831462233772560444392038912764072218421012747643973052091970119362272997786867829672
894380361732474569974675744838881949576847670212349246499055119809646696527050599594043787
765925472020791917226325685429184215459578863572355139868872433632723073513136235077169809
9631330291702087540927673459499123944583053079922224633810211420393510939738690444347574
75012001065181356213243299770616265811229837692296144423065324848794739793823706344269681
686251490996789941013196139771759065285125501891055101263428883657123836724094164482495408
513075823202690175949502253464726940577610632188065794723570841953931290769108620205902228
1956673102864812459400717693403527732365272811595687380946603161936515743335797113863400992
1143266887321172719285230871414180255082737500854276840289513501588694396917823141455305748
1458839586189499836593449794579201662069388095504441826784725911063402205263484971948787993
1674444454603609856016224493256591397205628330747223428292741342039329892937312789824207935
1439061535480181658840610622350723693686830477556309274983685608848643496759980414390752211
1025714195105308717453958550001622710087113477185379385941439422733850196349725462472605922
1028171738566356031821778962895891906455527492936822442154925112867729765477353848505864523
356646369582413595636658105776162865774223382432756219552536339215207766388331834183290735
184798345738860383238703077698143350886377780712046360247911089458092331849703147720578564
1224328342249129259257655594145656706118253705369108005102934641713618511111735510197800778
433647465678757125476126666539336677457281486237266620924693791589192976008567930689143666
1809431204050757805127123952117755773139337399908366452416737782978682002880481669743957259
912628008633357493857223455961436286329971452027949852746420566757386394754975359551900583
1180056329247409583822745475987657635931290657576315901739130379465546423217110353120874891
1781633223512931394256980990012721106785523233552263509980475861263941473772682646649548513
899311395985981267738661679258522629277896753984456464894553594340080991304569624863942730
522116082717335512004090249319059577781773131747937827582987444149984349251693876120914981
181830203153506403150969410345851273028641455516594824638385910678598177666830709309186474
790464517570920802796609741391985691349050157066853781539515302412353096725250439982161460
1906483213068788477553865142683984659905943223640218848482128081683562146139674082097737062
1984966434640330140599839047812160314710861772924995971236156888246548815838985805792338441
838909135902646667980130842652922526407947635914253221232676222113149947304753265999799468
976435640851567119878639637010009053798808103989881656769211442573277637506466392524352211
841514235303566036232831880857425890293975330171748822134068215339401573828209372777087901
263425487698931823311231201972262388811940959736181907100826806673876578628839663465386124
87681758831753754607999502452090729967728646063353258733269745691052855590200450762897618
483628815324464442941701065379527427359249846529104811001312539269725321355485079468622133
1040466454904992028489006001753215035970629365479253579431029274611468692343660562578910242
1029926878735566526454253745507060585754186444299826422313556135565063159953891240576309078
1642887245045499877313560687985043080188261026633183733028553864193448904099679493921419976
401552183147084830355550339349922189789824510539436425217933372211992599158617472093711636
1601622671210784604653714838057850012329266296615549240160957325135150028270411696835813809
615352850639815364849581531219640428663843952735741670220615266477952519411734868284811573
1677681181724298403213931575904165692524433186438447311363485556356493289203575846797163379
442522866138804948369593290026343097149175573254365009190427789921949589158520419945312449
1373789353107258672980542515397934092523836207845893577799660532579059896743350670703678420
403363366471390599266184869539185920891236218296918046610958057821489287192066540408430611
731863745673860064913551478404035112199728300317455090036419119018720898747262807856825724
