3600
~
100
~
2
~
1176713517785284975768542692856
286814410187937868769008739830
576783370922233713345050756878
532602930919874547013260308684
921136086608932389993027620836
523851535620050868680076443698
814240917091907418745159910601
109304042745600618189018197787
353846778313575750972038732643
465341790302260596450376863392
1121045741602906081188530290173
395120394777956119450449992288
362119712032430729402487968869
338202365821016760359695691798
328006016320517998845187307844
313864395898221364266853847145
1235743310079109012353570747454
1217252569317085469702363819678
37988519420534091240298093059
498474819613015566687998527270
704517610391619938564497156982
660256754576941130193202680248
755582128024182862718629291277
1193407226168152747454742022702
738004608603993925409218216915
832462436989635809244698529931
673423447933564599545450346203
1198144910090919722282312183095
760113372839220874029889909919
2517873744058578605480439944
704899952919307398907628955400
558752755951269903656376349044
206156478700233767190050123947
735458221574152701051747642793
213316596162722553634405467126
1223103663668944473753045167691
821359265598035733911068583862
653490386146966445116843971239
255900320183563768241908298161
879070252968730488693995957418
449951200155340514400909755488
511715719063752210173778499840
326370224931618631161268160814
675260162453693125776557177520
1037897771986955536385697187491
741575189650626550692371823684
661319899507243833974363803476
554285499471632004510284243404
1077229675066860970188396081801
584279905838389618839231372919
935580902354524891616763316226
1207398926033011136259168271409
1119692287272763384007455534423
465057507414738939354667856149
28898377417244255003511792612
419985606572863803688213940253
766365379649906940066958629786
706831115722575711536283491789
117293847888738019045602945385
1035040999711264120072999621683
614177928925740857464964333858
197353420365476579787337140899
1033264715161336010955621132055
79515797072210664566932454065
709735918537033340087808321191
605865672702788976059315765829
1138432057659756652618278570832
701140523512438921924731130931
1028758953324405533851864906848
778140753403885666381375788573
938338190910280034584145952202
529128281258244820128754734558
440064660035768397509034033442
765109965855147092008535509721
349622108567076527231839233239
523840591370187184711031182831
793242210761396766729763998628
59452102033327433237330574198
520090784388992942999500462659
804637043733763870501442083984
1251602708396106135774342390273
467881639571499743378107952774
1110389601358162107722278557435
254922150470061113055141401199
238787858493860675236982116840
451653291060292954793289599643
1211464522206403348145017155915
256437214055744584019079259823
592773679628282175084844634633
1167545739229787734266338307194
778652133175017387014057494658
1251854779891448117974209895781
1113508350683099831394697713538
115668537601339449106423697709
457280632171666755216840125333
968735995979158827161742549039
303459039271385850798321560824
95036846065553660818465305797
689313425849253416114029134030
498603753650966097837377265865
