3600
~
40
~
2
~
755775777785
136847419280
38908357908
970367768218
681288851680
240885145800
775442211615
485113096046
332930660635
416467092989
543081838344
764065481155
375697698691
354652770254
484315217415
662173638186
469535159467
408742614270
781703862361
632632397118
744377531419
306138082540
537029140057
488540813748
13942559739
763497048100
299436778799
260552239283
739426612563
303118575327
188703399109
117487669632
513113956877
966476048059
594243212983
92845350572
728817186276
246283869738
878026293164
133692691115
