3600
~
70
~
2
~
858197136505691746795
571729834918936055893
695460524504007892246
337811612507564594925
999601032757078929981
4773665734955861623
554183221355823739557
24532277915553565887
282035867899653029502
665493379747144637586
88105421802012221572
444642008863214415591
844279043541071377
62611755077959568207
793330605708038988108
764743036585808156611
624934833233180015568
654777927514708690654
144824780008611899546
840874237031104319896
691685396902144094304
375059432412445067583
524195699922700832211
313891543555547734750
813130987109898772395
619994502376455713846
774651811090188798163
203005382129822540719
636965425376974184889
956612407976766299115
155077132694417932267
702313047642550643940
434322339084097828882
208900937710481557973
5617601174792558544
51764280220453659816
178251822188865157776
172457445106957593385
490212617398988959598
671240071715466194947
189165052326807613559
149721866591695442853
233117261822680311338
509930853557319609064
438379290987462250478
774685718178320758520
965006523416573480356
1064856323143196468770
398383750285523248184
857047752741021393833
1110264265275731865304
875504405343533148465
243487857121639770418
17925339296684382422
696312452784408123223
16855956622772736735
98101342891263934838
426268133618455132391
715027404576761074609
1028537882442698508391
291986301054468113371
327787297380589428752
858210977781612856789
1118980154822286083084
708469237512420825658
161924591300301113660
1017155549466174753785
1102088915656970269805
654534812128090430174
160245595358407233735
