3600
~
100
~
2
~
791856559535411195539474862263
793634617634936109158994229685
25926621695102307931180519033
746662423704650542574116239552
1150221161614644031499580975682
11795772507380536193591811304
857056436446094101839671887463
405946052268973897611698179545
563464537377969360370290557995
1003997644008685042277769402258
671845552572561543512149090444
801049625236966768310884853280
1074115281743931463298188191806
377780354770751981425420606614
380404817490914507639360578012
1213950069210178959059085042358
444131756093871509554211031196
1048984866580885129348366485378
741582323677897486920887372877
1043849825338899247233806414292
1073680360250526156762852893170
1230173610949533137795803196300
955883610314281610681064453904
633707913228448327630336482063
124050161258700926325533979656
252145421035783863963249823034
206134240249926736769076304542
242007645369357197732423908284
1181998063255048996468186631345
580589973802495067143840349333
459084106151561755857290110611
219817775951743242233857759910
359146713076491991346176453003
524774069875346949142794381327
1114593165411194416109063010633
845250246125191558509615951014
631194120560359855392661642354
1164953026344924939198434243554
185513920653889545956138681086
457830371076655267276590003761
94964863088817370833957221350
688246978486127266769878715794
6457726775346759817525058310
1207998559154549880301691040783
1001858640068401971231472930436
978060137173667459024335142956
833226311188670534796110962915
244383352306203606518892399713
801669491418102506086200791018
197054689108664203907054980510
458314038701816969759707097272
922801177491849385473642707670
706654019676426053009328499949
377020758709177933515829530628
943684128448312236705678488477
1032018329316437713379167030245
382292736225813171756193592356
166090927626247982122810367167
921956988633605604133611433354
1195538656299201334888935594814
1115346487705949767330265580953
721845529805026221947294987924
762174807499266325555062059789
862258806232517605272683163571
954404077824773850725069805240
54457382978982180575248519719
977478039255614250963435228981
783367419320563530805657318728
476101671981659082410209063912
417911938862428944392861084438
68836858874151029615883184174
620828266670615567154059024021
1065157027194693285286085201182
917888970444017339875919084914
1025856646227499783292207242219
701579631080629878826657785702
961006383994036074436883948111
1011202897622277320704260512611
120820037742869277969747899171
458779434246782917343110957180
311122477944263355585061925161
1015981977801564578809572416012
1133288699191504640037900022713
366591280722611925190401710285
595046549529252222637757600712
1048283382302614401946939187877
747122165936564171725087969265
1121444926485147307616830958665
1182518100645894624930312032977
976564235528584204514405565511
909244717416363678363783671069
903540480600764295587799961231
414374311025827303050671477059
74651264884957942724881985528
1144677153619451688602021152610
6899172058288002164014242706
246989980197979380695604442867
754784318695463141208516069782
707948193995978149265016637114
76058523565957601659798957908
