3600
~
200
~
2
~
435480745608168084105756604476428919899825075056402988372504
1409209629410527506269285373237582360999567401471933929857244
257510074715466505132315155632734635082538932484897080145448
961703234148215039125481249439156499790475008527727254116056
364511151611616609248804444496125721337481290809332070580475
553451459688352264753930986840180502748829699110394215519625
392400051033806305294681447572266383893827804074219889699511
731217866371397252026876266143867390493570348349934775291984
92799205257809349348938224399301789841676590188855354969878
55159183297105277659360350739070914981175576470182140844735
1165968009400047429459546981148792556888533416270729463008795
446246538964122537101914826541719949203061044729129268088688
101490059214975507613089598475606441146510304395030763010775
260779802229705188599689485600656792742049922662936164051828
748842241111711255708870008473355314032652232417977149534660
1347813755423245988849509871976699017375603021553480250676737
1319115964472134293528414183596977912069802246256558711524376
1283340986593533274563828826102798766389051311744920102808113
1107639990869342005173802921745737240730648862418555064995029
1242276902123482026566592450712771409407976650489783081559112
1024897559995329058950206436858119295568077233156200141430362
938804778229714647030347540462296312196891284006591296682173
906945820603086239114796601052645776872027827694685851848011
966551070162009025757456150820394276146130310797854889124765
197014779666865389570273309691298917856402912661833365567127
1568890421932279244542988809069420511595521363746611571347162
433729662575031645075770943193187086597382077431952635176994
209064048943195631986609867140721534883003079065450376496062
585692301884330511295590219315678246358573722366937540470479
316044089314580952835789157576240824573609055988342849786234
1443935081987569740632890191882958777913771201190829244379803
362460656066264799070293841408445060468201688909115882959933
396270049724403945351225886780741531467629175730245353725462
463355678609502506244975742719608827702909730787978644990922
1402872492127725068216147135873203801475056490373393507493073
1391740914158194733234412905562304832837153874971108722046526
201424709026657493294906661108624260498201798810059783703391
787590826172427639749467068190508431836901162974827001221192
954918037302730855075727291306126610928851933865955706856229
78937713474299615185332904199327515128440428602625709069416
942782843385792352324100873926052628059517068167988513249854
1073759968906180468998142117697867613311751804511061231053412
1323153080654469700585640936935809567274660629308754114162893
882252575725092482500293289070691325007431523529728238959349
1305190632554348641474925182692311227657149697444356349184396
972557900579969621847530684259487990048012208665129020941748
477517817974464826196375183342826438577578283770537687178449
242548326449963517588649324684429352699837884749590704948474
27823566631679707444532088521067118217299152076293270031629
1602213990098181159059768695912409867388354514800275446192537
613490645308364303369717073220063565076252817037645673202682
736459942984829284364156207951769791471584889185230094082278
1098050691750379685825073137759457644870499464945481851984691
1093421484944110073789430046174450179021329659434825085463737
1291544893684776292872983481824101644433751108007136787943359
551838705743762455613406920424848862359763909951912531497198
302686353470764151883879782886237942143859368599004759797103
1244342014406056000069337252829481496066693950770331874966985
390789317406665374567289014036285963252907084503312887136665
326633500688992564425309267389081311964058750423450117298568
864992738948315859722546407408157204733141644395869501249945
1095097925448381921855026810408440503781434600469845860369743
118205989717712794512598037251900674104475377634866925759777
920153605291296295896339088026352582830163056059765646816011
178004530767284100638884401841789588277645817302473671998315
787482581460222373223762991651282985942147859549044388579884
803351566337385723019510226792053002061525941479964676085352
462953643435800790820443870969144392311582010639808711612696
94003260697704308577886533205700561492547577500705065939342
328311611442984940698958853574785343467308112453926898916936
1350227463819261144153515537430173017764824512119054526341997
758954793226334999332995792380490081214678150609788956164476
476921641202436697375674242972347282167380251899995146812646
177399032251257174201664909637288570442490450046730102679934
801553995648699604543237658646242839787017436463781230866809
1473279213516648871727764771087744023488975765203888609674137
692015409742273207800462454332882906421763133805596491209207
607852558156491929632199229423839934304919265553388374883340
1512971498453448407388902013954133233635677617294970910535186
1370932128236514415256952152642382173761210418636941951401676
538658043819835328264381133642006384485432632082708105031586
855984048507733266017443617922112834873531127587424577240516
345298012821821871328677821393211932545835538929148962438398
169281100142615571171734977797383956337262135078447278285531
160226521504335421480828850770879812951947923171630136690158
899053352447417813088790097477405526248981262865882051742252
1293382168279379321920141483889824162589508158911375359480152
852298036461831959622238230714220112679276269224609937900647
1095621165808934266703130712222365926791080660729980404125918
828446190183564062013553124943478175690724044613826412099516
573370745539471470300279239386087883823742269251362232574033
742642255799697828450161263775372489216227970862720515350317
794023498546122178906642550274282043152562601019008419578451
1499100213653069814090179087464017815730756513415283696495697
1528684174176851926381319668530046778978522195247335624886499
773668149579529946671118978696097149912602517835768790352197
1097404662621322840411852398628496608876524815436770079463253
1346769471027306920077030950648838055312418479487235560381911
66634070341202373087807844213755859643584184722463458882468
1399739229703678845977005422915733922166733414223092747807737
46901710147330986078048316966746702006443568738159163469655
1068944796847815023251034068792896941189101982192290811131968
1035101102496557849223520376681355579613771834654941402569239
44373240557175108386675276022786068766022470670874942827789
1155156031607855928205053210506019792648025742047073662102401
318707842126258026500843084111953747659258386683495218133934
72846168198521251048085896688722378994369903078118563226958
610310728459032560102297732498069458685697453390776154609876
860767323897463066884645267587985170058443306611487494727330
587005549375776977954245008926533050612117826163282561896628
1005453248298096609387357466038001295818703131134769846059132
1564457946266095701791568554312002371668223399535020005779820
707907195249064966283009695472633833697526609076649497491462
877600916359250844038216687455909826305132109994428787386586
546564395524280021582507278338878861851162631580946641174671
18006825330371233594110933102341882675963036883553025232997
1213057896944552709737764757394059577826270054692191688871665
662219066506269056966839035843429842575827619269338111326166
803050777159633311522455178391445232554031246514984249571331
85248635649681959665149392045909759605315994036939315987312
1520575544510529495843125486371830402466058052442023067716528
1306668608356539056426875289383809687162529819250052065026457
299271693158750131738274036545649567776246451287757056369389
1333306191090077640684006121397185825849435057209106055307499
1299704949518262108532453380079876067522426010148924304262718
500815609352312257667656140071835655273547753010694692143450
471507080516979346296852616263997628677972678283208716751360
1220531143399450253039081313407425682904890901882293908808087
1238766452971583878498064376635867789519350963785525146283210
994503887826350915110680062430248951782547730553724966615073
615180097887881135478056086538493283055836856782103600167298
712276217931132117711562249659320465029511980972472538788876
465979569599314050761745011843630174240433904522424743822886
989676090322309578038804672085681883306788746533175556601270
620044580807558547729729307874103834213650745033084108813323
294178683390793136601995218640624473606773115627244598482059
1381610151754179294465822029664964552022923907878693931392782
1426985304643416447806584883910411638931636718659071450098184
352618116095327814773620132958924524969094761925457012275014
795178156178798782024273594352605171093411518095475920034515
1322217359931303813121666521810481218745055480046459569749169
1422220676678605109350501159588355336468987753316699673260767
814559328577695754678747440546788838750882573959803081148893
56944922866565310517686546519069608701097828472755474365662
1305268541700141119991714237968540336574751260475943138723325
1569462771739708354268684486216566305360833920034020774428540
974195134619508947131520613990263940081502209487351317697718
251666718961996128203647181463677696704060000167564547280619
502782089779462457824682700166370327636054661648360825461525
824783420360281164521853795354938254538859488156919523013388
1395928490039949916307370410756657497101229441207958539271280
424905211159289340474143540769084614734479072149820024128597
321468096253879935535804797793690092702739827471136661217629
646704056859566185489243371431217189909468783317394749023631
1289604088394294627920470383233423194060798569176936969190851
855074702212049927996178442521578369552849675512926192719970
1576456213312524874068817550442280960972006277488299183288465
647504289239095377412984078632722023766279736120474459682946
809342674772539216789207474146543372107862609614014461729295
310314828959572198652570941122526625479459677190057219893666
1491206111358915883759790590141287347190757513870689713247343
755957831322021802753263778186649903432268058068792095550478
141778722737056193324300501547238319545477348852423256208466
869131126403822972238703705553304672787429027862684096315325
899048736256156663731129184490410510439183877621036910100355
500243588600794781949671970340447808928883546035195588098889
1496432239234630068335008404141743518804368407004188414517500
1603357328532347466647498862022325929776216992127705106561874
619941625350312147582028003118990260287765451627771481529300
125283449208955722058290518008475611676847560269796537645750
61785979149319689967490641250080258710983913808974468096253
980923290466412422150203265750764107307011879981133660278930
163466033690627113183627435878511820222017461960498648825415
1427358043182752625061826848192647826279366375459467193802668
455757900885474344056716834838363450514567056197237355288424
871527625819381568270189868743891037846793502935691370409177
175377153408488337829728218313015082981821115372813563917575
1503956320044172061664444337695234612923540398896200950004936
433593833866578244250685567404205899153314025736398987546150
1388955322891454310863215532020614446276891702712649144364659
929612670538745653341290054502698337314847687360775497107467
926574149052125196972745724396183834062911117141125891850115
1302325356579465386208643854139915510613308148293444958662331
874070067758527867985646054568378483199899359691283344683418
683134675720322158898215148844111879292202704379565590762814
1021978440745642764499448539951766871385401923144445043740894
913099590721816337058922911507288603253987011587966784592178
819201936580141321816063847123033574971804244078722479316675
1385484419071988913260889082387774184058565837631506165220907
1322427310607770203579728794517297701407259949073726698851245
638619897475108957569184493930893204895370886057210647560641
1456372739159295897390623946041925760146863486745679301887441
299146388408101533580913413045097446818408600481948134003051
442427022296982235257119553876295093158367676405763838079979
675323054296420864487821520858369041320409550780301716131845
642846693422111244025110327632862409350158502685111166984022
719451458282421792471327006804622987501445662474824531125776
397686176070943339906625876018462574069590912292591112229042
68282544542059765514711113517389877508208980314723227779450
817216902919342361858164368125446607687120455807158708362405
