3600
~
80
~
2
~
173249090738688291428834
231770582751125366604709
1036637115487656567503003
338734177690659406812668
1106670741398323511618741
1102741024620689196316058
1083888932452987348090385
980018718157787227029780
423211226392320868540740
1151893545788682191131441
429273791156968598803143
390692918176538918229380
1009111852657828095972596
463630838151165780091099
305064408527331789891080
998705189676288124508798
503472854612352538199940
126669080095249302551077
755590527677037915176623
1049346957760552794383598
1060779860665313353284051
436412577234635365032834
780845047332302268609879
217962314679676603382760
530589906846450951756567
1098960950639712838113907
468374798529725298306853
531681849490525762663299
268090319379388957037473
1203785418644529661468952
1136853750313640946201100
1172868830011151574177016
163753653171095409484575
852697650438099496482514
525051510189057867008297
482311157997922624334812
946215546597411460417877
335747655814651743042671
268327184180944753969507
672719055812648890249662
17049993304087857573637
804168599442783973878716
46951632207803431865350
879934651510865217884638
1049767721232807119621050
579678497009024895644360
517513383381268718209779
703398476658352769848766
941329022948181023295798
138425975412137064642890
758778582313556939928272
1008084026601990781385839
408164115742772378959901
347929461714903733713310
559096403759560315847891
332822655610137983950088
327476210843661181130183
73286410552006413825107
65992095695957721896340
937798361107992089450217
659226535973096967517010
1024381338943616956613923
1132795295023950186393552
936554569824671009251049
541811739595503456890501
799489667801153809808453
1019893238397261402548555
837091246438264741547627
1192068208282402884504599
387580267674615673814763
670815151674264543890448
972515881541977742206256
1084184708722778510173386
566089548873519686227456
68318636038951295660121
328405714451289162394652
849046034599404080047205
6199829536995580246025
824095688474848162558211
1020683816564606217040662
