3600
~
100
~
2
~
435295362410554234007812704082
449404848066943269668042636216
710063477861998768918945161474
852673983266450489195124361054
1204714952187695101130617124171
777735904123774415679456057328
189399065167129993049123035014
533821939968622602395600451402
211676553049557573783157282800
189110604704607156919553386773
835461840448171889273978749672
838504817068263750669818283901
1232347392670954703066955197863
957710371488993621373451777449
313373417823306838049458131800
37560955245768280510414932213
1195806783461420435990968750060
538291824881700527905189303774
572374695911654475428064584617
502056618674113763303384151555
1821087950758232648272526189
424574797327045765559208484392
1257981874231265831747886586232
355979891655794124571320239494
243453799184055143683535336152
698185675999987033516630077261
241743398121717487986746166098
959146466411097646487551862601
1232405091380569922545636655283
619353366472972486713767512166
424846413165145258902418067962
713381580781290584543696596788
400075780471087970987480969340
1190997720538438326294732265824
802803112324948195150618527642
968290561565053229953363422419
1261761129985865190891503842665
834725346684058016167650391743
906858055215598991314658931154
1198559905690712468378657186976
856673913568961818316248091100
1157110614273652554869094127402
951679512253341486016933464716
212409691110995843612912310978
312827034026774477021401905015
277544028705721383603487818302
868544160614947705653666084496
407909834358758619933102331958
858851354615055100055264409334
69299885905220467770706765827
269075525028495710055443245511
172849950283072681771952077253
590175396451122827555655053954
981536869184198668094752955329
1132398512637564241836755868083
1262598219583890586664440518779
622285248004614429074375837092
522582579193171424041995077005
933972486248739966195563214703
1158734395516170500303006038397
515923494044962688736377414803
518554325218512663317638055747
698915592912178394489071237541
8585603656794293668587755783
869671323293875065220123663098
1075394771143382680747760730110
832778429313650900903609556508
46697349872533591387374095759
783538613398915768459619014277
84086670412193092722690886247
116507678423596150315105461557
1262999178539651690422286702190
886761855518945598777570679678
936763108722173486058953718163
323763607142410232705555365549
115213267921171305611682509946
743849176880883715302299187286
1122819288178277670708063584634
3039684500160466491265552305
1225244316451749624612840112824
406550974195555802842732801377
1258300633179867819717444976754
1081430066797951086341987354624
977664665004021104427091786635
426029430444883943192041350861
574910760849625788788484753100
116324215205472710526812655761
867739832575439337938202778339
478676108964417866647420086918
1220897848867536557702533428291
3319833085030892599503458415
542690555216981479056969352639
991699964004033635984242374088
432324320257910117373798854947
329878424118875872825096777480
673383149182343236759335805453
269862869546669012587159627233
1196316209205898246584786384951
635449226643953625041521243588
60514948745696209913343819426
