3600
~
90
~
2
~
1108513929616503761876382355
471834842300819354419370975
984221504984546288738927653
421238975309061740503071470
450898903446543693317970929
916206262515783155372349632
1001599664991827292907125410
1190306569478574449821392701
46991948059191280140538566
452116989054444227657257052
661130439981750465336505503
882142526864867475441892077
97115405551597012939094468
95191257457094378149037349
329602711540841630777486317
194390133377416702850992136
165381660910914264426616695
105283650423046519915884094
1194716035105970756817800364
1227369251944414926421229640
1081564669744493905138014787
304907479119940135368438649
32764581034415298745910123
884010948966692136439274027
364444884881934967458305297
1185820115723758282283409274
303997094449053934664229269
1172928857932191303459809007
302079536569526777398562104
308191128277118497134129512
266054897961830156365804879
926278067178617350312912032
834437632014458358304468770
242531201502008898168178795
823169774231921510079999062
287241962812871028076254920
342250502036628884842822626
543777619713593177827173560
1141373137233888920034650522
72605981193936369082412379
873210808258496738824954020
511879841031775445349470153
974166825880066725672621576
419938509966824500514213854
27240934979512478430007654
705861753265703549713065321
258579580226559444583535022
240537863786997793134321958
300112284869954465018908334
99673492360671871835879989
175329203612329179009647950
647492886598293965372852938
793622758634217310113414404
131979037908056296927502222
1090268730826821320295420046
363885318752994805759050449
1017033307428774204889979551
1146627773239926798632581561
799783081934780709366239424
983650068964527115096126125
218408614452693419260050239
512491965483991510272951755
875775598340250705068750098
123957830317304766615958756
18917084160779808862424294
767652270867151922783727004
464759876291899432990660331
792042624400911825269899512
640157176066625382668222075
369253412613154418768653696
97968668690724471625938809
458896665358320770535194324
53604833365635802951756603
287176076150834326934765290
6900923111931979653292350
742700734455414706262534852
196261777821587450919165869
324563564997292980499854761
978610918290588825999624744
1043740018263638195849775048
796854887785067581592282491
346179445972544258145819261
472087010693473049322744518
1008964569853194656166062201
862871755650104803128304257
146958951149967675073558291
39140292455706875373894701
1172923540561934159287518379
245510785499537966138401586
643905269844832848176998847
