3600
~
100
~
2
~
766214840419301456813758547718
110899773846146516711919127516
992534526395749453980686646834
84795891343943501981379211657
630921322975728122057065576119
579277607881130744007370908989
281726216940480583892455692957
711879238364011059313778267474
142223539376815248921910028775
1101433496190037965641669662906
918444388718094160400455504893
1004720860383447136998979114588
180277914485339235819219839379
421146619319838214909061981905
1244812960169432883527636476730
968479781982296017017251214378
31927205480987186532574019536
38906803427636860518296395494
745081972787261210004945282438
1186918386883896557438173090168
190915513432299180054752382633
1051044794760602919753176740494
1139477384960450483620656719192
1074362992275347143167864636066
531158187031877235849387564693
846225133884176455114428250632
86013304519560156275499472862
746981225930704695795232167311
950660946313494445333839166488
361929165937776845499236076110
1154923412486692577411918363551
264498808050449782132331908485
1080721441289222344429305381546
1160581733793468141988899762987
250435125933701324220680521972
537399889120909019058763474116
1094779543614454368590042668845
1054110858952418189860483702906
869669840735642468205318610209
780349989784716543539310180125
127069076070507774865620580482
725143344400933502336864929234
1083808182046466167246338187036
1057303787668027773484956467299
201756605867504453825989024524
758304432579770204581748821288
363071223972646090774031905900
525426107050865764532255565596
429944646655080751815912314423
57667728863019562987628979445
104748062491236668620106950188
858603213179987623394310805256
788497550417981458226860866521
237661029298024309324455563829
949447625603319142317962245556
1216362115463142430796431854576
772874526741199993853767932901
932377989709526745276654629007
35854024805631132493586649912
435950408689672376655245021669
944857482758691421559660823141
548138831399753609170891530772
193895742984679361115774889642
789173898838762360739919120351
473463689917138567720566533550
1224809411800053858009205844741
84978248677551776223393176630
1042506213999673653505926458323
980614412195603390670500146983
1244933180279777648451588681151
790013329577389046889353036877
771510261246152390576550953082
812305649275317278796642529590
677416496661380854714772350229
874285302958428088197574158174
278455334582878072724050836583
319859690992863535937844450186
1002561965875901706210483141723
218070962650663204149419246260
596557118977806586252154397290
6880951284677032417459054410
1014107838886136029671149118127
1119434218772802078563485154190
48550619691620104921612450088
1190682817699240936218717568824
352374787884725554457537996074
1000839142088770178876088397157
1077939962654389886152582387032
1258245898751455422685901935806
447666643617184652023167876976
557899222071266152014870706028
169611462389860263287572048671
1101949774138255194796669754665
1104058165177314745875738330055
805060530402610499389290938757
748518666298024625737630074303
1151091177537335968970330733873
574422099315879079462438277583
937700923917721411149752344991
441174867346184676614356552258
