3600
~
500
~
2
~
887905185769198741979662161036036889121951175628496578324072281236146856433405166088293887861617695766356818846467348467150315227954125509930225350547
747394584717946734415778375464847564494031811437447741601306598253471032200359954104795568689197386107581832240666972659615869121384543584308718249573
1450213444755975528926567582970782718478611219261680765131451791434902323265292048151039584615882734008724455930839310633127908550301247913664716551075
1185954450835291094125215577880340567770986218732875878337110674071268446494919208739428867233645185042475918754100577700884719161490399565525140638258
1567732146132107824470495105730579647913893598104697997083199408829014147304405330112917358754931505963190603994300449434868219332766963367058130970464
545066141787405287237641741048382371205599534420069628357562868053379616674755450367344978413595675827279913455535465764932891908339553336464081074713
180063699624650860366925873131915347075469647030126874502301540303056741811505600311881378114737712922413542922748629865350803945184040196170500484061
1109167590366606180189901470679484417908876205254653624240607914410609800273692958540945759980819132240997841545364782186506530529244448230173707403233
551880631333092440487907441884880867911019185715886310085075255753826482221780520538675990396688664604705427926759584397958261064491840223818332944675
1903849079501939880323830251531816199571404258228116677024738931208339834108218300991242322352747471500187110576822542551005112832836026856508305848680
2075056886418808138000459829361223421768691504738763606791873620889046057014109459159325125858135637386200445391697721307886567188580882685459240375104
3040854734809507257943568755736021529031473488456885016012141246140000996414030724351716692891900869940799677424503611435814332585832793056841416453921
3100174371420966989105509402773629314355323962079046341097604613677493624761405409892234026954307988498984456616175285149668399526536520572108482672309
3154264834561596702352852415413974502245620831467796004525017163227442395834557601943505052346700401410046033159482943997705033059396968927283369930881
2487174972445224128054384476233358157896026908135413551351401189430985315885435260003360463106076687585875642664606500699889793135476363333309512602692
92411365559235298398013419049036221990806702393824503658173078449400716585436843004968796775284433858804910753531431886030348267279443807032415070392
2104409060971218338671848130448498718611749737453693348165150824591330992859490596616121928773189575588523583242545211631980793386972232904997573798853
615346006702446105391268654799364153167788375844866786033444175085745563602579852542021982717167627747687070409920138498317714414265243849700477057575
2796924115286043761253249660060179293876908558032677263290731561457132039785534010381637452330179522396518272507750568344518023090476149076344878482585
486005001961477795323408658292626785167421286970501526502917547233206952642175281001107190518495695971510286583729670160130911156504232838898262390423
2503532906794429508587535496088047511976738582175767344955890263991014335195693658312068510200553104051701853407103960778902282639848387700449067763196
290410261267882370172380240587424185397239692547303850101971811407704463850761861718233019004223392995703507016084387550989163482047855176404406357961
522213331172933172643812534833144110128052506519713856513557155019528359853713515305535762159120660216709197822388713454807756341200917688068823365619
235487359267371684289075876133650451929244189953715943326285617836550822200971831530908892152906175085600815186110649134724228027870717361008705784951
2464648246007887163905012553325613339232745527715744945461206973033643262262420976493723285270399492950907486340866085899380276706930993744876235394593
2319893071460203339758119611175531830273576688460504024072990179421124103838972093239425398645094515582722392624750479980762092698356986259582504172534
1675924138443425357127210378136518476405096975305025031041262816165117565614185647713056320862211406476523801716673664821920015742609488855970659185450
601669102251632396336676673391027349014759631259468559529823763642864430569872630781707242350221280180436937837436549558300298319929615880421980276023
2718114540198466988881002519965575132017562421102136652662338537955176114342764054040375941414806207104622737494024350575731346178851610835528646216439
61800376873094836548001783100588955907573746937388679850371208312612764639793797761969865354098298120464760288429288130810941114439412458044231464591
2441576450798724392207315993737693962597163032319691091114466784932507250990154252991567572567537961712384538018743447684059046526549549160882391613310
1492653155773939649541214995861636834368134513806463766523259328331609982035930975076401446032789513919805184525677703398619899592589205903909285965836
123796677098478813375329730206068839490192334531038029957751713025140125016567948270191308008780239407028636527906631159067621912600559535749185620381
484031982500106707657392919215025136158398784745614065424509685482583116427811901828564545773132877748650776053385519377571506169764444609747066862402
739101146849188996266734525647941386742268717852392492773723501386706258092651317937811110863511484974776011386203704279646740535769905248192656211487
2125255065474127616269356772152017237955770538994540291292762135121228731036949389615487412279552222931826015089928738893369456429971180484025800766585
1935335808041447175804601763990624587251960545484629509710528750641219958827550642001935103890029029643186251030700153661661287870532362189813266396422
2005762553506668249213480959276294687569316389624488877351715184204762104252593873805895399779773856834151293930632002557373906944307793980534575988288
1681396950628578978113107855442566489309708793353145817102268948865908384813241172223726506411390851965064915863068098456731481835452889045606696543529
300842973229363807248581530731844029973743521789241386149646400432575961937238072245604384564200541127834492406919387135261620344189445370978356155591
1664643936890140118004718389641292890538868162067703653852893164087448591612018567240289301459734038631351707780716258194126731344623432462777679388538
2374068684873109275352189103242922395226792697864322521136068495688367293975922438603589890098331038584074000787978641972548639830201589891972292656661
1521776523696957724162604066040421518820742998098074921085907990682414959219882948068862091820600158503696866235664837821152439170278822410149375689998
2984241657243857142026388642542085698906480643537864163823622646970316186111537327160272829067675029577075903947451094758834411277233017432346489670867
1967013999865204233324696921597748708360308862714985382225675697910839137231238606067800618909598380840580409929453538091853863886123364184484252024569
451402918801192839336842027685350492414042182875275153652413173780155085336285858453060881443135603759496821452157549352330418147767841914042468051794
2865620763434713556951692835373848200386480007511725152744927182312102803612263272233370831919284186511630812984593187547327818931880504019454402358004
2817901528596626961619865650052673331181690668481351488310683154325834099293640215516572553411323663849063538220300703393559972252041167408144286177694
621605934234251288778668039397152109132901520272728336412290692395648636109645329753415536407013384957874067578286427823947361936085448569020845800035
1576775620465527569709354514232318084530544857606522497612372520780879126052830066975624651372717014568064082765204840009212568535818580700812632681458
1534932950059122173146462458289477802102487871263208745166178192669946176460823788013970612977112033716725425200251283918743515497910958010437977790205
884446278558740909996070027232187214865228641322802472879187901045625475462171906500017349298435191529539336867655833572517552273692915011787195078478
1794509943353008455363620524296828504073708715489806961959076545956369693095690154951806988234318459961410703797166413006982370964158213642484165686851
3241386975295821448903293745827959713058065483200184154278186181010079097241999642076317772952668995654656349644247263552746794178035955733286340955669
1113061850149737997932770389613369487075253960652779150358824732060475025160184025813189093209804527893339981548445297047053352142451969976267355530462
354995389806331579655520281165415491449252702212684944746821512840158796093240092698691444387971390180470774843357457620931725852784294387817399221755
2569882787255586880799258111192556294039391821225539395630981699347012336931169041826910022831584299739984479541380389621400248045416913576755327186393
2521733423643934725126530044702632951320579745369166063625531668193668567295266813231479064902511985133126995346971507045561091892161234975494232454805
1580236224037281873210543250634885227498287569028585496633048099569880180534239984156834742395833268638905722989370986313147431258174980639558264437046
2891200929966737042148310893579127495274290887694284645974102035174689443864342930900192175745035388012389731028073013174387394426379094326070707887565
657849609439611210008523287972597410039219533444877132706637398601734797723037845523957855058290763290029721193761064416318773668703661857206598121365
2498797538543282378279931856505982502667255080518615199722684756383159667506367793491223698960941777790154936249730658636406490131479248338659440014430
1927235141018644559814413737165668648132252295124721815636664258193385974291359020611356934690617711685960535541260553964381308552676519505601979856748
957945840587938025675068509322083102702525265518753863605580327202104606494704158826523073963790679700473787393997962909137852994730168979529834473912
2958112903618162409255485689412929193846282220812741504553618404815622947555287299447691332528992067903285279704974470347129557933159842060750230647095
2945334673021388542934260319777338951786630680643410473276695438318090071117172662004105600484703455508852907132990756601222047998930950529092014642532
708859861749050590929135063557765746393280190852570849130931790742698393141069422596127550281841379055342058236087946620918439525030653022488467009711
1124360725256218766206466813756736757412145622893015307804421605384532710135921101787940852830318616906943504620367018851728523599138199264455701400433
4328177152380457625998667332805102913149170665922704226088841363375315349560502768729727578938931965809183437804763217113028889869802208674278976963
1458793466133477496861548770965884573058367762372550182342458346908383616806588550076136513466072108095877623408674816230394465597692727230148461126836
2776759780453345863984714653382006505187730235982362810466960532839312325251554207922110802963958200742459789477766401291212172862623266728631584389477
2344558284195605872196776294033296490841516576821948878896988388500492654903250815462807564357763564295311940453047543384310693287408731933277800036270
1390360478105378688804412860928186311987654550082708184837598931575848850131111257611781258544872913687581731511766098648200011626760973886705068371108
2968088251810642776863405834388200564193997070364955777877316183572521693608484797190540434485422595607466508847722407376170276980890094475096817189194
1332029227306905141479839104532064289059346944447703069560083328029281542865947563652370500411644177669213538906363942137638343468643039458226121106769
2780920547676447415414018911082527001148362243393704756327585328054782562829657737824460443635826238293552602095020740083417512965553682978956627607950
1129558493889984988507107918126557083759502971929606744730702821480387342466099314109618024257294127172753420675053322181687516141900267229607585233563
400768792517198617561969238427318692366099127183841566074826548341528701182144790625605172192229149493538478286955743554955948247949971210988945935556
2860796922380910138363948322696429374778094418462630573834152764480394193408920531031296044290442069589705045592331061530038894462632673205308300545878
906298330193244253056593896947975106319682539998246116913275646463663243073759495955859792523535985283425564714458637957355968124464240791318705432173
2348018091811060709586668080548074857235301763017143450786091242035993999833646938257300607649429936608222961398496241804287329047934525800025181063518
1449267737729899523093830395988103785215168317148532642203306087318502395921011944071981311610002993911888197569565756946999889836626946830992369338720
1820082517419619164189183611340090295598211289060556753904559362009464606310395576266941735547208396048840973264327030617532239451371818684869132110393
641642674712228730510473972014727765277165973719752313061113832789847065313622074334154904790521001477104684601742352267266610312293918586442773789494
2169112848460341376295235112121444893730910272644399693287483085190162291775984519582077773243419145359798972288731997879529513745902153871364372868605
1757826577586584615329800005411984759429766783721474695862251491095623419795767123366782915427312912967213275893530420599401187368249846013557494666157
3240345173704932612164117552012515127354075704099577420029907289534225234824575682766357002132860385511028768464272162929504399716645930958958375460713
861658964728325266688439960481701869587874608866210577032303977903624840110074262761278480687583878232449269327403011131572589827597505637363976072711
141359211441201863378924946747372947056363936447030192456070892179613226474677823483559070102563883060158973220348571072080950797917759939289694356711
3265337987575243184924432748264201004221825893502040650766203367097770163767487753434116227915324331680473584743905609674800807732364404253826178598592
2440731214264170218262901501618841122915586123606594907462921733255543546611954131390930942595004498120040319981328993967180506369187154116187457400477
1581302341285434329667346236510496584161201737953726804618085394092898446681212045563617360677494626032930615534473870766849765811047005639715939339683
1034505310254299094394516952363963957809298773605768857045846159505854859735173732430381352366072047158308719532059628597541903998127530656945452263406
2899055753871277938951099415422857262380051064138681374640884532264778497719172963674963120288306049725838083420214804688444955251154891935944445439783
2734009801803232835192253984861917352826433041158648520146330383973610783023579163057363896148970607238582301127888737858813074385375705105081021040709
2280448213409384422998332575674429365440083556513068730348918004199389553095902838705333408853639097926917908837442775473509536119514270803049158346077
2023040092299488940247144814268756454094996423124531983725990512590538480525269985762358322083744977471134079626507641285116590104505518967326425554074
1487844332496208331650638284629849854755964166926956578317698736917981140657768758872268439870552123232402696071858914871660861970246874971077398463312
885094946080754484515839338603993370223819211096699309405838835467857831012830121014441751453771108263488399707472596285128154619157124878677151949263
1022827684023623212405221244466833170500064970529151419214853234170679972779786147797478873583601810580105112330999223301447858003120091683313098937123
2350658203130090087464937566311407617226239619200474006319791313689500122121064449399627973802508282543029672956382216317153556706593503327755685522038
155467858678930155331653087184259469829011466333410975581789692175918215509456773537857237770253404518760335519558255075595188959951771162979474732043
240278539952206579304700572117456471830051493678152016022707505346073289538763197001826204289900100384199801877828228346877187583646108919963393734031
1972206136340324355103732289220064146764854219995014671223670244651762210910240420860232111330692212556540441245071199930487385707284436399358811683538
2709771896783797238305632413737594263177293012810503828790684117140416415039912172039135258310519089291931391321194355292595956770484531958296138002937
2964988055599194340146278394689209351179146012246882554078216949049122297628421718685926199911318992029437645110533022852959953049690481416623738220690
1791258858778616431869906195400488517233081657796699542622188862222593120469806901167093127934285867217464305583048697326457464757731479097281421718250
1579056879666776323185552943741270863453151910698044186990370219171272289693586285724785933616410724524242488015267298536507706781960783565971651697709
1221314288658355942903519444582673525404255870390604364106854020970082100598616452021992881146304272641465983799249040602261343448593402908829671937484
3253408591398258059384824252751536221916624032885837089276227073745086929442817168925931299095626129279042145880499223184930172029216561854715448109803
2592582829957358480428482110429279851618434917100521586249540957983044926035881476755182349694241418543836701563467126291240952155442310803967551689131
610359522862388659534496538534343237238759700244281243977599263230478155285388174619289539930694060372201725072182277233151325904297637730067784644396
359613266260578179508415495828665861585046902484308781397155092576232378311321936025513103980930176090501174278024408272576811545945251169528454705863
2685943738017196146147818743511407302724926121965686877331098717448079332792757246714457272195409731341348049715833617903639106424631926853152446693494
2409206599338008869888834923359225840349157147984156354321587374238621666591253366194801267111638904367606576885584656749899645690460555944399743915208
2660356550379221654147937953457216602851325028339414258077568053423014316094047069014661829371503684575787720277848579746522404794795607883282549596448
2818996036859968623152840036612627817850628476312098756156634375089449820265361213175500699710470067025236214310929778460046422367530250001993292922801
557917145271555509489750395304462379993561952365494560974457731746852255990695371770764671159140967630274151058788753446700260364852718264134644027811
1244888785939579074524199821866875088076957919862024236530827260497071811338296032945640022971471963458806180396134482455657476777397359972730756348489
401276906305230192729909646133133528390172095959414895105596656364754963499053784081372551677224931224729392974250390727254516926293577209543105140576
1118175213677354436194731503683039419862555514533819141007203668883768014145972732804411786605056190385747010633335424190355388905198089843114579788296
1913290767420943443956903442972729643360618524602821117366626629311192006541707021086842435405082150960274363954499001609133289999254823606973532595887
2128341857619313845056803137119695756632871594255574032361665937748498274938446767820823514703497192972507264200055147209555813271848461324021050715934
920054285802433299561375306503091484957369491834213296616291993649188414465980061326535869165908494463942478784791094295856245600382925440985944583147
2137832241076831000176235304880483899875659200493638366006287228349267249664245254992811696692120613040708720136787352255230798327670925781815140375176
928368987056538340414017315940221734149295052471285259129834866802505314064371069663954237861552671837501471420124017545329554446527992982232219746685
296731381216569247087294539786955976489199085943757664044610931857013894740897625689796499533186601463702613330270948212158899423808849572544128375327
3074795031482188408917208053320078374130865891050086945051478486632889183179556877532204095904586327597314396545844403584247333400464095219333262450991
50343398885958013110827540454574309035525470090833467637557004691938989596370285824210159098268909813383698230751736005292547710341181788015454076942
1714304257873688997471744357281131510278061033218213519476396917997498059827312957552953522978078192984359954946904313175725028585505222244292105297544
366788597000347133294096666848439222410820366442366055854663313205155078069609795281005816662877196419535808205716297105225496096809014989709064470057
1926521129379589480670193625691571494775542486775835460637545800599602026192502140117593822217993086568145442458338325857182830886876830833561926008358
1510468872326367975204459276242279695608598364879613960402859691107371399957346243561286857323476167568069735814694859196357450387001624784405058793137
1423219459200488041937754902852376657114603626589061304738208840391999583680455335934681175971230695198055711972892127921693174891849004256156384636934
100069744185456755338717892784722694347748258112664640637849357309395246529733324456801715928931366860308857989063501744750970469233713530058842304192
2625551230392853939015400145540463359807729420288344268355082151191513426794262356872371640936848934103928119788343973556240437457618465502090358044941
1864217908444420088699277507199377289871878382896072463115564364483265414608635899795462276260204531187648218816411597733635625675205037929156995313028
1017408393947646311250383931625068419541326228031315642498170598171014892795869378939493073528596479786637493691509478261807059082219959172402739457432
739516660267813025234710862802298932662484301721375371101001280204047714740583007778106637361899788204232079116198296572704214470751629837951761590486
331512400119296732095305458768055724820634645132948762820124163727137088861369209140151297787710994910331805062707676147264332193448962489626192277861
783951552039742891349304137255302830351875445537742264978999310682524918384661435837393010250226012278963879133471867776645932888175069467746745462986
875077817846636298636809261307727214234913766068874599425897333578982591630572936418404574220628514573497422189013979231557893132153547229325150962199
64001579039703886660877328058967999219476700588086509635704341630257273784246744161393675031370924724655540174990506770685994939040215048297402250641
2154410554720156034689010041381971012663627646848213599687826126391243165865036184367900692352900914599076052404065569083808104618565096914632036332741
2458718645526297769354400015361779646083872747967615781310049347319388229691733015718971526149177579940693367253807638233362442000828933415936160094786
2780342290258143014350744943057775061902612361876814334083831486096741035563651816372778911855397982030330172007239478686737319703299540359016242381066
1416380263408178256678313349790491275276848563333670973285682856346508880535434917849639701130958857516280663554139052355698014542581615162308921489048
1299632988257065420887998017596867951314459336739161666666396593603786657205748717778372329056709386641140231990368545750895808337855584964286910939274
1504067246067059432881571127101115644932857366426193148023770998079812160379233894015337371206424582041180139046866102825006680581939656257355345183198
139003116521873528079913730380463604334838483769097660114218202337983225035860567375817256102295212765532424719745060660409351609144032411611604261394
2267137821591569056874503788179440094670917258841024778638878135063723282588446682095910836328816790807217551387950559845546554781231044932488308820682
1481284639044717033307255165222073476998425086641352720507164246975452491843697092252166240621131899990661350774987243242409797823819216150174373196966
385255535487424760446529948822328495973850105794211231552435895991128758587940977810944432734929401312830332841004017445799072927907269632565925107082
987378385003809589320952365300706390219635136487986554975277005342536205033257112374801471039785758309279186487924633414209042897175208040183017021876
3066406483072756799529678262410586414202179229154512455673461533344848909421936002158129026484953814990489955305575715267669109820872462393818217678634
1168054188010006122199472489712023603814241731889848608827341053997156450179591328557708064151073234365251248386218130582216225825897656635016308655701
1494389656290657542982210858809637396175461363967824432260540074811482592550018690828544128693693677849144896465328484274783991783581949063047707141179
1328556036042827033289926286035527090685948603795939258075207342310143454015222172921970136877875850153160336436603067180032830024752446385058997302924
2151742940689416048271824774574695629286540567158506012492850650434336621274551201501872637647403679564337278835730992518140348272268652284793640299704
2875300924922183539138500847452545799762301249986639688155979388896684289847140390224921471415299832450489034068160074013717428761330535749461216666845
3262214787458667079164606323072627536743575634888418102996631163660349864824175171335233247531617583054844590018120191923586243882398619466314767116752
987488428212618075259145312216971315968805207077726727659302213524529668765837608126730347459103946712811621095769820612914275576956285067526434071788
191484755769274925932940465704687739735898058357959172910385004606891178529894167300931077364256148112497009629882304987118267633106814822230016373698
2279522454305608872881747819134894412935192600330389368441986570428376006555869786192934580563343536250864693542704980740754116774028687169336424595304
518518950701646806151321832743471507996139841307535310550531008610732524793653241340574817693204525883632497309506583663161821412661731102723895747441
627290477987840003034269349323701277741977043589461665878564734832592699336204614172198656353679140480574289574394604872930611798845396117627308286029
3232722631714077685652103876255566626052476143397322797041496461341117844060454547682742188622748780528344191867637743943925440294087469548246236314347
1352975986360634649682037115745743314144439172676661935638839388450761101382921051042782121717395488894310089260606005350078410703329640980826169009677
3035770598899737750251115068123786288804088523499412857902310200365346556168791403545245068671005590864908472066935600392245968931719039263843720232402
3137053077943974039768152106395406498887310190732948353697785326091216708197487659943289353354908012953280331675456636592865825946415198842082492863474
2617720731097610469301561908455058554208130032808212087725287203661660340278614434201185597755167468619035559575342128102157060006204055050484775040209
2725343955915969814381762022523595320607564203850317724023197324423895941434659314479026221436865181959840360530809871069496235798877413156435790259687
1085103046887674302051925288164310962813372766886110203762466782325729837940864658490368918654791469625488526944253618400339711939969518682488017514600
1085844549684587680772366990986332796973161108476531678864523962583099978553223310627550910493189272214095006539852210627785936699327940180377768428328
4652763721337993976518509461084572017376357585501222771818362461237262940563459600713433212381545041165958580223747965525250685995157651761283522001
1593550323254769262463155871825375912692167195979022278170715777839560915317818821274204157666648586190024343287489578911087708153527313957192347417594
2291427076532129835843301548740958883735002136760599193514016620550217234106572506088091085678349486241259286653534935733881778442898930657215668775011
102408620107291499157366127774933362661158231211932321150244075532111521785863625496286914670258435584640433320488725790391448701439334812835793733718
472604318135381788317540693370198031225578446361888519642138752720095718006607973986536384063858593903333103118054370505362242272965683723164242028019
1367853460645595350601024553272602043080234672663822911761168916571082950827472763242750489612682169407583183763848880060741677553503285955189761316960
2520329074728940777009075841943628827513068731898243987012668781132902127053779986593906183952924483770116075609052054515049750978751703177489482467721
1650135094092514273329900592915148008465426221295165726421959770653837111111487455363759092465507824700837343823239114460186955987001762535931742101695
1640941200595904801267113463316533855863806040891107184523128521915134681202105536663019349130060079120998445624867216692469040511386512052290113959571
2793957873082399429490347154761940848146637226151919428037202192767479735828308688131395967526612468436539876996468661147415118780883038654690518577972
970937145654326471279765023030426181819889089266253089440673922137391459693589408387227570213004922695505314208083675908899139338018191973657856270811
2679005267454993165533467025902726579096916915343385186714241944668861334984311864349905676456760961894597357743122759586269775082127226197504430786613
2867858736247152747602018546466240466494060164397884354134247289211939170669032992404119588627229328817995613276517926354274698311335651764433126930312
1112224131073413716376349487854993441848598918880531792753216987769950873173358099856301927746393108257916417312300238734983795086370088646615805939643
1689018464659678594227684887864272921819984077126097545436037408902806190074040953278561035185068681178500980587823574561320656116434717268296603906449
2308432099522830563989962867213278014282397465337040343786903720518931174019608834144140727332316673226799779071955368906253001996295807020783678783984
3218343441787972643559829426386765631346371383568795731621103728664831643255787507837847943755752645300586579397296651493129198944750465783602388437835
1263916348370190046034139608976400975074129446926497206312017145601617433759937093973893532046169393224730209258907893682596446163302091365096152602130
1183745262382777332452677123984475504048506930065794848089927310696740311106238133004253495751458592655419002327590782688221658816740471996494179817757
2839434453932002747753103361885321006904904020148113956063086929208024462808197302665636195691314951062290527913690528725426223353312680292727877283611
2946282012909829205714559666175667767312329420533965263260095979887020856450288323754244894804641445733392927998676332080531922853269322116505352996505
2312561668365375389182774892019846146063509488413144540902964532733033690786201826006330954055187104661242081403549622306028395620440145222152147517067
1199988401639356556137660998324903252063769629800709065685025979440074078966160447449558000351029463589127506995422682328844185487659514738816162103451
3180588353349664107816434673531445816930405050872745270731365734485589670262653045318349972989473116549684033155128828285073149921268671697162988069480
2561004896685385717524544692183252229768940640440904055641525718222727592367081363862729557272077453298631766609668564962765139976285697566677297254928
2424605539552812946410071385878895340411722919091993624985193687080764012351851655313782030563148064576186649703551695071258043152432396727096713792683
1286643933576643208134368234950551020035856793136136642472794937466164400103695399215455977984113471230768319684587307017633587062188556803646102111540
864835043393762590141125685621370529586682668578437547012295591247484828841423164782308214339177649665284595271041013479337941363226865100359586120981
639844866790788088191095079193258067369601396149877457286010219320372915285060479555556678438718340310035892977541951535105961754828889325483892318236
1383203746919150058582843616660393862746709993795087201395608997290188923868532383123771447460125731173750083332335044457666602318258699042370637495856
655875700167165615130904238513654931749106993153589380123997249983550647566468500479697994064216337895350829857863698102796482647133448958431901837937
1936529279427532028445956542247992426196817184593885094322432060499464615276662908471750379175763477015320967916749539118096388224609458712552110364177
2962106664099906516696641020348565836565659782878021727623334351078218903992446811433451780421184050972041404116854283882746972662267684858447155835252
3127479094504451786672776058326213664840910446223667923785562029086338328626811498749881655272258269878021218238507495032013515099853600271475745515870
2637910626680946644114399632469017537339066668842344253195729601873064644137185726918083006277736837485231076173107140273676918200369019068743242637705
2995270459975589485435680523751540146704073838867801381873054949144522905942241546291303655944392840105045254921320910804919374728873671724552102642280
2793013468607043285024369104475490792914432495536853367032619810705237129275396213443857076903837270444621248655578710381246810971824431729290080544830
1633226992728734098332741023310010284965447931856231421409310633554276246410348139022184897511280600177321570581547402486757518914019274965693907965015
1550758966951879967751913819148802711327874197397222292359095825129355760722094890497912123939345471000316174682848963847651584582724182324017331225279
2777373471083987293701918024229769075051808578243025857687023965218207550945409029601784394200745183014672537615111299522030871955879934267554339129731
1617192892314798433666269480676371162828955650023735791847785939670687270209933991153554820274374664008151180706213738525724124381339029532876629001661
28496472281071062055086329645134118340392540304290516105384182637279755918126456547232195000112134382256745941135756122524439074787641913965503801830
2371972436855694513209658634509242706597322989385750701260438831882914239662547493566342806031269691405846274051722453567657042760859167484435106729808
158352460287463488168024902592294447064417036499140658141176855771199190497659251379365444898473702258832568313162801871323424011300560669633682826960
398889377555359569356892872403617865196092693079908174943660848281426732053976330267704603420569351320386727673377037070833074298167461027008839870922
1752824185276500337176809408092166166465115257953153720071598836272977588810206331624093069663082800334925999852742049448400730185314830412979961158318
351841546009968583156292821847508749041317521659866699189961787028578942810791933654631445937184678268042145989810656105426673367540807862585437107417
3179288831378580510926478455112935179463331782264598883513060723599523198435877222329706677307929560565903171527718478549241504058165048177476169745217
714173602687851820621193787777978379691027891916829198205207534865001820421376269669910997232223920577869220163754116091794466977734005757556053568415
792976611522119244342335447560914246069712287581296482061969927819031639005278119984815461007480054405072443337043810591295928056291604018772472270762
2859988302661713777767914258049097516790832325931902854927070377555670070517814336539185156207329595027628261079324614307287731547427794085322353978919
1298978984020458802464437015217458596952316008503971612604114185857201602602662865354254599869354497095526958308315577623239379586180683427518982026447
82500410240308217504721461368558046152432156374549982851175597784130168250625279931746287509906711783573049138275352390106746409380100306102768660147
1201366406225865046868301895201686177579585704678367556803858247374474287142290133539421887808446064859416046954646215801481558410511981043605922724684
3113097138197711999316464087056785838450364613480582102375680384960624412431443746797270041890941089097200414272241771778033971512813705738917041781525
2570680271626409410013609943067581911309936049195619361104776011120338313424185616748425310857478891841905944426822045657399730693641630508531783152031
1815756190879580434747388930490439300451431646570677079162994620028293338090140009958197618951053270541039570659242147385906125287845811013355027235683
442069280066668727386750117037463924515046038550266682939172044029598488516685622169634065724209148853812283162885975113373186951578528553292935061992
2493603565375107990664612459246015298636761019568144925663892467308005648785600604137804015862155080585122120491694159404302478591085219184114984936209
1784317832698540011242282605456036819569810076979169717212752191391058327294897902610781794254635612551941375518187155616279881502708304739676034265541
666432893788001653146394875062895763368033624802489718906499707412519848620696221581912503785540358804340318156539341951709319792859452630705690413728
862697008823091748615357563834172692640656495604226482384183055223814620591605908387606906415333757067962213719134192057375373920631114192387079440514
43198345673459771197562913979733443395781856239236161958365202361590599505226925014339057361191729421670198502117684478785300614384982856259366126866
1912010820155433411823735082804144886391115272478324628642456259208674324124862628375337799058342725886703848110153844596830638562296207143314872341810
591721522770713892951522698991134463799946449072342550490438585638888111645303511075402159949642763766217504449747733821921269004343146063890186268374
530122501383917068331514144096747622037431825936653190615062204316721524303781928894806290513399008601152051676262250633146853530440787827737117648537
379456844947489081678270221743421810736117787717746727172423210422962246402802930091280185971913288799250026923649187789701506947298945603983283104483
1072666492330869123889431223760091921240964178875381215915737639396474567697288599886258773124078758640922963116514732047826329933791682639106307708589
2494878251923100898056002940252609148060339970438290807438462054521471242283820497196295344020953307813958854743921790998017568210708001627882117316057
1567485527851371059779781296898130059258679422140704380002201007168761295327071335343776989142015425746441318122056077201742658666268574034559472707809
40937224589577265554131675324892428872070072438708978290851933966017958419115561467319901050673933702119621303499316719252754475637478964077405846401
17132769848260376538383532204045339010362233000316723639514514069789404706337424208878332274947624143069373939465835036813937243772871135579106661238
1038103954416819741368494754427352732623383145161609966430940952592614016964323796615575472735608816377879458481673664930082782095807141018625080427023
1329083440789246129504298937561507193637585394058274078013245795916893390757150509777311852538457528778129338724273695042600963523307481708807157271417
114941019691676401545030403628958936639845327584195635760602741260316036259789627215246961421181563844468669197931543860745303498504856013365543696706
657221819418235769655335424279126107792278538728011891385975176274880437365008705794602729963704511124591823314752169877832737125968288518248107056405
171349471802277135682855848647529554421123444837936051477210640079922824293436773183476475977065977939008926300209592429282415658427120328443939419805
1689794817356908632638685165812794399890247406180415445116379649592149311968549308289323750602720226513200855413909330453078907930425689075214369954355
267510799540370804949725233825211981768510120977567490785201333045749206473498762115304688254108351844785766089206253340108140505336233474891826067018
3019926080684772190672633575422935819497864384486469118399496608418876348542188628397897883461335872950478884681945262814431855652299036342683223588554
2606407555358262181330780340803293589403840160725333528963524209714404868678182234119182667673403465838764175977383388022269740690649531923021812997274
2448434990600504935088789154821737090191141638131998443536178195210119922660849477147918212418806109408668709843378305902258260074970658358300194224098
2858382496099487122471463968255397784315263872053286751884687782473174147630443795539566138825212087914197714286216630322267830786433756206556743155899
1748109152673018159289748408035991988662389905437723475774116876582943291104146804029804228689856427441600620469670794297585890187994514373981708573664
2636015797597149914973976105126101271403521592970113491051686205356457038658077155012168753033330490067492968924869918162597004252986184528782312819275
3130265906203889716240371689147651817344525942064723735746572388082502454993188938970120329544285210914261606438044320201594659132825525938801792795597
1098678697325344373376521801153359984699346313356965598070271937035103464304384595314926995546957686686973279061986713234236273432785532861745360073316
2209589898575010313686015426304134590679063198682053176698267474861647087484820139056901325595688753157210015977004338734785961184349449441339911500008
1234663710760721823855239575043921275692978482882606001977744247680507824487822140856793431320090066062838198779920562109168762501577790805017806523610
2346676542065008554317487757332849800962374148582532380589877270450671768801100399657410372776606735863613459034376671703361576995185760010469489208157
2080059283113074700913583416117011660738967313245741661077799783500671449644496786376963444345928707314523327010628409581641319613669659596558177288561
2400201047623446142518911229743167615154710520633363946864484794864466745067563382441045017558219761944822736522662486536104196675724007344530852021676
993476162481867630083785961996398807702413686387245445214259812128344885928363628347037828746799006646880759093839252091258178757988175213938243589975
178158790300308991420850050096395778510729744015766305955944209365790511386066220750586032740362614841154196470886859791861454874806635984840680508685
284323969238977678686164895714664121554352456205466015472398643041091457271484881326744014831755922830843568371456185811094054779589172975310531979600
2138067377018588846764685088433555128517610347660747320221916371775655844125547173395909099230132002332421699118204462357935794988517788105751068606328
1368383783480144734490002358743900491026268740522267883318094547376924819643426405809957411174416235882967251103758491334495735593129906886256108806036
2587747931822804420401201333126762381653908792335682063180813804630182462575478871026994301486484711623101996708591844397083740382795741599310570313341
357861670773997522905837162156935592789038908194679740559597255805413758420080062659963578869655382001878383876669184836280416203790330403382865693717
635984998816460424093821618308190915902296152436697545220423522581359044044154834627178233714272223383027017336393473992558004464562504159783632825526
2858871521533596937982736513738011771308778511951950528618961611364682779046208203278141610182833522230801778902320686655418867575424888204927899190948
507077794350589590890122381154423123738049365680667568361494617899033860148624617397763934038735389292819770603137142386075714876792768398633707763496
925308990813431212317861903248281186372405565532207132966262729137219639418505110364180951040854239943568284219495778079751032282398506289328354578558
1769366501221672534150932741018926772177453416407057799171446103752683725901352549455180958625434308728281524303096853661711224775986686705433109793466
1505147897846861580167867436749283059320593937701942341131815782035877768362282804414811044218249014823834525519079343305771119632178940829403860823378
674109250171543872102474692132434231891640353400241124467586730750229033461099786036137358351873199236314607782047115989793391430238574402145729345481
544205904071218927589470036950185638845944943773876226506550158845129412846070104441219922244854925073064536927044910559002893615468797406590649444918
2047299401953070499402557983679281950827125948899120835845162042072762719469281520105300321995028994217473588679856076745954545881900355153218417780821
3084510618044776497128115065889283878406306844709492796427102721373815942593265665139635732077852520453913192589280568622388794744107550537510583675608
3160692936941374270847988906379042064356605717963606209006313083268863468211245978577265228308794447011364433197441712087546258980509312766329498205662
2095898286811804124774627135516178722224076013881016946154129579618839260917021003032611154725842474162075536502200220375381486109589972790624650484000
1797774682568311607086493104751910221065230505285827530225768183298004471928516347785822833327584427671314707438428169262710958626292681099103246677426
224921272147289354191601452463070384686199823765467381709966320689929567517421856844611648505212689143548000514060180104200091898235251960630675913671
243727294126293216939949416149193098890194396883723464028786941022632670078900479141604253423604531532551771132337431525884499956061932266531398892411
157719900643763117580443130978840565864106554383856743828186832869182070061415341137578447457295225630344543094414764029634379591259008229466141357884
1030933570772130488649540025466663364998529464045974037210645139426400684943573402027404292024368845528988610308305999920686628191189230525903923194362
119674136685545752015436385334735981919889572958699747492668913133112192658056139528187315100952338239552306774422089659166296229670938056179436266784
1730242504193304351473669899678155360756162284501544052483690838800530297351174485122389626694428252532959054792242432569065217608923831215043208902150
487864516414021788317246403009570458203691857950931659468398550330554555932686366567512932954738160030406913628635667517026711176361177584833585856733
433679392415644533255001198026351622573382623574235696375989941280868336037242868853548678746839272492182935013023443862249325597717365712582342746489
2470266402324711949053683640009332415541026561956160284655864317634050756385038017794064419281021938434614613946456810563914425851169606319282164214025
2351733908278773163300671664401873065014524216738791821236648358138020999824286662107075123880509835920586991816256668308293502922496670699829619663032
1335059648428583614324793567874574426608844329203435712481732312572337491149260873206687393977681209622689234051771081542625816641773593208381598752726
186565678634218047196533032079394209231905472259879486975423854360152702670994769544356141908895805266092709656529323513176356736652926628990255762356
2710499945742664222215726972073605020340178894588531442421607825623311054725796381717954027579450518525800241333125714218655380440235546104227532069498
1638560060357453926254469672789503377538127052698414891202004435908197909365284614771419783945001697204685193779255019230340078732728353076832396923228
2796727725519930503208483351528687897337388372328924685909237094712225913225231333974428092444004779617837665254222343469063624737075355060843774369093
1711871683518881588118170774224917602371863096563899757997863565014997483973980983736535958775058137815379206071348515210222181810891067010399599124126
417133304625901368073610622907461551389281816431263904906419501902108077042461158267287758894016716419770668808511100486298355178496793476185087010188
1130080046266342716610924747699646818467887157992280400161157275517852791174323549345263825374122367567097837899400013946570571685875731821890515249421
2738047750361414801176160050428619458385967951796158829206980378442394353292675652358807330035023567600816005517551142100175298626627311434337370217820
3128019557773342897545569708186768560355456645909166701738609932957220629616532835556298840723133892469552669034078916173876056517235298869453706189255
2063735791361626105211032659643594526558559626216602562835684716655941882929004453839304374775069440851182455706496593855775841673053862049933878261954
711709247222667026448256870556314501650397801846272449870063412420881507464275295896082885932478378488315844941652066641937286924705289684898398201370
2041633334074654194012383788739038850885829027507124140674971307564206787331058421805169024179358335407656831141983826959184514009188780079653742288033
2971979567754567310224673729836093983599579452948624019126104001839094976108837752004412980018319570490052937596387992312836266135645354822289164464135
2875397074260920870036655291879994321537020972272035829119960852906634406605307956238464892284033773948596725163005627359658898762517724380126064546957
415804771297190371387247041222096954249465832299062786090794526657468561597608066886340235894184242345395328016014255274044214977941184975507443385946
1246162495199274766662090167123233257586710368734912246505973037342469188337929197957134413262703851855691563998438524472684035360610019504176344056908
1372460357112616576794664940641283079665491285727291880201445474712998054539299071726404726437129310510568006279401108049892033805907490966827779069406
3264913856730070441280816306581368815900982603037929037123381494470048110696398117377290419545972315827081292781516957362321988434074891746275494902188
1595492063553204504297752519183398822004223185249865462839963533884204151768531083309946034957456661356136957912827564232687845652751932672474915333498
580035764290816237239561069579351156028113062355821838112516862089790132305644106033375915824242873701953261857971496214459625156874516524500989025545
54812303890106495442004329484341811574980340073516965069783546472390024041217974629865572009860881715113627176185994958344589409367542938897865293590
2568353481314908097035424548553931318244551994825016576202048856750065643859851142398185196294707455684284065234871733059814574536335031729964541396869
1414925105077198753599733664705149617859389993296043603221817042378942429264511770630832663234182158889403611025632868741066243274027577511480214285424
1192501644998273612087422728280392565635999008805377050117945369847725778820996508009494161863439001607400063508136729216598988346310358758114274117731
2620336402390561268390271703544678631199256170300785701185438880573646672378841312078521160489822464676562858970360728143610500582649436957762418863862
1917472352355526127954553068959380361399330347645510398347155917623765034015990207579210073775423354519357134541883245980231104412321554210753770845824
169881981472265718543263714862660326648811187036697841693672538688197861872105675864463035557268710356390465183055826074257572052368061946472435431690
1388385058727703322513991722273810899833484397926698151396526746573726550236903710694127552924593124211243357239249508696868482172652316042150733017806
1437887865089932023173628201200055764302833960001451056895599434905690202014057842451424404687019239039510955502904583176413885054129262432418274552755
2189567140335703214364537517898675774791202023344395935667000351550766193861514994349340442232760283443863348782330608789267318016579861030053188955784
661354722106362947333937904127234830013858583909692051731187460447385190102330690430660079111017039014216687192622321427124615376425169560638540343541
1689592868864847230921503781903157016480057894744752178073086124113846231474548258034698528904142838320663209543975438539104476875320155169025932066334
1123409387777171853042624181980207001107306103250111913731761519881491223383605987958609583749963111133747703639301489548991083002460113467789007571977
2587032802299599423150522004025243703885515129815324174087679590233825376720650895615503442351430160201192827637661513819542755572099546197612991792871
2854112886108699757383128756281269626101019225716913194649937245279453902717332059897076348211602803256819610334458617092086278166549804949732386873297
926354402089656764634400372801839082319667930333288195732106317224949670639063300314077036558060777106213371368165899297924006301321213723851181910042
858714772638894415640325754585753235198862517876611882638933324043761409173257554462826591591932024942746422834536996426314936460180554490672065047431
3092197199458715994795202033969660517179382026766441711311050387033241362452409263488161125698430431407905536591388953156159695966242904832056468305293
1266965535776350151872107291331722952982622750680052745344200312651696135207155328077170402714028078686043687736712012783728788361104034804408654986106
1657959802927815483739336317540784656741002642893067854263351978038695538300444618748387288362621718196207143192072652693860646424256167214653230594915
2431624571505427128382580058879717293556391142131645094516144914065647272174197399353433394748496434138899697459735096243852603889943929664109531888244
2385732597507763393635696132042457018570154095913673954316863064023081249264889811744144141874612953112711595471093866541568148309421058421022364630486
1405576375151851594241119249774578366612206354697700244411211175056137612938458389392837624058807688700278822903042384006004252890642635019048403061604
9043106084400432100046212172574155777645314952254661612136659201513242864783463915537637854252644050533788436346574980797217600683261455437207807681
2498328821404826054937628633467443795816084622741042127956509415056132526565993098729486290169924170436614775319530333883244594854546583065107703837960
1252729245961086309899179017331476632610357657555631028950837701582701633978286976935254202350359825043598799452418442615586637781044656619502802178262
1877186254139086193895314430513919877637566061959561540700098028183222705714279571772645983357152304303739260911283112411391320860319161352123314908788
2406398244983487756002174909840107297493524427463581418055709589378751317727766884409202108973652265061130849194348799561235140269603533067489651335021
1524171919459386854809053732822104038665911633504419251856886793380065198310153372409757633406414403234385536929147434504837362779794963893197242623392
2856626096913054118005377169200582240440523886870841840209760360711592985161510177706948434565338966375831331262995616154755816226031221277726375747011
94281427970917860502076050201083158847056381484911983005603870333529821620199757813476765239026538552019433375006790913807410014034632449678445733075
1886236615831821260627307735130302110544543136724969959588018531159276950039723347985638924271510870594793012019854972842588072328423659543584039599688
3178746612157805854909313821174107945160499447738155519443362109291025848416406756435408023883658078373083125503520137072091196616031597621458283263092
2815416827523477926188802476314400285778996641555654081257120376398902563173104588878013970437230090963257290650222413990369566842773241372315912354004
1208252147252501177299381252994967059493406368469653080184896334762802345606060147283988558197802542393631527706044046296164422065047443051188445361033
3191974561397692026878435480360816807511293644700386403262558948614230209721442522904075942482901202184011047717096281327725623437243538427007976807460
1302780023447098462463903389457664450093817180940957924232688197027673370759875222608687500023307456657933014820048364655419618290655341640353401368368
1008469959452304162852783106169311429413645925713909265827627335396064893500740101533039824920489682685661461928290489545691539167680250521384169932841
733161790663202323375670817069931172320677155044827188806806916660366796844485898632637369020308536703516503109382211418683885049315582357978681557488
2450770555482245327878640093233258874457604607799213744940616367229893431695075515314284850131422270318605418859362327706634663388114160314421582053674
188500068140405206340435900657931285288293820175709175906992438389953014933434317249866550866849841004648639611022613628262388754831115312169472028080
1159117569758118802037492751058637004849994127706624479674319186339245733362495003149616894958228957648919651898445222303376975936432779130416829647497
2824093099440136182907564834273472549276986798385584276920713950556727937487642537527796278530841637695710478068424684525175942571283309380820109879831
1695940466333180653349749533892834151894454696680548884954215500353775785813095070458133725979515726172711963103756679358785977603392869522391087248237
2763430434149664441375064605365006335693530703501807099246247198739302412983643161899903809497147323040052507608683524310401174498568378094094184556784
847848365473385637111044238781453648884743479321647135133076414682555891731369254259937494574626451651918754566887721312986457833978985143142955012168
642837533318202539091410013794664965413847131049409713093489052585693445099653039162263850081703680419522505002803488054688836938642527642924525057709
1086094154711944439158136777216751573737764965900649613319255372353164312116329336516735825724611500500536821426073307594649240260784129526819129696108
3246741411531126867579549032711401634202645925782823139736406670532634069013952103507392666682216634208485277245075085779767377032747308044548321588934
1740183774868172738146920264394139353640904523436466841016596191278262261722042106818654863500116456307599785802450110758891194859788072775629960615026
2300397388905463000827552232053837966416718683797463208641787674726007495837377004957400497226657612869012551416660952807458766132710714837394090016225
1885734054097015576962782437187453888290021609041408177962861678864229290727526516594547679706487772388955743570414029423261364168036756416212061303520
3191230711686475851420034403270475447243632391532283240080069527350827682004584852821203771876091662582521329848176965689484474811562629991846159985892
122723345155127536373455239103841872786957461152802790670778854685843557512474129600857857618941460160807944120729167434825120327035469787433919390331
225346378466709181480371317871415457955156066541260228088643390469544241652731256601478828419686586838339161353915002251293522670142786721815313068930
2864534834417994853047632471399282985930257040683615397070966691129170654323372797029374797996702242351063502688133734836073134807286968526388309550845
637824436192201675662675443537455847580554685750754555049116040216820854895831672498828710724598953584193324860642522400571789567328205017038135684167
2287374178305478908734662746969989380492816350546228691652373578968857457922504023610453945578247973237637363946822428837682281916817241771955170768761
368665597939422679512674302934270542041484311435786751781417847686780881305856608157392279893276036346600316104782526740820118908868337468923987479936
2188812050806753135708844412180062955451285747206777009817222316366188975316885977871204890442636581329381518666449242059479810872456177855445663508379
1964699311760559437820927216342438664891555669661787054248808458470060770266786275791433136449725696143969844599025587541294239457710999449242195900682
2145454862412671964723919387332155311644571536621405416872887969723010032066108323300156401054784105937565839325350318319244750279779798203500900161614
1443382383820326123803009072233753788387897435199271626446350547992271257275869628645664691971547467462149315044254644216993682266926973743012862385801
1924007387057188114974299920225162251585218541950204254771914540590558360044386133074683684238099279010425308274124359049650567699190163026057471177022
1187544327445128339495097132980025033077362974320847058065145386189558714275867976131362157500867098687230593776242205307036575959584492018750427317752
590700104311004194578731421133442050778010037283190867047902061342546449242142946648749171611944579292207747300094886740352063028073891973024852426525
167525120677740170505910812084237837990149662863606116286434009669075423684426986290463179815762988778930228431536705460295590864272166436104951430764
367281596518043715522582702788753767184708180364982693445221306599008907672696105625182184978942122835795676113154462453642711363594239253556814442138
2717610478592557919546062017199282715117667202189176824052292565369285423183320524755742247781647018346147053651095247957901433376743360388925450309653
3143725049978446752312174546137621697390457361709560953387795971791732873857651091618018663895107579109216786395610863139286524135386923537237505514956
1782436290388261111082298951373373627954300507990181841933060818198746640180414215476618896592905063136404569177917238732238855498422080294493379535961
1274151614717178858594666633313534262557828963541141946785847861670214026127114078132565612722633819275732563256977606873313151058889829996397184102644
2719766863016266426740186996576633686799150419916924612392154233907415012324910697835265418354270606531835544742124158513306823940891226144523861101675
795614892669683891242665368832312352408459147723937557072988630272603015670101959388603442368300311997182170254670699873564796187614311618959360088117
1033493471723610641871974397659481719828980641236925878608385530897345376795114826595131530682363986289586286395562382681698030388395965756641308771598
2486642069838700081105619260483882553511781350872137670889344897613037980888159601388346423250793682003192162150487859056214791670121934007917283255826
2886932523227516930584595660601154962586242607584054606915343404914428198232136017991985737109205626553200935300694319083328683554726516995378818269892
3176873038873712691233892249787428805680679531054584535020040075132583801377923981013174897875637980807958769557586068098350941352868432446864385343921
1384523760724209702235066696046644146869759331038471649887913969635522193272716658682635273625542229755149578895880850963857278003791248810899973643724
7549042909031115251034033363176521930332636737293748174622237421000996740659293450562757856631074655503875321782312859731534520679760344913381629432
1816426791407490107104210778499480925721626263561653931225191802363255128736133933678514840763224875838357920250457157472603282861041722960653823942685
3242985747993246518919833897632153865048086787735029852817247367872633698491310318267325227610645088655155583387690112733099136135846489539357121122847
2364333074245655765902624766837425658830919646353304787108071221429036519954501732686410576615141439115978817519320803787476934025222137279280012570000
1653633497407956164625719542889577572965896354306952595377200985374381573902486836921043384803039541031565900491692585642031471758543537737818290605089
2973996322860359384108138506063378276932134684279309558787695467608790995870886936435966286406242317566642226485561753415167897995958619959143378053249
3207583678965132413695131431710895456939113520965413605166247691158969298130648042714194229087146459953440598862962313249875768683963991070343555469031
1236134369298029934763321477913145359388610752710018487350098894285834363514334415813277481962723834401771207683789835983769458486026811242196449934776
2114142711442182716585352911874728169990591208931466556917597548990939487359418730672091484657025330221030832607898808173309792646970924696479958815416
1794161751312268024810389533291299747616825941655972016197668701874421269651807406095842061556536685832914211561240747322862341818790526918228073123237
1112221347867372258351410268600190132220575155920820733252863179776085204994312091629425509977743718965108718159747518091726720986824950695586470690373
1756657161907029211118631538339462244469234533001325654851451082713731048957174087257971807292732017418029922553385890646108413786539320031688271648895
2709974577974717660437378932608428834437527898949721617034966525246108738041520822920922081347554515495956687431872376866752078869614715624088243068459
1252861215895732834551298100244328038665215191040027977390227386269207285617771473727425077730645863076818743884023580472984514319253966908714947413501
319723994185608811812933538622831335452984524098102820225474831708915060916678245100344711526419275385957551503480006631078299027660683536091285885553
752969233113975221346296754832555855509710557794185330336441072433707861607534211654431117418538478481213542044124767845303784297536799432226451520818
1923667618517006654551026191909661639105533656248960980344196474123297802024063695459481215753886800984550803999342590290168981173239392056382932427270
1648762229238420244277533971814543149814146768756252668625890401869289430161454057396175294962815881831707172069814958324718098879313336809834787736610
1977289729736514314645813276348108415078584678522651270890233428077939057123059486806071631473078294790344791767908161989955155741257080349439998998862
1730208547786237887555158675077452477266453309977537365766553795120987542037568237911265495509119837732761029253564536364077942227585442975575609956937
2467793156306972287797938875229909152277588889883091926729973491531636798933728763977279477362249142889335344079511543554913424377334542178703131316423
2481643572399132129813828882841383886531470384954292915159880829440201174647537699040342451285871055276724272727874772699625089332583013329235136151333
1024788542199207103482447969798539781635549366084941826941527703267631319176746515135549929730411156572031332435401012988659128200844907268992149291538
1106345936764549416401269279349146487057052995497713373513653520014000144616470135348480228475055399299074753395837425700829489574523903646797056801679
1959103693644443626776071955662928968856648624383251361112734341915241675745943221901411319867660112458967212126062677337234069297518482310910186550187
2234814152949902704595287851992230961231675522640822723638934279935467985112755992222778671541605118448477204410487837579600885511462884722883419395168
44336518045946324591300716752063837171690080424914812002821021914985548322648843742459865117525063833339035457933692970129176429320435192831326021591
2775988430848197462255442090245593111252536286442974362382623751025204556992474106961158162825637317732708365537497860360841509512016331781478111863103
2508227195519653907220644422728646838791104281465626050730501326941687542924634612635928499001364730819859557139286541651808449679072459628939306455175
1386831721993544572441520352663373580338601091483061953053847222155538284277029424717701169601388960477821665144495245441139361944288426840327074013355
920532725881896035147384193514936200143807365310450986132193788828285125325909453718314258913540380264349356205243465632651501009245622599496813059833
1668712676524770873107482731173350855145077417366675059201927937253418623212722828750504398907349658866422227843766883172475758039661333150577978133227
729350058036487296916377004304922703964577467458946136642576421774916265987440605515623451355337405489865020304484162738132569390955210602481202357702
2205571305241045665484527554294820604201919412635584959410527783155713059592100053966001637830485502263398766060831050701629885665016871904906496357206
1082106584682401645118369420619403077924334974654797164894045233804925840404049328498992019900154465291077169707330351417878127102541137877509628980690
1207734298079540225833671018400770644152979165793596945607972958282235351095000580906491103600849587381822090666889128700703259184047678278874094164490
539850703305697606556797375555342988664505451145441651013691724995674676983584044879929026135445750068660978729389560184992212365435221624358025388366
2680401154993097434384544673047909241251161957215614111776675331247037485259501829820714676137004802019470168187920992607377934114244193386487023856514
646853851642404916336219263785320559083109325649486033050246515411180016313259785479281416941920886554945016400764481149926597101318855652607659493066
370730553708572372710855521538945786106226945805363170660803594663224146732272181634444143375133150370942295385293234991894083437071057844771107136631
2973333459130391087399216532689219328877447562288103718715112925102934099195860375185770653630947659259571228016247883094919946757073723710969903427367
62351817349068913031750959728210960361752668109283847645815292104929501339053968367287937128352677705113144756659713975052599618410680528469305319027
1379990664315161877400964433200446864682072104981485266377198281887985437752485036316718154792744172955270610985768932229587333881140960284588585816828
1716831175927303591122773446211703949485610643628404777902633067496016229969654312674407980885614727566094763619372472035976972664090527425150292931042
1755955708455185648211107995881401772923033433037789258287971161129650979723020523760748264483177196602053586635362021725002735488270907596625835678429
3136209647803542969373202360489240736219895337534750601520297841302162406581646794399936475629056786198883804972151228112980662330055211618135596904160
1345443507804538867135586108359046715802208161473710860911931993006191492418178791820181682383490444557272483132424153904701436641026090990792648065829
239359925210670692042415667188942923879968711874904804938254949882374184320003050625566072869114367747090296624150241850533506090152724176793243079571
434494363223320975359695045097189714292107213929144246659028868592973589139128955725243072066672350937782406349798455299245066067143735257816009447449
927113921641303195740077974693237649235011745683614266319149809249918943183449453252422494326932338257778139159429484239912420214741030758663051533234
1307466841230492377617560281186754075690502896138982211237041386006799405824973387454859558253992586787663403220006187889481405859941048148844600189657
2829471741919700437367088496458076025337036339030456243102436183416747482807248286082844619100960330966959107386379193570920446997011825804837419762881
2023685803543363438562868816972619826034160450052960799322250457506680592241138988570312729910884855080433246461973393535168215204719671616077623322767
2940091701411684219628601788332135108632721607982872402905680968904191509584246554613628233557190533344668521328683590155795426461311451659705765830752
2134663260044037874233899827558182993889692231324616831371469986258296439211295008288196979480345961193967233061955890603677709135060507993130161235944
2156116823562480770618409569156581588813411815948671153350436650563645430615428806163106173873337813299823591004841664916476419602679710415635721703894
1350493209998159681161290552874947404035371265089066772714687100869261881378179073051866915980241162505028348402935003653395706240016280052899586722238
50214671239441762874833627067246062802612651852652858878050175236333734512122558161523740152171507607488866187569952804711327358016721506043408798499
1988215120621744202065788574197529319636759420642384918747442028863439418255685448838072624908943569858757287550184623612669488597905602690442626182474
1535063630610276965274070267130246721336809438485140189854249883884171788991497336687129300741800020741652194856324263278887460694343515079484972190188
1182651409634456137178476487029000643492071698682998706914614938264418691915144126312374317205191170957935684705371039288360835936324285108369545880979
1743969772473407243826651023472128042982238359293545351763453925233548756783233973880957044887730133545745663493094994997416092728124264272435508562166
2573420774306583811724502805924961746661540247801073938285369855159692572785530543199418318178658471207443871814518385048347044654821770808055406675471
1990858097512273688198752169293092192880399237480510261893075410149939970013386285288154358502845597454022931065922941042030840181789970815490271318651
2992698213173437531386244043996628426009075716139773481090842439871494995107083434251632228815506645859964602337381626111895299169299743371097281560053
782338908178413885500514190975981795091966065306192576965138684629322649516022800937481034127843124174283827244773579046721392064557430092821425896041
16211198001466273342240036305057578384694102882232686209750483050186507843339780456142590904757949552772302985554879645807149951246108941830732518827
22844163867583261495908532538707399666447803789602259839815166252771746225161147937064820805932226944596814847322912838971048377209773392915729483420
234705618559826456237089304028801383676245383293945619141770268644225061161149719109200492383022968720562791119854044834770199238741855963035924350464
959528285972429928797537516277405276536762772581544145632523221989358136083575623914550980375201817084734146542415984844956147920420347914187731202094
2567076890519248699043636796108750559587000183323868060409590121771934955177369547281969618519251860218975746403557069156392822767487983490913408626929
475979499416766319828547703364019369359635403857200755261203024402002856335104373665631729142521496336204345516503310763366815043598359585854384449396
1972758082204714976130424008450247443183807609746276565637761330259813420474027568373080186679888224307242999529439968540689598817285325699168324017373
3005489734025804655733538255448437329037263393135291923351314548509509967552290714401720725273604990040895432017043723864976358906051538908573313160360
2127232404154886897710221444949772793578028125001297798403709922558915736583925658438674031787271302702838209716334860608458625707639918538903018010248
1631350178506795848237238087476795570079142163571933979488849888506544484632052856648488034202577761620522750493439532809753786346976117314130684033427
259131397539707534391825897831997985677780394942109634701107012386015641566942746628305230785786912966826837421366731012623335934786671851402230690248
702875689869174543973291388866189277931998670426143716074785614820367612358882432768937808779234796733003125665277618207055984994706310910232941451893
1587300344221537792652621855387085955753166251010016905582666465905659167377679384450085460462295556600438076330855256077154323027359457336170952405841
1716445118102523869585522606228126932144951604510067737174155247178782613661915662725255989734339582732480987429397412204232676757129321807388378818980
1116323430894888188561645552862153345672375567985697914454974743634102161507965293543258066589002343726890352599059875878606646240097145675247148324881
1679549806512757029335577710140962967588626751673038321964040173063689669647644118706928344609388265719539667375791893215359525819005151810094103462755
2004639726034524112391104832340310451400757179180046587880176582886006986621846363433085279830764623919872503361781058220319343212368000060422504742566
2581407770885613658553033931807472808694566937717239975437952268772008036762288520213719768282412963873653100223003579566972469341025077220315419047411
310520287904434844598420595216554785250399335994199366887000073622895389146690315170968737395528845203735747461597560902929073367961500052376254850455
2157280285496807999483570701840675586652847880327698291295846612727854364185321400018230492764090072610066840741075529916139089448557936163612671217658
1505861584993167919580630913703759557113785387550652594772690671539551129665747360713904162492815257670224417421846219797324812800815495327987755516858
3169425235485218082780798980762249010588925869109039491234647026876739138022747237641670712147794541615161127995874895860833376901530869804440957613097
1394630976268480823021295300147691901234463017089564922398391412721034089406928105137869611065476915733891665296447906222043443393248061468766512109328
2590324557595576971083346625723792091798631809424386733746644851970692137764482615571269717540579326298015073605379100823100849263841378950784782321123
2333753453462155628554761684378518105393232681857843301444240749158266335935392451169035605347427202862916269861747506946348641026859227854162986859628
1708256130729506491524694823935831299980168190878697469587088635103774781491372460730423761379218563374173776656589498734974098951165274395699192846612
2249800933520813619774196094250620463180599284435173651518577030881945858834690672805160888092527879066306269528630261365005463791183362017562217822060
2130201300758857784939642759433572816497832678322660267875041354263023976844592806335728543907043092469880010060092105249059082253386861270689549002465
1604300757652103165279100013505499034239057103018239907792425415844252236254140223782221759377175424633688787121729432945336346997053901107972066353787
1466207358646118301091231268327787556660023428103910088673502925039191531112411899026381028062896893113848311517487871672586091562284543291017745857479
279513267988116085258975299713751810634501865096142252487091148274871533839469283349242076298823955374411022814012057916786763310621448181100846604644
565026405264142023415965904006867833298560454249586771950874907398899595216976806815448383102116549990935364306395776517376578925642039712083845037120
741190369202797822035829988718982290991559838673820557018190186418054021949063772235293565446196958436400429575407652229547448796516288289806823769201
1498017558221254769503241445957488808401228408495343795651765166040280858279667295808858937729646160155685739987922284614112417254735281147227582433129
102244646214819028286662156187034195127849319958490124161897176881641827870983538020324585244153119319155761598122027493106335057063701281073574565236
629259790661728034746326128794745792320185437299167408417724239957291514840014017541596052493315131705220744671025704320051287555863815494923502140857
3222194575969788297795587367217909376828434777194283518333933164036504970345205564422468209742154578334702935558348179834882592680672870143416300398635
2218622927407313531087370175848266421814531482753374364310949612509412333568294281549966158267960490073450136571347870788302403374246045581206763668793
