3600
~
90
~
2
~
851917525541108112288935597
469222237496052700860200302
1018190137190657717579723261
1062767217889699319099546456
1066249909679627660454923101
1175062581226337851729061778
856774544858848324877628783
1065867099306857620953789109
462195524357368479496162661
679896957142765667324681176
4282350514248965350324868
69283794637482812665571100
823214660396787112867384220
321042638757680088210760922
1050187428719161143434669513
13254724473457292873389540
1093201626530268997024385435
1031951591259614057183408518
427312945943676907495657096
96666963973436910445734697
682692126819641888553689250
440703212331803667082120927
125073530228405420818384209
1172924503363930275440462040
1172201857282450724275233805
1122399235046835730298531409
862760956998866004321650479
531447562029858348960227429
999656869921634593339939246
451628271450644329835174477
801975414220621315136850196
350482868320742094599059028
572300530979058548983180018
526049011249946327706909413
537649681741307452287077595
998520443635623374236095078
344671688673278104656116864
11398731934624211800873576
391695415926080817788183265
1038244505559440930170230285
65180750645791437562400659
1021799868804379512332515190
1222113853714562732033432203
608105520782278430193682348
367020174501710885912354725
1187844947208571107521259939
421941380920162019334387596
711985506963296744818752283
641916609678333137346490112
480001088000453571763654214
725532246516631971887342528
552179388862039907475199731
84892338845780309287209345
852752641645942847003224209
1170261365891318467630476111
166956295829063901881051750
360943013043870015669231171
487052173648595836006647592
795956452613217080140947005
538422247571962662754817260
481785366370789454256921892
143510195109977513714731840
235453167772511763223492022
554370267607550107424131405
550390529955298548417361009
734027391076697998160086215
219431474409308900466920646
19290133088797324268938974
519765767301912320109898854
85678170527801066172806831
1225680777314138456965364616
446728793762166379737143496
936862992238753210487157805
236104267905892002903203968
211956706063639373835980133
719668506367372168565631274
200250028254680374658650453
364654741645310529346496162
446483383975263347168682787
694540030360702414679903933
807787379006884752020019007
886697467425337575944179619
177078062358477467452735362
522426049062723880078244583
455586593811654120028398306
463790357083683812328299597
865366808135235363144768385
238862333179300605830501439
946684949233818001124569104
1138991453116821944942749202
