3600
~
200
~
2
~
156298883225165555047056314258504207355607336171558541741782
1441399783841865099367222858209912629255329882110382327460328
438881887669802778647937185555786897597390459165595564756807
131232840138452829129008358482856745627836169731260601166922
129412423335703108925089250340063372831779034562309369042180
867147696307454351963528204668289205035396444478825168420664
1564641474811067465372120613090162429943361312861447126319932
1225577935360371723608907333564776587286692256964530528918755
675414553581802579551360941923524796229932630940787448595338
1248262026265652921366354306328900162448965005541568108391985
667218433950318675403942388890910920384492680446294839151096
1315630543384383962218413045430350098866557880856768478637978
266788009681850359281271590677072374920350856303368078274441
516800232957446951069507445503188470049430126372666975061644
787065882899265804591702014367925058228812766523662504102280
1595359102703794977964542449976604616187458690217052185794410
396129279436149467414244856192510005255106141606209815443701
822814256159136814965488937891193380696581925948871824092579
835964315394351512963236645512286414758468928215724914089587
1547047150467081332170390051767907285820714651144103112667878
455408675298367086724698756813939228492653732305834777437726
596222057573628116127853396753430886415634305684175093949040
827347748088254127906519447435536284767306418073668502212947
562146299974280476780577400986832037632061396092434395500692
786972081174854635632499118238574779995404053073931999317348
538132829452214102081132002377240014192870896402256170993831
999641578743115958141971010669807685916880164253516783168810
1015054444500981343188255293929168730592852692506398719336684
366277390549013748134365719865118290115538369412199887696257
1139181127370400760530784627937893260259967413150122221509044
785177122935288345816986014238765831387848204897581281165974
1240789468969386786200479010137295846962070362340335023979367
1572950704394278245270082847776215397077489252619048263633318
473532399637755711853877267604046212915130502046558439284133
1246355247208940604427966934874770649210821490279664744775734
955570431559118817968867061306517720716481413034492764304287
1056137143602104264427052924572571683665281125898894859480631
539333183050036173253286966182103469577495528979125033786599
813484180543285589406608428903056394333663233616436846588065
1237733730230845093148807478406380013805730696899762462075380
560345178988367793215548638651642231674945531582752280206438
58467094298877562485320755586241424551012596670820307641082
552908387470113377776325080131579794453456015564307777271538
1250109741038530454449383508994965120693306959949519870962274
752517710204475259766060349526528485958603717786721142796487
1426154531876824181686205585401459384402168101391234260014686
173670787810684643442047260328891406616782450415269017166511
1217379659119641549219296888721203239111160479767103354888544
236520536139750317747705148510729909439646512122135033292154
1165321524033745962355197293464804174375716503754762468580504
989256954799836488457918050520905289858219772358292513474577
707902349385114970366975814830398533827209404367635111216990
128544911343552765992980168857692876054785466584663128267159
1111720551654005688002063800980134006418289854499128237455643
1337336172221762712174182472122354801253856785367282037851613
1247386868526822408967352745500184229155226710844088373408268
582373865881158310024475739296354610968821685125159629767339
568047238296345503003576955662713457881235714183067336247693
758550726061884523729010886849178763303224868328962087237780
1499222769433399850746622391400399556593111152852410763069394
192773868811452772777246629972559394825290651967397075799315
622444481985665412311300759291178897727862829056753964593922
244962746934726840649024033452822349142797988098624388364864
698696263514934594312643406122035023229646306013204319678091
905033173442843215570028728952594236211164118739466991204324
1234401899391790938093799234784617115520706792369568763747301
1587051111064374643702982302757077503145696901179182277367285
35966658430066148675819281461456970593757345124372211946685
9975979082493636574326509131718325262567518930141034504378
185637993978537335067213905750191153589531589054587179404435
843272560351677477081112649463262737462739847224214222692877
1206124631756194436620458787980095005077295161580520399440094
1020841426365033577487871051873918465579300736097598785860755
1462953510063006195710851844947981717333359121383746508964419
524930299123463319867957521955347134497331386556227112811337
1519040855843958378297444383532743422943268794790161968622755
628110054270634301091638035057769130374438338498136468257192
957967437586432123021154214050915695807105731136862929602708
238861668856764754308933791220525413072900059088186073469334
1362545031797036405172788661639829139300103572041612644453190
1339843924194012347701536528154788074395623358845224682861570
419703482595412610996710071485434351373828591869635651665574
927676375729052057174638463656765741766760233765939138071667
1404655796789125497959774783312074741116589626799216514325917
35672589345626665237182400272875939324794014890051538535816
375965470106955093401165937046319798025849751512106305125037
196229176558121533242727045377553272472522119604459931605302
227442956354441796690657125814966791170241369158107553415149
650598726733984875622313418979313457050165235847126541580776
16220489501190475125970868797236544995053077949252161966443
707645658819824595198304498725262297209735962526612535081440
844377726510610079079861363796504406671543207140324652489567
769946288106512504275544203008414157196938012830492454606403
302430194124150514124412786725998702812659687836711082823358
149216637678864906056531776260608588030407862156172880188740
402369980387993993169783702471081847682622313505862453672685
748292483447551137379405984377657070355156773733588542645665
1467046715517630077677757899349228562418056314172121335096026
1451976452422547228592164333194836048063183366656967462309715
499951431340065195024172809568698206748114252037322252265684
587530596988775948690884940183129476379159156323040164078823
193051572813566782381398272181765151817895045822867230243302
1390897135137930845150378831544094916773143791505131667375477
1530422718030981042727711605196164135186590647626555872539433
854375221186155982090976541748038949486033851080997318101383
301351701311625965814282465479073608169022704157670570615184
141516129193206141822827791894022533182073809314766420580930
960384815352668845752225216058874746223833041806980200606280
350261677130124894272521101446794707841481821868747638950840
151243291539586895783918350908463768234698737371414153974310
1440198668146639102823190094323968239190657632685479764323397
389317711573638807402515796852623158723685528157857705575126
145584443104391785605683050880658735589880729550532295058767
963676390162420064222301649875637057286568967124973138832648
957094945007252829668428128474669618288386780078858167374432
673240167834665436212197286163286074180348231244244407040135
1130997507740258464708131251514774882402980326684749083920821
1238274220614331551890851578508876382317958090465849187956207
611018690435569883005601946629595910580486666232262260353522
878881871794224283741359290073591491727767291712809627804411
398741937755009235635387317253767857323972637332916947146254
684840765429825052109671756049997527648280099236525370037776
934709609055184105734646463356943206254972092698975973098825
207181970667651781699591374917361090718161119203573666664266
836513612365376608813352329568588778708697192896881660145437
1104160868278870266237121590437515639717504446458753931067914
1473256069931552858765859070012776805143037530171669474919203
1410084614940421527176818783305782534708816922067863471438724
345247231342787712744261630621790076887801459230576770403598
419540777850937910036493124790256875945387846016664402681501
291634517956200142666773770466975156587202399581891999210981
1183023962946814797453652862684084414733057030620379290888227
1052003507491021018938620724555813719601202045017154619741936
455908110400732257662786928640425394610667018233639629777985
1373630770754882524875841338738321685172311081212300131708750
121253749445584289272334513809526614409753367670663187240646
714668829600181743818985251669943948246256610215559268038908
1018597145017389029747469477856048891451172863442249248299660
1566302966607915460048013571169559041827297831377377632764179
494623957634001075233307279805994902112199434089813289282704
694394794871135890356681916940590874586535564968124112935864
255374125456262907446890888849245829241497786478201101674149
360021105610040253395991812725033633548284932783313081669160
983825275767442561280528627977501294094711733208038930709229
1090070723850291403928743916379743040520043525420926823917272
406367332717528498380297811473857981492712869564875106371830
1271390491730341000509631795003614125361586599077888067030649
123345119603864762391725649072130179427173668959185423391296
51212966330292703328154199915058748964779026794821400412347
813574455269367226301697892353486287969983259372896779891718
324706843715433430118671348310895824107909999025536537366971
1544022109044740491814018101355231420706650778001313952491948
1444390981342948960293305746047264002202305109069413678740123
1373743807135693096773693650524304001005254867503638047353538
796087657396916912236582738445414152742131732645722821733011
1550313342620959450347746846372218425951660588972515936653099
520103536982807306445015217495391233068916920422458959707160
1217543355425105228694469443644391530117056322172346468613544
1110266361760753398678687836191855331568283850711960698074984
1139907625439717016294921043665248035244703749661717009721193
1218220415856229465434845206186999959977797625045790312338170
1188597267604818609200397390749537900757589311704242950978847
1380363044418746974089202669835961632379499303657409896753933
99948755553138740931378354396136865179989346421281098728947
834911661185405836587318282350828093188013713520105322798729
190957046716218545739401673248488496923253401376675069245221
1282633839981577854335818317966905812792809929598805329645908
1163125893110296342291526528980097962383891827680443127528200
1185200250370563404881279804005066388555170847646525001110974
480927007024835746708627386916060340277819790797423588661326
57736489933661849813686638962597985242423909813276693991766
1273772493711158445484089415622489122795128270075375206652648
721548667210960958964463969829322800695577410587636654914196
996338388326939373732814032512603179188548555430431343650223
1357425557516371494744450622353322501224220205096044733916538
1160244256131216065316219645598722710495506466913246514612699
72599543987994819541352211581016280464388330577836602998837
185287936043438002323398011879673785946963859779887066291826
1579630945018216762566276908576204952087529261688410796859147
1184554358090265290195065304426914604253124386688606501555206
1249896681635777917866562853112832265754037557453708929973277
34540213974182765380770703119431994571068117801201015278844
1399136998596981153602083596081366623396940066495400211440814
485860153162535893046712769259924458304441798209584422205807
795238053562949492283186764345039150761478027661100285909661
851345095196513906430527063226731994303505925282254929162387
661532116828824301055129448033713593153583613844471326338035
590999960876309559168619059756534036153728378430198465104912
1479413024535816884540985321375904924484146845688583570181638
974555100032400855734541127631514029626605697141535867762044
402464375535384163738569230326651732438102216516052694521675
71755590888972484078990892926949849977152114479589445005312
308478465008963493303039947052740314750510173785424777328949
927603932244138723336994217563474738134466689489249978317485
165357905278075553513817818019549591511053821511763295433140
1076752968632188575924480425468143946382607930045983889740615
204444525106331426082609463886719502429830027144112885137633
1208205707496799053691595015001810151926296741569958292920212
1398278153722908640183741833273443354653547143067255921655491
1371743222674872620140572505443863545542082884897755707823222
