3600
~
90
~
2
~
710762007050306872820215432
884980332328528357083734332
97901480584016230168918350
254927463569489096258035003
1169022803624367309395276163
193833535047887240494766051
847087734368497002474270091
704894459526829316330142394
673322977980610269087479264
391299941981856847862516196
253144730596659654829373827
1092675861083200814014221557
291181318101547695218570798
1101949115430088279826483310
676448193759106210120427217
834515008872223775225897489
868907696558287742300804809
966477388436450844193451983
952250465434697567956999006
1180600812756584856486735942
1074525110390080407018949757
1102324836556452485469525559
972981822773749350144071988
1140802237823492744585524379
1032567856742324830005813873
969512662111986510074731437
758912190658385267505124808
790328701466059174062661358
195754327705628524508554294
1168668431985744235120781860
124674490697768423675220427
990217046309403831995789582
505139031546700090523572613
513873541586861696802882574
782939229866198377680315455
968320119771096426935330491
563185696445198010302431347
648548580235101500752153193
89555344178188962222097232
45787938283413043245796199
1208028115041846134360876540
770931898632758194125657571
563919527808266631585025107
220112570355112135411420187
171430385411750260464892827
369742976007771599437979947
840442762216750611029049751
386407963784272162828631080
9603109251620139229274040
586592777669622475779515237
205323270765933077684581811
251338459706653649245026569
1101314256150781190955217502
1210207783232507126550991174
243242292768672547217330115
119355688389906286991234243
474054369225167693082361169
659655992231142212269943255
1064463682367392199543187956
105637212961743362722040610
750923427268607250368853791
844054404643891793782137539
1154078607459405803317859541
49412286075335421572065665
1221867391301237934963405208
1156398779677165816076970152
322395127670443758828181842
1214184803318043203980866056
109895178170927425480207062
1165665527766406063538927396
531309816942030309229523136
840114231731033817086021577
485413843898234811705114930
1046403597107649148254295071
183777088302198523098416228
829784111295531175572434994
1102208896367010793784961400
833725672207282372562275403
587064568574693464563069131
1200061417418220150615826927
980462005289932290889824989
104153534556819590920344
509658328964991879035409792
257518149955317162781128211
1188866434109932201946190125
1115479270409092645454576524
474023721129200169248400930
261001271565960744555807676
487412727880569319620883708
105422608317487903250779967
