3600
~
90
~
2
~
753942204207611083181421565
47010423610634274351384814
383376673908102914872779448
1110034747418277643920361347
1125053330826158756253957914
158744480084101829401643141
741698850901908428487768560
874583339504039916830578488
732975154361019183384808905
391697062144946060344404150
1103055547565452054198096010
1158643312876051990167669362
80416944581175705764216160
243373324919643528127929931
1223597414931729669978875176
963107457363949220442253044
465691876424436409242628425
574214543671597194245194182
717777922686545684887555457
1028896482731319637997502536
549548616160006845286698999
304934555924669597466799660
625560620904646784979439201
1044435168129116251797047617
1062036295897302694462047995
428276321677035729877022775
392526551413915993954401439
1050961516909550932766409459
1102963982930527541747078121
1089423328302475093082934917
1219378192015491331045653933
1143177620756964990695617318
343043268866700487555264762
1212051955517977963435232814
820668032987338556258343732
873696640609492561577485278
71006243537635288684780302
16032492571402802108345607
1194267663227850222882723861
59232935039299740485651879
785335873317490563449008630
149836767618567926051557883
176958686749288768465067263
537416984562439009952166805
1118864261834067951214208521
1132076208855389676641304293
785976296857750895081362392
278808387547455863190858126
384468487618998416843530887
1227809009829625796466630964
163741519007982766949951612
462759347575074483384253158
539028432396044375216234763
50949371427215866200067957
459183353218770473123679894
550297566632977098115393164
801941031808139069198662541
758174510182744419652582757
1137939576089363417179258870
520048004361020912171124646
1181451771713285922057235566
505910312324578453882181209
1098869373333090415348481366
392323157354757653356948255
200077605560292565490037209
556117812059648972692458691
433525657801233730867508767
740686206328273507551567621
936957275879799461785976605
853243398026919697923378396
296989026821532524219985541
579062607201017586918116490
202169542041059485401523463
671908107401821730440312365
498888871763088391712635300
1151897134368185732117097384
1086581831841501597905982551
1064663612509904731117203502
12963815892317945252786674
161802793067308011059322051
368211319702420359726629854
26157791484219919914498360
585412297104428552218589544
32860052176673127058180413
32445330181903001564992661
1153215022439547118296958541
704655752044928400174456231
189519675243843762517949476
656812113549495247818219319
804915603610958152999323839
