3600
~
40
~
2
~
180654205497
1065619259565
547491009836
530780414151
184629170179
167110165325
597633850779
761379688669
999005185023
156834933398
701844056359
392530271743
560175777797
394145672514
124727437546
487993161661
103316568105
820738715993
57398624738
248690737624
290060020485
292964829796
81044127930
725414433226
290682663159
548086346843
61167339824
323605492484
397415443480
990007691776
414052137527
332203020199
707131614963
133305583015
859407070896
641966796015
706748578725
568298252852
1071971507343
848822554347
