3600
~
100
~
2
~
235854329669584278028148804280
688309814637415270496681059247
264414904731429133564216666536
572290397480100264345774532564
788205940880081363588293812886
405142507894171035621288897344
589209898991454699901831693913
580246087583916330623341975496
1211468953780112299381534555501
548636323958980414825855509796
122105400915344790602252721852
203543619320977606816112854767
888907424992412804637235073855
492986410913575113261892643823
179521662390120925664481959986
643730308392012426420178555799
751388760790478278952183351718
145932221037697668827474775685
978316008021653070403662621092
681958541924219308896195827
593327663805406068195958317348
1098884065376366537113273113914
333806280512692294748558154665
650040870579339836626305811059
182119600333915587862647204460
697439982687002144377635193728
520080170395777604460454635831
634310227744562587811145087767
285379703203707036863676239917
673595369187886757762025418843
792187741985214207931055123034
565821691268136839214812024099
325012902089794096522155168240
183316548712027955230113861142
1064515876014659786593653002844
970453124064319159823903806292
214724977435168581995576105774
1121932821760393831075844811564
83170722676418894347708794126
1140523986530539139724176630295
1036075002187937529348221713987
1008208762493332312877976755772
5618575255652321050280273359
281140429201566607690552259099
369107652548571767329561523325
1237418925693933669333364639065
384788823641417072245024766574
251961891027699799624244582571
271956350766243921918540524201
1157672180878673963959552226627
17983822789372699482928922996
562703986566326016364080912153
1150825825213094867594173838798
33037054556442190499877839277
455193693478782501566523170841
211515870624194526794458318232
291632753509108472114064928088
308885428138941284585563301698
752626677931031241200401779401
224100749736602373300339626244
1115227505249842899580186780310
884561147633363799213808975327
1184946105120794474599550357803
506194579790205749307722025833
438578247796470652965743693153
459385519939354077166594528219
43356410340481827166985735085
411193212019616260755032749046
566891095256739757611684434927
305955899550582065808929992981
93778125247541269267044559559
1184097398691715272820460985554
1082472194818600708012628381442
582513453460150128417337459662
258175323439742564114442357934
570125578043449796889879767027
427749807741132844639837599763
1158800845598597397402129295788
654809488100058913614276702439
1174927967093588069908970285965
769727267944840875867634505618
190646376312603027149524751831
633039903958151818627702679070
187084853510455023087416575424
212253746502449156896097368960
481925955444421115178843464547
1023850313850749428312626714879
576161685820326427166475124762
290759617659275920170381711823
493706582880301618039345594525
943109403098621097307340546061
126956487198739212162351116489
789000546527021461674189757983
333361506041256429911836517581
254692152947044448609275983837
684061238379795785948506304239
542628959974207652650321458025
1253157615643547124994136671389
342247917241243751083680102814
736715922485750799832224506485
