3600
~
200
~
2
~
659272254075370697481980486301212325775835214932969760380465
60905997829252611422203687347764010881583248442747718162745
634415899869661117880139230750226774548784861683447082958737
290209825125691889891262006062845911785241829474200563890295
987167434007464903742850856119028945590448609664211985276449
1121183999694193480498801451221897488904426393565762623182833
322352220399187637181602579487453296028606914626820338382594
1529587111476441706801721562888111273907730374916133563401680
635034685422411257248372045286049617752532866092313704562737
1558771343674877956404519638651090441560076638824662789212204
1493134840556524215979229303468279760381341954638810326324314
1197895451612280159394913572828244032022220765989621970865479
1523505972905632664875527440141334869148486108336187099800478
1507574054000775494401738137496840041901795026125462693114793
1191313556400318589000555809429121368823451431753943534072469
31578280346674777780184156427969630171296662341991738705567
235763149025576890850845076586500597830440102012097168500615
751751730112463710059863859670592604883067275397921828621444
1592733506708437917331288166795775477716452598181173263066667
1480882968018462862150619967889176322612061085997071850363785
391971095999490485773998055688332368512324060742376148653674
1136824939740119198776707094978140934553982997552388907654567
1292757580987479701364619840848564306512754235353645636014303
1233350779958310555210112888426665805705230389029507734540020
649829704387331337519728537620046097112489553761247375235978
1363513592823426410996346334368703560259040853820294023283394
1190949747441327045683754721283437626771981639194561702516538
404727594885794816145289430534201782207739167516309381950212
565683730568456480473616462473528064528441153340688457485002
1406666972626626285028715716740299869182516539196074906484703
140044435505611344721445162491216636413080541754297352181177
605939174659370239162633913832491968376096203669970066505722
553686788910789764529852915380624958284780476097867939651475
1097525825831871426501086647492644603341926123364726710721132
64894220274981691351862009142471926496089916421785992659762
362993850715793222892480985890525776605776023099763836667902
932512602212507914600792673369317153701705671308312661080853
985896812581374852885328769363096120174090565473563402751729
1230646616242346548514221588678723092394784869392199406516352
1216051522898209150056971771806360304817982543002996135517113
1044802510884600204825867980048545105358791089619823914763881
776724973877958623789234906923513524289756434557420099648000
749446535031704607356609154244329411797817776799494678688349
1337874746453091178993512937477291692222693058804887319388233
567098219886435695590185863998261017441920624976791849522586
1388528967279767287626175417401813800739407220737729056360200
1391512367222786055930899253227513170551917002827383651653849
585467572972379574808706792031032643672319422252491296970511
503719433715938460772531683187340610890825556661015082619202
1007566763402753595394139601336491829414184784429528100759263
892530875113635442499722425331833835265091027325723218978756
849457582344092114064294139371707763332426029479067330013835
433860977403807689344512825890095041530160355729261753684510
747688736711538126964857261933169185946257622672766271219568
1496355851020248122926545678580987363318222886570370376771306
1342406647272499493910287873487525749850183294432695555967971
1038175055132630722121633687554111505258257868219570608084030
397781587237298437425704319536796182554314062898958033007989
672461146549211925363671398606616698350071040957221719078207
774753248478572407235550230975721747839068241921557886048775
903276400031878337623030679237161930649152573078418297213947
1043054277419903173733376124791916138330259063453239169603836
1270493512341359385105830022322673170056504526701916164523028
200124468794509791852513493072145332935499731727380830744694
1530300505821172036053534103721608800849123046163307474499673
1355242117402539027951993162647734546415148942173432421929605
1508453204778624895295985498760185480708162260562709256248801
1164637068818906177484012823048396687481433343718398795988628
362248123769970809932320503100043082301046677785861905381766
1544150518023403953080657311565606777606629116082848708101324
565655650292050090508893177073619742979666704375330378050825
1014758061760405029322718599630728913993832307219157032039288
169340425261367949962921174410136896583108559187841258303597
1276299797983518328702602719793008673377127696496725702744079
996534235938459574873484550965721892685238284604314424813956
211456120313777787062915956103832274636253067172694122075684
857510173887972371577612860319168600046795549110376180697012
513488313705221306955759323388183808099635920975445582322207
533721911081156276064889142221606232553247142271829480540393
415443193036250116654963152105624660612519790086989878123733
746112871939721512703539240722142955417908316912681214343010
1446947106430468594815464175886422376087846198707604322188807
61477542050062481711466877775267260379585002556512027652428
533506797588774904995215501053823104447992723861672757042913
796739618479138937472023103453123449226958086489722461004451
62457951150977136532940131934604964464643242141348715854754
427675236767572857806286781207013197169444071589292444497045
1185459288922362022349703982762025825419099300061439428631552
651280158256968918768552506023574194453395840057473836485762
497400358967996280492069106921570854533395703313500469756477
1500353259038081499943604179950164400565257777113779441300531
664336728413920292774302704535529546667505257519218713450835
375764948120445463392819556442729752227704465874819331214297
1523749897570556884478591621941290484161412015738827137145903
1091688301955206541166672866015028250830620121118381668384407
605213925430915018849840149314691028246386754260377470899126
291170704016971395005066027987280996975142221495808904669581
828769963994439556396823772394199769868511880732673953796338
1359977920480828598393047269834462653029578548450399940650058
1374487495950584878070315434247286789688614181787591666023436
778823759121062770480135050419049312664194486641770873709112
979879547587980742237308251802531663575176150604795114578127
1290658170954006934944682705538609353896808577314357543382024
1055168352187473008746104696888839633445351589563298237985438
1465639357703605158987224128818964985681099881309390504419118
721989209109412598756474888743690934987586150219080206055928
1078454666573632109966724120443589751164747416805399362156744
1305983783134578202803447597059602392211713634675141405714754
1589920785637734950134676240529933267701885556629995094129171
1231312734708747216929228487772014089625768575984706912190535
732319336712641124485570360313355891566147200449918698928974
484546934797632793843909114828573005733411891127289041891640
1210827799002731600529779507168427336510155280579518850726318
1590252699896126433908094488422079077709454656007401655902724
8010323926862693350794911182428635718228499803762263838527
65240683281763323029369627329358190063515059830270836451065
17974945654848320869414957816528901068776905158948296756391
1139464801440057507673414809787385341821660606018764720410232
1111665413178570905783582395214703593204086702577838678404603
150065841837039438184588680316543734898410058630815737555323
1152688084037133090117694559741323214811780924485696473933321
1399665912057785241076922341504118830054659656830800136248945
223924963926973140756072412804332762763484585457129033381598
1591420109339965288722094640031971334330470623008732219566227
216364357958135613361276730561172743038928609061073073176633
551930301420335500334802773471904101262600287437086861861318
469418205403707258564941912105803986436387090820797385102450
649474705317609286619782477543025011914927020820351429857871
1261842421724265193831873170199750225843001367374628038549776
745594376458224848060139031315602685130610826234747728292517
726953052930278838916033163755161800674728515394793192647451
1089036397114535083328146808592900299701647638419836592919730
929322842242907410085530871774222208779042751175995892898935
343253179658296841863583624333881769287074864591768174737162
1357769506770266223418780754950975202905643713499232906320383
1355426894780552185527369774908582466195226842001825178011610
502510045543963117026645920275329680474247118454073597698752
705185646322739306753874830011941396752127376064162900541949
881884168433490793078720493178524914451855129221624025522323
451176645944170159223741993876570789358446713986452387377656
658668540512298662159611085458035089935203748581034822381974
544891285508121453171075361457529888495446812327967249638326
502263731027807563410953003786867539474145208083695204189756
351345957546024182703271592946020158703284209498083118544759
487855354569375257216469828585022183653809272999667378459082
551287915037086718082200285058322612137853890527818500426580
882244880735107737864171724486146528977295677111092367851420
942848087555125571345551461515552314208199565351504474669273
1083893098769566231194758255657658984862983620944736219093765
98998717144502941992349675972826143230028863957077111377024
638613599523038162144918398653404716727808228878833059421381
1389331994960252086295792818436419793716959783589198065506667
559262497019689678878564036007940316298249929323733510744125
639940629517242856576963879134056949553271636700031412197511
1017661931379596771289389402124075214087998716926597436423114
918793307217102932840180032133433948520320878107472509953924
82362499213460187271324055081735520663402492921418665374510
808533361300073231625800452455940419200280939612030367046293
775505334330127360221511652963032555507882928870203966432901
356812443863069597420451844396119655639660721220224123271698
1156969920890975535146885669664217393173038051265678891615161
1419659634595219778247549988754607116645997522911654056188301
618540456056845859705897373628943029969734649890783611445661
837947527750219861107494111542030035701202612349862933265170
1306310437625954870282821713815859874242138246169607189817783
1095149512074683360049058776376195086273292641854615504151282
1136412218575841159193963857469655672947864787271958211632125
543559305038440650503954736099116327033384621220520900310332
491920629786988766446862369635178565819733432874065000349064
662105160953653262930308388290716921507017787241193496421307
527683901016979471839531518433191539643088788771353789370341
974192026851320210307378239525493996162638019119259523003788
154064921650142979819448987281115743995576395998198844353498
546941367872973960294866103891161158910373317940932688150957
40609365173189859377522147774048388745686503750400690986372
814475734937756561972183838427369708754442399139286778670632
1490924167028026694259010840664430141827153803617166775334153
57106008732279493406822527869437925721334588519925256417394
589998842985311377843312557981840659245151182634300135947738
815911151027047986776919040855825118752243093955629702489187
474087253415793677724381424627318011411537940100740013259245
250300505175462809128080176213475816847443524472778124771726
593051786352844121968435066022219682543720331718654180448005
1197106200316663646774797642379459507849455657735578183106195
34506637867148618516207836872444691755652502637329816685170
1455851047059900979930520502420869699357952512682150470262135
1606889957353584557401727809764141641039332929397635268099973
609792364072162661885704182701120982537676667640032705815646
1354445276241547230695804354719144383665801568691155812697785
440274766532217050377815797857007148140267736744413974695827
496633460174792017029571934930126296201265315842063544490602
1034879413402318348052602231738176257822751179635560381809430
415457618036987772101605484670354931084725691128685219112291
1377780757820739700869056844486483086343213828327935578724920
568823869362107591126254307696190986385466401771569971675325
1408030588969287500380237817726888497794535089339911373722278
1219865309387247660769546376671248600679740300410822560140480
92311816464862208577498368680089544933731536252802769379972
298306516927003582293450704365042715477655803554151130813250
324140106670091462583745408289431912078521657915104595681253
