3600
~
60
~
2
~
909332576291913143
975000185364557032
791359189791776255
668929848393486493
975809913870759446
626515067753584361
75029323924803143
533865221487805428
79936091115476227
200945487093848341
43526111770050218
1075015754382455112
986202550131867712
3414085646655026
248641249477508559
29174923273143106
586519407630274400
696814678693131733
1013242076605160835
961749625975042721
500051998924289249
451700828592737086
576786081702233555
324985678259108454
695594570837128469
974672176649412593
353207051784344813
189653374794390812
909979898214761707
597151025719870991
28261561763830385
365485875526780713
825716078676518488
991928963744686229
1053767667420984396
681733805115662228
81168362740685005
683007995170625022
226358730646150212
585856788542084655
600533421000183544
76821028388327714
1105315442786892466
1138563193516005651
978070041376874741
287587110710058543
457617791185318241
425308450033973485
457626852986377264
36878740370544952
632367406527162237
684701623665714527
971404699360881763
163151031814240438
365308283238184896
881348208611741254
1057377338611873174
204626345216601657
959331084046908904
794992355397601745
