3600
~
200
~
2
~
764007383382184583557491281167630813276045034896916168563666
455689762745525814289404688516614683667775582668966364058747
8120210717311342505347216488000989291034635553375259511838
503082997387493458155576722349689123176247787177681237911720
163471258228908125513491282885533540727587747935376833621421
533814603618745778547555692247123250053177621272112470929579
787304130826377781292696279526876057268974724592221300888946
1050193958769879207310269185055018080566510263770400308090659
1306750757280217896627571437352736160697597796231227050786341
82713525009711744078101113404376697530414420856098508923724
867018930870219763168950015506964187954264882395343689925230
580501355075259938886533995500992682160868776024238565021447
621856413572644457913047352317366133219248856815659536749149
290060818549275929335936272761814820124194052544578563992561
1319255028135708420284378322809344875280786089914730350030712
748665385324831706525429320698213948939184800185235059526476
671525450334621567055638877813478968991353581560149926006215
39192277074868927837578671723968626698430961992762132876361
866150800681030663290027958736718824803663689180475861355569
1030428693264049615722542036652730217065866842097768012224222
11353046269699962950006145241381447802559569832125839315875
981747830792620819578932764477159253602401140547657944457110
1052453598801685886855992499991595432720247533001814045438708
544679769816196564382829138149211367066753812341629716547096
123520395670106153231775643143584261244419775011575266444902
849706054746101192029453156571615725871507558301860856881588
1362849836578482530646460400627923502997427427635219120261875
1588758627646570335577810801667540147814788765468246189357372
936060394805048810781250902148484428840702028239250684605027
1522114814065559180296653350498157591538493574603149297620488
789829790118456282470131983333445507875773709550253641043162
352873743430007097474220460060240498175783030740535505405287
620739368987104168772143951943900261265309466333661840080315
889963429278157008350837928250504899786742928457926565988752
22709562276653289102730464803709668930560744632847841476591
1396997768738265695196009286568535962022831657371985928546848
664909293251306927427566719234078070482208343039532246066607
673746548879522325430167845733078564374311842118277737627541
628272996371710229525452171357255986984392107578135411467648
309954192022661559390453301608932988452836048694402058416767
1254512476869444086977706525977104921084120700263920342778630
323541425260203366092559760434182068104284485699528275633973
789857181181381038697957442868819166267249314576400547568621
385028235503949044467405900790586940816127215124104107376372
412367317952623121906487200156304401061861933613195871054395
1327600979121891289179344716717998480158858189837405683316443
1130089555947271926457309955644491294216702085779888272624258
1449410623783785979076193804270613173884734500005211445623957
775019412261212958861426740764766762965288505232508527940693
1605024002667648673300045069691960138025267648604647769339489
532742836648667956909127681899517331000389944085964344699608
659430798399514456345766868892035932232758873606392975255600
1528111276209857596340338551619479293946915914509648515817858
720981723243442739283246597235218219370131422955557276280385
914337957665517819801283462359063586854124021909735067112824
177343361495084790291377602871056043234088033786630518271040
129134961918716738047435371440065626234292829949031017646030
454823326076984748092843048577378262038139527236261659731010
554814033063993803076098031533180288382206762406962730717363
1098202148438910155808130382652865004539301784888383149322806
357035980401267956000948806004910277123272074572596370001563
1008293158523542877397135790540297931234822661214137138148599
1432680661123792480689868530628590077557028440812777831966302
945022595598561161834936051650866244210703561170369211599623
582278257687287169339024026937506618043862518605019526291785
680211588578222542569209779407030993742692566243133084169859
276675113967531488137842031031435712936622204903120391977361
1456152692620448437021144607795415998834703358957783679740530
1122250514030845391232602447878721934271051981215355682369585
629724952004673250373766097833069717824409072699333216338742
471466317749649801877641402435578634271141304153647879057651
1343575772209648746903428403445511031468411218807983089806674
1597890304534604078871837569235229254220577292836695962403169
263262013389267485374251979274286987185453117168084039329055
1509245915816949964663920157035925740801309014765090429238149
58066006934028093388411351313455880591236983783089543528110
818045889262145286584590283845525362080555627837531252824379
232279771339925915839292818985329594167356668995623982751979
1101170063510438407770594188074280454998660300017587347210661
1446443992532714566161767279803982782950414233509860447011339
783793757169196073070330096563747456225906385147775652158413
1495419786563638039551630214118665287961879546750923787292601
1416076846550363946925237183543721580019417250354656644953912
961769367889191693989901851762438407994395925471087392942005
511503655504555392454484562947707892860292562947833463355371
653570699056545166437143172025941199759105476814916017927665
204732675255264954631546757401510954634548075905722843648180
1306762114168440468294440591452054859285545396330598624207068
174659882694011873330944709174251949241436721001308082950481
445451914125479773639724182066413265680504975683456468658337
1448672752239973966078249526682628657404408913574939011043532
1206205407939359844058280076732260492982416826723996345062025
1593884583153888439430139724121830108770254807515220616497240
1210716337712541894819623589476313207707289922544943118952767
171932829866282613071152501396839302206543924491845097024266
1098651014809618769294613669634325368455650751338233441355709
1408361756258419735776568783765700295322455268380667877274095
1207614234302136438805558621256908664744456024850074081032199
1365325081407813135799386472444715945130670039576546035452770
858431333103200527899860538841820720122646011540566876614667
864272969082583186005195868314064335252930727047735415761415
291921275155779974010200233188644288182865342662516525481388
1489420508654297259343168290104338594555208007605037125172681
813859911558910746934718901322649814063213914416577141285989
1384334101036188270516032617390533071694316377615988334094297
1119492709761544108071339825222935888797291078043457293331411
1471885154336751054214344199009650443184453642399810042679474
764046374280006175202090997655715445444306598072274582288472
215365635394731663420596972515416152112966190232700027601980
24900726397469150868337933235831442880877453937254629436336
1145460409335126030959635986966123556170974152173901615203333
414297560586463739353238251928076130523420661450290815568388
5388221771905893039167336287197621459165019060532087980785
356982953853535167262157038316137478281614582632797782595217
1032387503125293112555547537702098993129872955259505945732563
614916421068575200869194274185164186178124425234323386028191
1269559501587032846501008851651754842841985087298714115664266
56053007349740673947342657562986779634441025488051589649941
170616080796561388161878789189088665443119230207288521115099
19651405234156066766308208298600190925165723255657721119117
417797557695879519363613444280757952254365187079489919223282
1001645916049910342182008486736284952244725437006595097362542
346420231626383908586431223810224965974845258023974068627371
965908692493891763072386473025870658040229356697729149812569
1577205262169513264113306863894061760691546521793863283437951
1582259895573260658293668674175668121155541525722169680950283
832871164628221225841282688618772378398220567265856413724861
1462413000685372396650331745850236981208724028763621388853949
681153597885920314277180011624169570643073549806622570920304
354307603288144462229314628659237668183278027015642110014214
233469271432619026395556391471022350891612151215186125464824
716235345528240142984914197248223291389205431453161093648812
208777096634994698061997846593345056690696818287933932529541
456118406045016559342730946381813373124074058816729229815137
202386431026367455885934194466195076099885162941400208049858
887476574050162748761443560236490197704517645456977320641212
815966700015894726901034922729193490202990224959695654276915
877421357347188246902854625700426176989266452843796352070547
304639709891018046090833267289636505738078504720795442393144
249916515930037727929398496260761684717827916695044012283532
1302858884638167523177962581619471874020561780004226744304164
514817625471384503615475321097470101120601444173520427228574
1165661506909023714289807692709881456821510233116031480194671
1044357661615070493251111102133354557180012596070337026243020
1424914193354985378905696397591356175640204605780790113288891
777988047780154735314008441536873641502875248664262449892018
1205287934262461189188529629848116125382899218997972511198
375354411571107624243159666581977272877423943053469647222324
695783248343128950628146392616415351496773957933108663937401
1333115466675887364783484606130057330123251819535457911804046
777973161974779715422034177905948728771421075038811757904152
981041363494206142244025859495716927522814575347349196145244
885015510049352511480237763936930940989843929581318062789655
328398652859387634169952497083618881110320482318767319281496
31059596606950207293079433365705035288809357124982060526066
1395757216359805400711043208721298564969041811709372979157869
88590398847586028470674570572709293228113372840358120780964
893270326546618931117902959070903008067346159905821594653437
512166752052180651956999662689133621250635829819598389697672
520549183833126129864653446248366550052523291162687690982645
1433492236930106398497907039836820652178630592212662573925600
1301790863983591723941952112590262441400366374355590893019521
758827491901489041603053836238076430946282074218469590771027
1160115206445180516737804796718597502613127559108473829188827
152835729271592694492657087257296978072657515777434543667804
1167158891928052431620399378850647628587302682458173616027475
1146619799789635843328619889411647743203543023838476634238014
742183838505156677004492009763033366483530733780980930676075
982228333088834739234197816953048032279116551599710258783051
74902581557974102504681868956784450163056478196178492983748
1264134219548229332829814910978389051489601167560339952114585
1259675151801827644914583976016508933356289838936196090899034
1029360752572996437120361653703299764950723286564614211715253
515033007905395886077022362152348922425210195086976269003219
117404033980324120318409220006537297180113531768182898736068
585266257389631524032905472376773891160594006330575184977347
281269249258487196382041436553386818893998581442458191212678
55060625010672984726776372614558836722984730074592589581014
196015750403960794756173111091516227437014983793556326513752
1476975829156988900040698183557454148506043176909270144656321
1451247666309451620357778081625955030211099291846189528061886
544983320264354252489139235575426135287678308168290011399518
84184253619641533194372418517307498587742966170820293846586
1066342757651974521099041429755687689489620164744127934475125
940075339246716742979980758629897772940346482474723645966426
948333714241098966553005421013861292630727942139454285538566
1605413885807840029639124896580591330309580964034516989246831
512382617590530098506931543515187698955490572403768986270159
1385696815796333020531643043910905284483928354083719585985266
1466966250736703592655342251249059265708975656046704385069171
35968111699538330923008742742502980121218564254063942593167
840737524804126947485914991658927216593169139937983447960697
81677216258630018153789007076655041787977913786144884912157
81033622721306982140647663030446362981042752060973293049728
623924772335268551326532327322017924642463573448879803687282
1034997096277168617559377599949319464356987493911701876738890
941218996309866804671445306328801933675813864966102757514383
828442939220173479077936525219542261905735095177240815161563
528370495426545069142096558195438192770803104288125787230474
1046397219765239015127974050035880937430642161839782038967550
