3600
~
90
~
2
~
614962189158252059337979176
1385840012438082104423094
1189255407972234165935090528
1078773455686714483841220373
95535273642548276526403253
821887966143797797482971639
996066755325740004620724825
531025633716433632173174971
402075336515262310543604398
406128908220637854951819587
1114126611814411264412266077
1199565691467229608438603390
711409054176077920449058332
232437515418855104444823163
1017683202186953871680111157
931529328520753203697172387
571883441965996550345780695
893034986078079250091846109
735042836999763526792407293
769022084199075599824292977
820078929107715210668271039
867427162750506676898337315
1037551285898243524529609309
28608498625455917894056116
97614056066848093810616668
958429119417873418998660461
961194980021984445883485677
725846921041687354271989215
777334415124192604897411920
370092300220927385592930837
101969329342054969777128593
69397967184490012385351036
929361498722883214132495436
66055756087668867958346112
554895941493939168479929838
706691580991708370362389754
415880258118930536115865296
1017035043646313160321207832
207224862801775828832150721
1221192995601025610154856531
833248406618856420873333093
1066017137037709314313044002
963859852755596000401553602
1002216541603784326049218050
744568706080099150047648209
877135478488831624333351855
622484121568735572504576045
815735572924786630761352644
930515376731036893320214880
1107204603859900090364426476
201935790507874919448111131
474923828691279878216798652
27393039730081311849070723
573615564603162228054431054
873340485749815209319498743
170961007628950186092913016
1166829889133783544486280214
934913758066821493295173999
459884890178088959239403825
367581489987395046281138012
668502155803050847938753624
887769558981802342142435800
341902752922522945662875218
572210380335886381238287749
167017847428371963855137614
795840529418711234120074017
572008220757631953910731701
1086624502511763936867456848
379959804114530877978234041
336079224405375686568487977
774221392602749875380165120
100580897173282706001307238
1090877840040254519938800647
840415623522580074975975436
266082569241578556850544815
1028932642521387688920683434
765039107391739489011765619
302282750195109868086457219
108058613874783656437124111
492708112542475243977114885
185266515677481166473528514
741185071493415379144773850
899423622414617182431412519
584295309903735926086029003
700353745725809946405114899
677454736051441486520034798
32516196011054790322938839
1106700904986157340769167357
835690715061639513836599814
360012527325266357511889841
