3600
~
400
~
2
~
1579543506445524008857210521866000276274315986281729717190810983366792102152254907410095431592012582514195267203432883937
1144528548823297769107281954272142944268402442984007410134418458547805128988195140851477753953309143247639282977815195855
1264589378951165665213787792813526738487485975456527923380162744583703436263040519437266199922717660154022787909870640351
66056017187394745797127447400764008093832731745167757457360504604856841035519454194388650008426104397649720802635724912
800120906191070207672652484748823322832462567032319156950004338169499267211102413792859833892151077742988197512865884616
1924955716984303742474380064025585933691370019822936183279014162739214761738796097659438674865169616664021144361717512129
1608392272736030943424833890669322117975583695738493799660601747986540496656174248565795111235902035200856810078966707374
390984008334276842118891330554501627533424698109362859825641365480828556485642955378236803408556964569334521616950157563
1137793843643488191890882305922003305288924641510192602849028878950617166554645626953753749193734560106230614854158388164
2439749181992311411341837677154389356941679960613778592792417892604125985879517381122227284376180914317055272331459825911
294756935785976850730409783452916787253381775097989259975316761459814056199467082849250097080269496900343092850028225522
1577796721800624827738379350354083521479156960662414131263077539761224780423697967093015157581769343576230554176103002664
2350703210465434896309325401986427806698845510225507321418900277908299964667814034130265217394876406863597708167786821321
214853535033472272521171318433767440246552223344103804299526477408259556820137104934516156233084867956259120315193714960
1951800176172384453766211091860181782776738028000413487287589382850548876984021501160897239680667231776157297041633240282
1553267636063501421635100560638209522675995530719463630676926592219451562688785648385793122197466912157955114776474621542
270508221323559024922801981351656234477671707944191473847107891911948300701439143424064353094608689306344495957904445774
244474944438678715676987408220927789267886689314567673925139935077434340626803214908266198339223621880221800392091922760
425819684665542304809291573679677800563604363749447014772410581399847057373716209935261127641543896748210864314704350341
764983335148920057880795171488953796544240951631637294251249094364461230366632582073229032245822857624305781418803647591
1271491449504980152884086025153629614857709517813886643989437011163077642286824450069452442270443249828952490535710701408
2470998677129435334207921100573906053203488385183161251698232960765296642715122670825813077881121720884164465248023744110
2157005018379567668099314084864625443839261279971001318908559742484023718559886576445146955218059317730837325273371716134
1723119773699757256600707048671116292191338034934219898285408017450753948971230664032078713885790352534695907823464581877
1599780672672387263710455008106938617737969572815061242446923652663170870443559379782641354924590294840654209333509208807
1784942065179287689495643467377778377069709174269875626665903972785430115610848007924943227927139654778984332655565985101
1272003431003652067879029715200404016893964390828632626521505354576726843530642593804954278022254391839053110143079007820
790964809864308050375289401182224035681720088092872248776680450476115808386754956786826648730486242332694551475936657199
1622230155644399142160184965874304927228496767865773487664590805760869855407890800827108480976745632291757721722836407862
2494355815429344229981241972605497849860266605955185977045556384332061856422161306579779808405057340223765577656533215180
1347195417023324870022473325431389807986366150998757265307958552959493968374800095238585228431143771943218378442708841272
1939046370696755200331912006290071553212664969198730449350033246553653758297878431532431280438218352312433541725698154926
4837748673557676762437068728384461694234030002191393288249402725864167335977253754750202011037480022884527497841397709
2182782074552989227171594310341585217500607555165031040672363553972485175176346135052120978855508553965281294679576034622
1687759422637050406966000014346859188687047124482325107241587191182003461199695495407952113894353402693322411155953824654
1572572659694295129433828753520563121187729654154281812469057752679494489859870503857971436632417366337961208375283435734
1722867534146756622114203723117306471810224798334753046183978984722910020803925277590421419065534127059348049241754442166
707636647837510265732218527653970825224968102397266028040213772955302488409030270210935798181336601120984015015670504216
1845960526232714152532789224556123445808009715926503188881057797532841892364998437036015809071701603048563382236477634470
1767247919972133519876937994239604053129727507432064092820850955476563299019856446488073409077835285551124347309235599121
1641883161681439712297356130194138765338879208817894735995603514012062370910199122901050233705638524716686185215268568261
293108865880454002062021608594346701573397931012469478760685799053276246166462731143609143710666638328096237025052957513
2406053567927732750932403724713857882297688294582103283554115400066097565868618123366916371839229479521205819712873636036
695119124988004098833991944362559379368043517924153329470941635366134794517943875112589468438299723535276214326784269677
345095254660384350860664803956206370406611394363475756922178034929316527796630716575251688538710354628897615055854817957
352300704843038995674150527217207218768967049650601959065612624306084005661991899291299072811199337356365568417484895040
79477238561296849808552583463490874254877313492067286010188991569083774071274684675125400450728314816558223370960798645
1178245587952947173490588399287840063014699133825992917083425944359719933658810068461458372418202533664973523461535043336
585158971810672267876163101826025604784711682163356941839954448048937961835533378838128274227148024379856134741804100662
2193895416490522125686180750459787306504125208400435121534632691214028706431239639607487191275415104908163587846116897074
2140685941224320344175261010469666692507008468316599843521591447560611083562873168390972000134106808597423423415721629927
651432106717983501416488655788049906538740034266875970546016201206589819239991800442975180071815101677830567430083269306
1937893944171813827539179474536862427352580833185880790038355817669834127059893919802916486531411246614694379200272249274
2266472800190111113417169205592993390051977219883880453866282183146462938585900511531466647901934744788476867227874404736
340681399958643860856068482891446259684388221789833278599825530987802254855700420238488281067002550818402585908455773623
1303841443672646409780858111745357899708876522303504800222847972811274834116071836327988652512993247509208981642527757885
1986886578843888981171970510518041280909596724069938547696089319325196561681796657395085691169406036784723431582851291712
2265647434499480785227618935534436390970520265929735709402380034109460995751030035775645840430306369438782975652625415768
1143424143616674845672287083712701776393551151005465225989329485126625097075296690803809506055479651519193370197821277185
2034261408947591089562579376970671218890322043875447478859271982788149974623419892707805372390326525333792848132968637985
2043843864094832312245733420795955354721341292713738173843981757974159336362613516228908558428796575601074330717159867463
1342887335250124252974827773374359317708905349938411911437770313853246656405974442627371199436179020357386506577389242428
1147737827786280860740143018981455145891556879994597717101149206679715479487286008294046460784665489253909692086390818490
952801056535523932762572046953205910360277521122103022708462743627845839276208720142604479970770661554706446230773164452
1907887477152480635427429209732531424713199876183029894331636881429639391573013819263039007293069948309694749160114032250
1004847966820900386017628751096746272965337857251727342807511535651844579623155121882685952083772438919922180570114666594
1934759935314652980479046666536400684210328348841776385202698715581117466042336277225604207774796961026780522259422580208
794433901773528552452602774738889868396717826877600668289026461489063758366884285853592940701171100756019348881873475553
199846200614375322134814895133917858992738066405074491336490812827145475067701932680133950170268344584687996757037408966
2209352136592685123030027642483649075329575202798962340028767221261129441854824333822023749030832714042078098411429345523
1623233431666022004584653307128600807529413463797798535750889083563767856426684429455120505639425029856682972372821711802
2078202109138926931711347509221468211627032185436409758036330213764577841983464206350139165372903542833553482875792365952
1860833361221264453873107464484411239249733537973099117466201683903244317861962951624405095342139780546540865961550265904
1265792597840674606888775267264960223766804300565350984635909258910348512210232691493727781704765192326927484860215896651
32192649003013169746610769258027939265668308568955406088748248049603533011332208375996742461645022276281171600618327258
634640392408816334663101719337247561723123993456098359431536361221844208106680688702716345665715836095340789219494513135
588978528100213976411756911891042451431131320308903109615482269963986292207034812497028317478578534500845230292475297281
875655665409347336318817680963829009358499773129166551069604351651104595638853720618433320776099613968564980326682060861
401854504873369563484719116474408361293413510527417556459058007682752692480497634751814971651060896252842501116095332684
2208833989774441249423811087755344641163468057616139162652376099547388935529029716648598774789295613107505664754343146376
284385848969115000377005057282196466107893861831113186190556006838594609766175940474790376558469068964637929020100163858
148675871577927867902296139025660707909779116692428689207469800301478720862849887131869890544202792223456022980368422328
2553662582299163320916185520318951525843342610112598551523186514564962073200067026300067513174890499919505582237550567098
89794814475494982885089674793997200325761595450450497233335344137682823689033310286990482021912677068486857551750380560
1048731305648007141782684867672616911382348009445098168364633253903403812635056659779132344030262426590994869165565983120
961767370543907124204298857406453438479725947396839441172737314067506148478107491473926468541060970593906145134768613771
308666677617941395682187735841212051412795902923591266920668677224185339015056992749078054320064908216075425563774809339
2144511810395109830817330943428881713364129233731745813776436592063770653244912824650648766211417647821747422791604510267
405135157988887270487532956904936625642402901496684487258333841161839778630843456496379415670697378538051859574804600179
2308309743014000341856176083749685914381825786553063299493925360140471776745042980240862423707441663758944026662126879946
2173115472604282419094980177922281535319835118327154191473886307748114697601654851573220772007788783027294697771752312810
1847716064986768761229805994431151332918381367897765633240958012669035594656096822939626638819836107672841455655202096120
2559276718157435381351130677633533482232972407335051313012496578093318735310048522043063993261360207553343806418467315887
2376417437014235409818149803587584476782441536206592526879143986974100664978862574566238605355956444829963457643209139139
676214618872924310667658667737758303920176633556920825240962363711685377828388231476028327292086860697503146986727097148
2530144915864688926213551805113941188796195878083636924866434174693279969609146272830336569467273987320682367211179409949
2306451791192146664656583875830264535333490201778931803874132575074273507881207199869529258209100401307723713678175676908
2545950771412782424775159208657639100374481578644547791060845722036894258067243583847151358930096950169103227926675622901
85775834649178280871787484776400224998494984402830225316537163731940911350440445915207829303647801640723070604031449051
1245867229401064180173455839066046333157481197445277725781861922706915062037968397015665788006908733990768844277864340283
1766291466266510389192745910596193938476985375049555662992353381171751585755116721247442610978621930068956576224165031972
503599157895979660248385872327084037766527454331395365919142358636679137410723377439322149218311626978961460699906415481
1890315756084800192047977399775798334606612302828818325512316354152539292968435781373343378476392800698207639649837841846
1739356734779730349841455667553606475769651762177752180843937117057790775540649310928030721864584670969159906898919602126
2186778602861071109046293186054386542210535232214071112272095224359332214416882817606963150558467291343612679646195358548
1156211754974014589501914184031332525744324563990901424911047538333613563500229801068841368212102976335180440860148914160
1418121183455294813157120014546936848345515397469270548829641994801476478187078772576635075772568015971916288099003525252
1393362065613644519167797809906016749023812827463025345099334426764292773292436827827941428220278093005180430374655390666
521554949957330873907363802271643543672937631243658705198967939504662873320612554791356084237108967590598684314664567761
609328479755877702152620721116799740056245411891306465066655956875179392234814140280570055020617720555366313764389285500
804090420603860325377159767293782976842695273635366342898833789286392114776171880722331137529544234274046286150218537554
2265563076676504444479162605449359101745819832076899225301272711638442225145842856468830178839903356307610389890333018704
894807215655190326512117938514272156706236984266149995564707618113377379163657257886679760063111529499212546846812511458
1773434165854858360330979739804218392688586960277201210632164615148051924740683119866596900925047428971985589908512064918
1307271180699786022746823663741027888698285597329939893971401723006898989836727509138413736070166824251059707353616536939
2376547763049981380572169137510301521614084405871449050048472908027672800654277301119840311197669263970341570265444131380
550129509264382661617532063030301773645188030983573756295181584596334599576962083627385420969985205533857120474008790898
2216995398523205773248156680739603145134819361357042350293316083489382945015092014853459943066932287080477618427048917770
1182530492233333085317786852110016445152404508828070063435302238645590951392484214215945521024152059318411289354473363089
2365867954803643515977031880873140125274003886624520902511488133636543616981515127773848977860154513570486531519247973479
325375942609221651539424004578320800520761438878798645443008632149903400448539442080659901201563226937426667130850379507
1946715480275941607290492597897957681744605704279441268118537280756026910213709337892071649754096481658264262608905816318
1722052862145859744272531435557417437321789325616400726957762836248798623885766082156636629863561172243739948064744232771
453137771472274042612099193870095716106351374641676817395946761870155334107239206473207833613153053667447676987637888322
1551145527998300926090884631072434080241462629053115420894180162362048711725006167123184107021158270127835770379762892608
1631695867090764715664712534486753372043631032774718195972866355824025112884682933486081871125749383751942426139519152215
1657331572035142102437255020069289545411057848480047889042178014757541301933971480610254749259069144472822901554203739874
863275167852718804413835412362346987869832817407449159156451553561715275530279457128997890861668309560215301137298002727
185898728521608157280653679738028501497303103549335481014873029336873006163473547195515659678164328976218327452582093928
1090221168466712076114496287474332838797522071990886375118660276564210813626790204593040732867708663569871661440041085420
2080104796769459498872043878192116226218014064787401887444326524242305871701036207938591118833874569861495842872252809977
846573803772659968836705544635071334740706838030158019365654760789168393173141248307149393035535074957662356803580703250
1322306001795444906792094438910793260079205537298060729717973663001823129543397121995433435543727315163480351619808811351
806765114327919054590513444906816528608967328869203514186093948869481274738722249262141620208099822763630008415595656139
2008977152230023531653665886281485256170277905473469919208376372481412637478449165799901149719321600100401906070988585280
2064319623198205444715791894347084387267684791184747024707131563210600055657226997332086620166650769656485132922657012706
1462138434223195820067534204039191376094266341104504026733009816101984096493379741677645564115976280849756961739004828054
1395678298115550819555959540291479451367169841352484997463615579401642128700215559606681430332102004936273181367762406365
1757598227907233534706413485666608850100547730383027059350442072557400336506361472014558682803919968998431650329331087779
517200159955595188501023196750479304696107000554383640980554333819138609344959008412123528224754668740582589629127066027
1058140616667880162538259495367473823430082794467502122505645009835242906831264960534824664471192134077247787841196766262
2484168723053546294536241709595486819251717532110964883345470438855770481863559851103808658226268604929727290614385831795
1367309095835761618250031072918370850629574510413787283012875810864977001774096756525042864772820319099471769878837172264
2085484468817150401647746958467503232986662585773628751282447303229074940377080308337898353246157468920667642365122115452
1614740049350449634351706679906082714574752485774387345424195002403351397542724724257799730946269446910303961379007451566
341818519664488451979570434653887236401951697524758571889107423092220046113952543177419454918421679813900167714162427061
2455038009474756311959507162109319748233635352260119134386871953652701557823202422244559373748139183723429433007524583994
1341132220547362778197110314264407852470014423674279464514591391110781860963373939652471636500733376767610931444267877715
1354959914918947355565973005735077513249438953368188312081757619394397819363752566228027071666139140541078130585624999144
2267769060510273828126642626872047455082039158051858137455390418548122442099883736017880817624974084082879942213366231312
580390832990885672518771290117830668218309075985374339552204103296657350300099231168036747552267842217046122086123929035
1732826481219848547854718733604751465069296795623584887831729975037478319523722331204740136004520751601417204953575196368
1319273336580744257609666176921692811722386437865172635697827674431673168667347484554710478469487322478460095315838693302
48429937518218925986463064202569061525603417107145079438989278010261679084942263942756298029021658605195809479731945395
797367742751342874028205735051919760816307684007901632173358474884724534598733992765676237522322958439526327003746113949
1959846075929369626158036572726624472181461493056904580240323684673007472710729472754512674421140207979660158318247433638
1510185192731906876677304965894256876630500397721598969977799295644002589132286508000640082608950629541247970924020017729
1378927105002259795681261688365463088248182917474177217574976839628756089336997989960754140254716951491054718444075842524
360074414851256946863127280813641778565128074070245149818229879657616581336924877227814943894793113691848293718616850281
2383124926167094256447538734242628658591497985621725607851099971282490381717373624063265675916595929716908013958052406142
876984215783705411322040100304004361074456496172454190815939150453044614574854991978676359283352548640345979167816751779
2181914442124057368057042384957942081542811657791784646170643469306729635169251353144361786604973333609240584878278119790
2499242270316379200980402310385400590815940150100778433698617504364618140716287125731051917060774338404228671642084351815
1091868437170203932747506896126431213683197999544177161351272743518657468493239147879212795012605986632585548519312474502
2083257584601859756902829476989548484812562959482438468456473288365721565335320242340803435673497862801985063692532617434
1632785281884115376146377688568356423485881813386927938342642595812116739903717155979759536540747420350063205317232190104
560116654790557477337767933433582617585358362616195832986604956741630474198347289808922768165548418933837313963710387200
1358316107190131872544288909163324790984701249304207515430533698583601849567274915353310708150658035400065432760694086594
926583589920485283931197487942617002745589364843589668817762208149390616871338654070868560702330369236765915119432554137
546080824801415583824047840085057058043615537019682890096879673261923429052304244369880159074461059881624402963233065666
2505423708635389164889484075168596863361609640728249640485566953540551568416417617278070824439930414664589271903429423418
1798850616968584399155209278624927329061173148501666013635548385445778454119449833670990525389881399803208147103570324108
950524025551637695467754035297782419675300639075277910523981886857879475000396069244048853723726572564188840917645405987
760298208378686359193926956178495389645391240073000281661325634989538864029256004915624423888622179592271397711767678816
537946108172786281973895711380659351198575614679677011038939458879917709294314858984389247119121416884636973382248319792
1079485839365799267875099606528342610402389760612297952806748324541874901556147300366621102640312318927517722211531555656
2476553632725113460743663472321072795310074827498624448789242883847914238791287354896265559603293858451810449635359141234
1935180055981018104779195687532379694277454115321214390836128660679349446249423213164787008908715134693666873778973134263
1092690975826467136379177908187990609149271817655658092971942088278094209605347511677028296110255394074547219032930570878
1981327035139244145652411222888367561763402282672515487588154935840210599516162091382362167586705090060593418198759839828
536839984071344608168805538232756980283415746118360521490176117435932231791230861686707869956339535362401007008394676106
808275440180552811151702463534522987142848965514697829825987751637233687774520519905773086248249388404457888094660498290
1224960876248491547064859342244625294256825407298413609021306661679304266357713527652211939105729075015671105564974091937
2301398494735360010568082638891151169849484428019863653593722266012774197356112327825460351644947265956991068953229705050
170110485431805402397276890268095340496220866141647253093924738270460481330844957830860051407913913879745268926595388635
1349926968150557282438598989940650231763485028220047577150904141369557550380636889115526658192455224481317065898001641897
1309411208843795455566273928275749362255142158212031798711239652289662165152537324551841034609391608839846044782056732016
2208146235433403501621967729112393954284686155743532633127465515013861574183086855288681102600445231050759268739904808394
2031959049670104116361514392731554441919896402799117572242873280271819449413942568200150197393246109088669987691100259743
1706526708187349086269917318601060805793785002915740939540123902448450147326354244886768531855123532359498177459448287732
1409394249200714162708659858393368586155834111045575450223049619640608484313217695632099371376543987180808116273684137620
1818719015790502732437148196603251129435785723261325091451250888115151616459140706357036470210718459348159575093448857211
980535906142590124036338487171852237108849925099825857693373099427073751825014302285714705241237326687044428587706114593
152839365960600950771572982097645763793103203294068004606226035489412083322418793914778148969692313433386308780731257577
2367388968635590530634677522704393892941918977980183348968869793486319237759583671721055851205897064784699047914150514241
2406747892219105119767003127097426404128913273991519436765420196161878485750810425891042567147405941169651333176157565436
1576736009411231147098557654586895063397259607128204509952555785180252980633642387139302668154675163409184899059899601970
2388657871076527901574653595092407945232524186172896430647670233704071463495229349296738745058731314877340063342666161294
1769902577699548535640128669231138723445436852839504204963226359582712018223365097518629782549784559602058239274926507518
2044478188846889765575722051893522840083538844192605659447914948702391805881183054086838541964147304434745382582273695793
1915737986394896908009820245821483898026748555715657979298304347594443052210031669499024862271426806399503759225726578852
1490355800152710400752908782110408760471344038402464653750473164439452613009459117704213047816454945833938193290200595489
1284734137201822714365836204167400473807054015872332597927116278815168350063153046219605080661297615106118810785601144526
2270511505169375959764591146214558023976624552819642018564580965263935577446940867424660786897348041913502281127422848996
788769346497469208457043422011620234614826459366425606863357749857120651081470201684793959595364546030110243703753549253
1108484887966741499990446694736227872769955087930258897269323286783594835212538911848807512645469699974741104656947068881
1669509407451328680516661095214600084457575645691153538184847847710867897614404878903136563698941852061503934587577069107
1422266900913000090179700512396805058006823984368527824763777968101428217992155503777583197447101172514266054950237719666
800371332309865261360095879906134083711028456401270595627399790562286574079298264150600941940970560888578537846880601081
2389062103118034107241075192966206444646641419861374266100261204268877053800069515816122489498314202178324092259793488996
450030863519663853491740838372549977232420686123430745523290622494008566616362458372038928188648192355389457753679036782
1449028732233728515631694863828196612759273568445172682588840730855755922518092538007015955004484792737010405769603291775
1221021050917990001984741877556816584798411104308800160210129966874277358491034121319927719785235962796133155627422933738
2014185855969242616680820949977406144576174863446968920188746999637596715659164481240175085489680516627627036590247613941
738628203248962473301800185466270396361702091989555941668808833771076220624198330635341902951881482772579401359926455635
2459544028264912816939778749028012156943472257704909279390115301908637810106974712862279951435212521970294308812122745748
1703394004061351704064507954271918209736081138842984681718693631165109764919663768169749037301109992021906130782325366774
425721717681737536725931038888614390025567161287951819506037176195909580659498888282595760417971815848520889932052089808
80523583786918638069608233033136507597589505457220711432482585626128699304003848259929877541799887809304212308695318140
2168902782256736114945296378815022723037968358475076328200359229274318975398457012501599503673926617939838074107080365319
357095975358470684754387579180865372355852600959903123511233890457706210547434373225408757515805981102534617246222605848
2233843400439442367926847686404034809099440811217245565759664905500208664730168852515791492345856408190825046796410028461
1813543820545183844261172396472033924767720271390752044793341084479980320115384017880911760414515877299775635060770980166
2191300361469622576548947713378556125732466198129435858379485234554079795455054264732613099933508870267768651951223826804
1877672406319818992317537942449162778530687261301913181212892669319736756281086829094101493764767987200308991317597612700
82522025560669637425752280550680417381672992921829828035888428504151671589383091246825196693216523167633886300333656917
1056005832474063372409171348614082385552488033179423651811632509552295278596730106130906449100995208625491082228340148114
60805310826168669823382006143478808567973029955423984061704764828505037758966182119946998246057359616437483039077981814
1151118925055324425733191917920973638855494809720664412071513873439681134177642380489465801611047023754046629541463866586
1848826173834455341005904644805416731388636473649116243145865964309663637604121942709999370074473947836688176825405885204
2573403762456313307581650767415940654318925486186906467478461005513516710666639268075336534840456077880720172047368073810
1383563514407708510736852074432613114363519235065813955744137568329848560476151323925507237026730457999702848117073682485
700459008462286019890119585342618161183820691670388351688567850809046111298193499751545445550467952289332602048263652059
1417652117283125356882889219071505211862202066620746162313826778374606357624011290160903936374001478031481112194659125172
1217069416497987436278041271551970036250758629345491711290716689175166856869340194386598067235811418821822478289583917813
41305105244048114602707901389842272546876376052274025389799519720810015441374981514421321426134285477098847717970730903
942401585030491760431731831873294354242234231128519429955724753595289158856606568219771381935761421896870372594046840444
2338990871505651224569356784326201090100429692232155664995120641307876708131892830344043698716426162720420331438961408676
1353095951662189969712514387827142455522742574150089810782492310590114029024010924409201587263558418272392628160490065236
2533982041117315710532990533395241897598391828973133092385511998492883384768669948714114354318508457456497697182634485949
193179683432846780402054340416450593159398739913201348204694716032504726151385040432011995249099640411583285435186066680
1412177157174618077165466796873271585856693285591818712019003452425178028492699843360479112822571368568958995222829458480
645061348056622519756398805884242935378927549958914690610093982594906231067378162186233703664319243031139196257023836992
1851886617671883849766037144051290983433631192852459742245225905871822056966545088734906349353993474929783933530905237338
2445841103315351527944441395391356967021460745349732549327494293172970950213241686776929142972174330806953595302509567130
2465096072544937746984712873512655551446393665037414811406420162118167001203447293511485905061395869364102155092369750330
1211314184492747684333829121315171234892513959787726723917354778855012545819445584440544281183271578959631428403686545524
430461715539387310380316470045590579349555539914282756416536201215420904797586838486533992038242833685302661812192301084
912711554235853754364562194006967248976974236456429741057604965681571133423693731122410375201882002519152961864324327798
1605123914307121263651025784674838191042032545457548593773172131732472849902198278888167181060315452918956104499915091485
2266072135590104787563392465605918019263457950897321532924775643284719851984720538767295816141103947048906959221787248933
325082430623862741254884821801693397164524598349626287645263185166599063793417319205453807966748437251177085718395637374
13222457986388920110406300454948143373816077335154699324024423398076593537628161197033056361574375164785155231279547174
1030479086552187885258691685529233884921472900886010205306298209955592748399794920151912216001504832958018418095199279937
268505071987739302078949295799614785943536759016604595573302860545222503691571431831919187250544960926776922695211689190
372730107660019667412481163119609651978783807847380634717992039948326594368445902373668178967277849015818411438694192690
54401325574872204922591758193185057351368407950090410395904380632976480763396395963974945348980485762450928259762384966
2117844602587376050659022865069158446996208478689603536629360125102355499816137356845194427790845286556649593502484444793
1293645186615645174149351626817063091253941414032428380106385684389625293490671480100461986759928153465548634661535722214
1389034409123211270219881902683190957266979751318536685517033915607433315650996313376132261858722928413675784590831251844
1959032646901504823378170359897315920163066799118984799683577985321749211837144331631778181859787445058133703557708767040
484335324867417940226440144331412241056554839384996120311397239419508375805469827957849624917994559003154231942800923989
856364505970129860256931183398829026831556112694981989761603992236457043467404370998383207828677542189365689067431249738
2101704983903216752667648148588830273595061856340428320739551096713881716079782977059555465172701069034020623637511009743
685872557053108652428649064469481484996618665494782533357838563243906656346605369769747826425237235408148901105498791396
872788367541836724015568395895580138568975034551190828217681355984036197497505273076172362727704626810167838194451723392
1754597993745731278720735383365951928893454913729102003551172485697915658174971863797661091332446149261621684913381937722
2388396916658905590886374110691810425700839728226055982280814986472603910720712889865518131647634051802525915187141224648
2358759230355025036437553834755113823631938855663875506567160522084799163228303739101635762637659956314666065832526848753
1480599097239301880382852551382302995532185157829396265834046968018867591330645415911962482846070832973052661248821461742
1188273276516887578133409191225515224107462929267787739673902251666002732379104798536835450897032111085166153966147281895
1727679011185606871311818502696197781914280224644183194959624877133281975331727417042227279062442727890256420283261131610
1373044093525011378414277908877992930066492798777932414679747008616227376788319589870078271237523137521939358154331326624
2110319832070130691751430538989388806764301256488051685723139572520506855165794931373429683234879174504086832969640113529
567420321607093652947067447429801988400501616125728010097610979908296408524975934192757334211885224300414044137913269022
2048124821927520476680891663619913854763483606072877175550656335443121770228631895722873701114523015586479451052795300664
1186482308832691000654145030057603389769837919701913757111711617705157876847710046951650323194266938442101666105792927900
1548647863017948500852284368622713189715689782012349263917948697407928995856508531115879879140926825816832813323658535685
128571384299024244061304039874523377729854258054075877137261378223770933926408680282093987747682833121294594147684530376
2536684573241988358808537120502591192824967973390159998237486666006999330791965784950718176815226899559209393788665621683
2100850273246303858241799563074876312533229206706744408683237266309377912841236403756395648763492456384958679344208712580
1540731347980146409165341183734885233374029692691376521082183850078724631036270220653811697655561585151825933502655712154
1347973256858395239549006274660134606808669102283619654446916347995955266834631500381161849189115319323481230935472284649
229236026451950745084325605304092912539441703996355015951873369126038083122773762597677059750580339118093008853119714551
190815141074202486558449339539842747587260196342957756858991399651732141919874321683725808147035526258883907893250101897
1113795668304161270064458876489586529012310269984808664834789145618262006905927107624047317132008684487908629596449395361
2013237334000763389299191865888903469415445214591356514996348029595768780178360236893575181154118731994851237284572596572
2399914399430288912493792360412823206968771633965905610598440049084931900240646646409047716836345628828761330061771675283
2072577516966542304507007391098834765614620193231046228810339071816504081181068337429326559609836610140826178430262950958
349942210885201461144312647430008756689677697714715302434297937244122628362272735321417653982139175264025546843227319897
107571971398640926075762444239789125280474756205598018501404678273681542627758739550649712431653639089916954379391478623
842455484138524084713825571210793203058603995072246332289636582464716289329693869609055378396381702764805034570964197854
2111333890145791488057780884968177955681560616779845336664140001301982486521541743937046247043116656845785359311377275555
1136335661017261744030054553912635484847724834111332907501317809232360600122359597923067697490274781711343203179360556431
2395197555236010540357357412466860151880086518710739302676239670459241624634608336220486020698839780241058455439242136220
487787114879223447897157793704909612383815018312004173699342177780155124643275429239544066857548368105490610591655664453
2505767430522390027997039996948687901187385990560949979721665157490068991480538558966171061028571251529409268831199305201
897852673116635216197115268501277052522295394262677988834343277286025981577485377431192639996104033336859400529354909351
1280434355457688736408261663027049864932924108674382235653135949389077567925532672829495232173577782506448882676206898683
1045686135016870417356279989060567373380892938567803335605488874173343727068499948115709722207079461990611760567395582892
2431674543956112592540136621129419513998226563464358452037185825953554935704731861063639094410760915671803282803381278901
545695966505707028049205316940116134415003564384772799558282902702120966438959487707827854518348184467132812916701504941
1491661670919745671858632231071151928959007399522644731702733998061092386558183453040367636754327262102670425006009637025
1091555605816413765753000908430431184907272266075825839335557150607711643578097562967769582316625868175125342515933257406
2025905124112085077471899689590471163932554548154659006185845442045209651328782801004883225691999055706940990038975708437
60104279960820193625400332411901423115889367164874100226234864989803319241133836350856213755310004155900793974849479371
1298042296000006287823733825119500560545184478692535418283820971686578932046771348717867938918404730783838078867622124152
601081751253054435267301124882477003806340356352076725006369486257679235426983688652150258861646014341794075603124639868
1550358706553496588369882821055490824443613411063128825250690638529559319285991121213685936592469874806954620451299817532
2363821844799117779253320016698512548111050263764484486663481273693838880089064859627705539370453122797620895348307581452
1466967132846658828369544232415157329066224439899150834418679053472862799520434273103534767927188068328071191934396664339
2265846259189749024377855810297649895982201658596077288633058709993501293501557245870259479517006626069330700800400815649
1306638011289130843228435970516062836934527938695226446672304645791846857864396978748801337359084241669660412358481579175
455361962469146310575729682518655804736264425652906691803648546448614429263704700482773467475849059415271178032122878638
1368667227363213419592287268061344932253834973517861016437602054545968131528373761716356021485983120156744972987082148919
166476857645003098252537756690838764173621151173657814866434172609655972836515734558605268662608300111273817003929005557
1046909236525307631906714227990863990277304335455829327652802199447127195577670446662729964899381996805790142996004309187
2141337160419484895673160487057635540017523366895377783121550846454615880963609202646060382731557538645686823972091017464
1499028085919740334773145453288985410777330614804454509599647251371201177168806958528016835568211407698246521930141702037
2032736559526610597746819731813836177988365270640679273586351911149512407445314946305347642093811858218680270741711388255
1319996570033250309447500969579211459642063075119525352266836675653919469655296410974538005966421376655658335978382952474
1615254026802906165023682788853082902652668842745269576688853585434434013282127290446013438200886237409992641206458881857
869560860404571226910454504720102015134876166001581087329215310108159169762953182938433952901803955808673651811646823800
95312138692666918003275466023610391838725607129355682479361863779616914878418008690868826291385856434971341562929109938
2211626565528422919880824377472115084600940107654239506387497182014288458339537851281226499615172452287477751587097492581
278177243538870886039338682720977068360510831755509796293828170957041393409531024549890967807404015765853416387179568775
1734039526433057758267578712627006400722610278077763197365691048759479341785285934791975986395424894834360010601201208641
1853615715416204912338813237537836883861825349927032944408130791691989242586681920084367197660011311618416263541677544698
1654984245273480448726375125390577849436974961256776771247587199803995711477547184482196502561331670874445079706512808966
213723102678832259022343824311537001198111499605608825264461144988330849714408172581244829553080843983406509067816087105
734761976621653326276392753040431515710996301625304061748797595891187585600347398917725202733392435539275180776440025466
1212597430713992707548144013863007349991258540272716536047420446859169464780705155371996900863614770479297668298242306981
2377221998113545653020720318902189516457314789076933492415344863302655421057606408090602109790930698119788249434209567894
1847572416301634290288130458774554043699298109098412490931196314349140018524590250861836778455137823929636514104875710945
111501038055547094788460091727805719994573216259517363919898574876624399063358018533850367021561617289442616244324578496
1747310792510089376680107558595961144375897308078806066044048213742678763131862674601014061470594055814853426560281281097
811515790038871750002544376975600519876070672254287890670587026269901830804796538318494520126751473503286249264901769102
2163163211307976284520739832638105092472506030433987499513465607207733650136126016637370764989948852959345475862227945387
1997484382232917900426117207901671867183377644257632029472096984747019178487181815654656194858516496954998767071817830969
2564453825867508002027422199339938953893498306865034878400122912380264043688991586607884971328291495242718156020456180685
1865416552803944678997873970605847265869637445430722483657552150734575991850079758079119080127011602495088573855493405357
1062946251606526809119242199654466006194622083924298025139348034998870934694011326118422765360771892722729135062646951876
1511801791976635035739803652046217863576132080327528717438560933107978312558731498395693920487178639546845904328080045139
175353418864558679644587732694861486564311306528805128619305724329852165304509887670618959112391473670889796176817878190
1680965166991127328725795340329304598533425055174509266716079656970728719464302585484087506485128940809901581085630643777
605804233429171547889430727728821824155596163132239035069905937856918566599710392251452573726351601295715900407056407121
2199256005497320142987450923112227140221798849443214467386310548948583251774811502554010203849960856599306696094790422469
2430534638772875819227156917144321900636491788099249218875277362759978771753388291412057332144250094813334587718912783662
41158824476987318577757138947937747112893009959232147659032342696296669363390545609436621200434682695594803762202166155
1730664058244065399860996891601179998082943912183697524044014061809156593763701148441183890994282038783311985950897407114
2183342170953413012664295152936485101096356748644771924923144245681550401600616645702135229559915369344574416720436318340
1927372224556963927184465229141872695058175167794302229766145395008988300353438493049023633560055738340212636992894909565
1217239987512314750634186617762512800055858709587475066796498310397327036852774318742255168656118580526299407899840092146
2253363898021908014921619188625778524637369220538360235140720045695914073253126332392617682891292061702594579958232309932
1728566978799585218756426065605544568166334112001437810314307827513977634815112949736696983715713948753723713993735099888
1987661895936434025270643317675332357403028698889380570690667652842820158686847018640590638422891550282528624467616527707
523297098752669179914158879411581015802202968510179947374771274618276923355597887436256176623118805577283943828989487635
2476095518212490055363405847193192970442326780848492197842034843817352641534595516737653347756216039842790233459713446898
1980548155092720925725839287726089642477059293249924734222291723211584850463002914723040007382261799093432106497110714363
301942679246802942402936103432048596515523882084961385393766259989475333545419302028824675562912633677868450635992941576
2488449861163951116654091734660151727712188776500349073069159329954912986319495106162793086832613858590240011849046414589
2254764028273061605965137504582581837239414717348152790684224616495789331804357887612962235688308281912728994285697952863
1489827081879462147271219879550242361254277324624791006613234558960411423046026391407884696188660273572307289252005171981
73455767859993508276278085293156837574073414029196318228066763722259312369099456598236874776521258699552969272885403686
799413476408053646185664287228090676574514157207687574454592151229994717847068757098050106946968725093361764939337221013
2450924036741091968165660276730602130588236492051892260527258008103463292842708362435470917598371225172529993931302784637
322589289312357307118614718365994823301090198862661456824526505250121047181539705196663600054858511360593394174492692513
2383670211031019432577448507920455811677193324719779157412797225714121864740917713849340385449515589540644540466860970647
1214465610593844514305658565003419179471277240223501187734960540563015039020130481922690171226934258961689611670345707721
1589154170332433196447402075843276834145983756227510714001419322738840668073181407090841570483308342508352406176377134936
2061363930860811976728858034642938363837470044288880259679675160248087836165452098912332837794720528945793002048920421227
1937872417416078439719637662520069316126126768650336008047932507178321375603529627810575883954783043375446031826155391284
671902170675990612872077721644925676652913409450938430764468866277287887392714986221822812161938489808788833084838933349
337845393999277106960164975994774917978046563502733657162775395229293140176247874186231698985946979225219548087943446308
1632926948682568685090939074255768723391932642068142708106041987929132595320155772916757225746044282518835749692782624984
386388854712359308053006792426178956011424555052528684351717673869646886770839075305732075494135039161574788872839233930
21566850232143557100357063569594950232136613897995271812877373612480226345732031673308122125085754115565440163700779630
831149380097186317786550805475604181183432485596285480115842284051181817367609961073772765071557164855085032695304105787
148550113420991737422077035052401804834083796077395311312866675264573288077615147878580516830347920548687277806920389092
1215344516845957439415997053903910836040679532772276580860575312173017613097497656376600298542484065278932584371390494254
384142065287708996458571562592396072941861837452003654529739503243079993769531412933146808067180247536379274201842216265
1275591701588018853371907655994532942643128223079108420810673719932397568561716426164698591223354295577061229331929095395
1832978891502961615177720461532479759110292270126708430567735742068906796278053642505034596762425399611866915646866179753
621712205848061022532497421512088575572052099522991423301229882751761158638178052232814338566561058733231651599877165319
541777518624370480458322637742462072251439836806397010588366943542828408166420892184572055004977159672024883382813986077
1401627158434710551814383173857601932999950891083795174900119525106382878684024594559389405431630738832056783260648271487
1755739270624311176497737774507325826980892520840550469812355297890176875733173177428685246592663910246914005408973583550
52717327921215558086327401053950076059983798040174191544639514654472311190318901916756519793518571934208657864862066802
708237827194152925475574131886666379588821344257224843628010581560880078824988962127093890788106854131107286909876767768
2387409053113693341748422171210246993422652607832335309822676730496727383261642320459286231618156355179018259577116757870
444015211794288961591762533708961685989363017007389768763051110048558905076669502993683982770498888676033122600350159778
505608787072598340987526133143021973788253790663677479064332662860921907526255182995141964485550672631390013528819953913
1216266920052177063554203199183886089826579933577189266838711659408236521472310457403051158207074763629890454940627091659
2566738254337367027240463317965716568499787764143318336722742281026255846768962939086278672471504059431359363639347115948
643709140094774827688120647832497125803316426430127517977491852430504614950054886003648444928917004278382628658392060727
2516081911054951777680711864905761854473529368464995359511971432049860106787043678708841504485666320742505600428225698159
2017843601132711859888054087441658026566884209134608683423081360006512026225386327445944992754083760445150574735819037269
674123538932286448987247712048412516674972518533018456780069967512088181560340503104763611774659348814370897020770890628
2209866285210972424028227153046623045804305036393463129894987147724016950002110949692323305670517034542244330803233961332
1569709295074183171919092122305106220659305397762338777945082996202210557251595698141762085662882487364521410720730839422
