3600
~
200
~
2
~
796066487207327338456499555749955037729961571231288002921844
1080360439240470484450066228662937271723354209133181785990464
51334903294024106319902284291837982954943774781620561107127
883791102283193344497546880323200363134803184522946855068750
1413284645144405220024099934794143019852503022260227887249265
490024039037834222232067912910418687202175328564893989054102
988324079002352831965912197432149532832485266371943384900249
865931173068964618009205730350498012229018080747464544383149
332011598630061861383144457569727629314511592130403516650400
68466677370775813065936892199690948930993014122552428946724
1230892134772738087733096936506714842132230322626152074795676
20264549710476456853508296832735690045224934322790424733455
727099924495851252338476864783437260067185780493506935770963
1221658130158121235791704652685286794533129474201785885997160
1367841821289819908871008558582405749500134200734586978333714
1239550472765934881781182590178453004637493495456152829132322
1275971255776105873307244529508285005097434450212330450483664
505546770499081366972224497891916658263245768296581042652408
724378278206904025475585137727527115935894893322519417869261
802948068978003665361440703702331634734520466616882903855314
50116967125697080484606470996835179414949157214244917580872
1477743584321105652961637948445859665322800833045193143762456
758014757650406406041001453930370935106404587119465867379488
160337879436638312564357921592381708181592702698234753912656
1320671174966160166617475988434563764382687509252102334944097
689759339972248075553413572623176637039855136695906002041897
260089668328000435274125786456580980332533514920475602264525
267535941328996037959250305316132953421448191014085071440990
833843900681573825526449556431827492121131004740621185860954
1552711594471326054140041917162354186990952970240195954505924
1513170285886177543652078385436944003024957360625057199613956
549428652023644886173679895128652103740703494986046413955455
1457882082205402809328206549417069165641356015103182244973568
1473279329553890222355063650736333451840108739265781326882559
591212068523278727784444333245026689657738111965663327822979
1576153574668654593940121420154233351710144629071367508757606
391224708270704643018569593018378464768295643251021143198922
1213954556150944800966809074739748176550528953039203226755522
713128835320591744357515983907564409987834915378537630030967
1147049671533540580692881022348806078063346565423283180035567
666272909833756843895371448924468037842543042972614360408048
597401389028257564944887594314512860692480481237285174565300
1555831061229827417749661655311102739719643557871891185095171
1495697634922198403798975072313982015547454984096137735301882
285045006701189259054102958379322086646689822801168154060508
1544308149142837363685941890050181797518354522640018315700366
776202086250973463276785665861262024113156735241695910950875
853867628202105156055655565330836129362375300845005691502380
814448185462058897467514044617766661294043980320510297084048
1513469699923312651678858725441971786417706643068237181233728
856427175474473594376239716546198449541820172684504590334053
1248769980647688339723691823246885058400050241745047748207878
1597473512116206266538123293255284726160145353304750391836693
654347271705196856495656809120212029641666693173004854187734
423833769362323586655307741327142891543387346560402017727684
431310920979117242821461249611942701320880081031838886800746
1339091380271173609174775982802493289454333531992812300048303
1321882899065614126946519557257959982244070776907949539761756
1014409011009908730989145804379405792177988934500171361381095
153120664522664127199846006568243394883906047433502816159691
1020010000681756120418572584432335173082653007236439111301893
1136479702071510139531127329485522041108046377140633465444640
951578573504968115790094239960565704067001560058440220827352
1339948648158758142309693908615179026560607679073528244796433
435645557175365934387770085612122354022660172478041736285557
36157611054972904301851692681484576655448454165774064020760
1450337667967577058784883402753049184817357151770163303285978
902028529893945909759231921852932880526726825214677913074433
1410094500364401277402149793684092105635820742015804204840084
439314300932622466416538515900056209008737128299120672259197
194990413823151618638376432982405898731935568125709045004458
1123128880935914783099930255953932401859571888460207912685900
709778115256540450244031558949115153569525287441650497987124
345687044908617551084060362446613243203522182585181581536085
680738570334458522517178537296134537096721809925638320136043
413239877715808624196953050724197411809851562684478695275395
698613907304043020002125618278043891418314305421486917730753
193251287592345692979683533563341420468436909417390295811371
149763926939140723687240576214194353364407745347539591519416
998528801465834277754799348581318911918900044028146972549512
1290025235290505797154940848541111209177050451705125710086238
932769460765834052317898195389702287023163466716584285802331
900246083982486188114187591528062944372516305875997634573491
1322268780796679276879617375391156758113996031548147455465781
1289875167200106001214899561580239722313313931748075840102944
189743406304441791726242945343603874971737758530930925602965
1399261944868474512871813571640450717053242918517017428035232
483167288568807355681119576969113359488829262290553559915594
447854487837601214997175242793849321162941804755764535291638
1308982825928489098882241432444364545785730658888668643341519
590663301420920794861607965959389275190993226255835929697289
320162261785747158116157600072130419865601134568802545833164
1480443740269020284776562792506786252352950095042106358678909
315996656105094215579807846034099487459625882334008638442321
131997814562748670789911240598782687780446404761024134635912
159857755656277617869272789337216445274770903476797031769961
1217923349552118080912537856809589880383424667826555096750848
1306873012608501173269474497155193191645730206388329225648773
891253969502769160500055402642200623359510447278890563637907
1112760557619794336153003726969832632180418126959099889335543
933738348949907134022329937929308733655825346034175302793144
1513621969437284915032856116487839509556012711028882347970821
645153904419466780884713056505007893886788033429205774195480
1577896342441033197052024849022035483704218710945122707684913
640205010079771495162611918126109732616355408179621237005284
590803959695108119490061341096678882169142445532237234736696
1067098397189333125268157263601343785332618390702293456021896
1234265251183450173985161983010196654673324167458366096645313
1201799003102928024457647438318361388953652692323865752869927
971147271825999899723948371256425443511333056391685121488429
799378707506603118547978703180781533464641357391398247672885
1016054095629451717784471948163342070583183959427585141179225
603811877763200047035930712078880973917627533066877079327963
235172359790499393806625726861670546011658958981849917689863
1110919341295120593724176836632348841482611274496698141141921
958756960930202166085305577662041412816275759128700944750159
10081794094778988616721768542469153112854286392397862649770
502914310420678048608482963207097763732633311924111815952871
495817685454339941537273472778828741386948904839771170603781
194608580393093650804764137910576824193700570920459866626788
101601725515150616197967817986018099123652162533748461624698
1336723225734592097571540083797021460081033180101508779785626
1163769034929900470437975164570168732509118653006852647635598
748688862189607223759926654914058744517966830894584365190008
826736022148406830988345642425594812096852210282295769386379
331981307404837929066972973027177492075516963832140844569333
150354221661638895264559372668963369114102205808544595452568
1117637372781293153777709319421117576935661695438930936791223
1455552212824368849090079014005266912689910968964212463233384
947503183540238546195150591234529804663132883849237200919662
371128262886267673089096084850373894995493110946541474906843
1165856544081436364121945394470296860714570478358210574238357
26975187116651059454223003353647741370768116419541906699696
321230315737675965117569065496649055969075049574715522024956
1261002177396143964007170481477885078237881404533776426341033
1107679294016571046548931636795467351258248509722149357631701
410481218631527290960924423264054918526905796036613888630217
1313578454391518949494134003821722605125309093957041891626260
1050072307908975497742226309070538093625541266498464636371995
117696626111901292836480687729193207707054138767232287213138
1516066028872073786852277130561135067435230383966434341815595
1432061149037414808073816588652137933963562639789024885709798
63384261974333986986727976082146957396276245536661680372020
30924031093626768288445915131451933733823482196020897691806
387267199424870098733642109516450854418379785782999930063868
1501097294161169482742656395446564610452842960498938439640476
1524731854615264924076167502759250991853039662154572347326542
66761924988091004945549090078908720024508225993031622796911
254134762192144217631376988867221615476476722876724400508951
1055201409921579945513458934637434663807083030115921507099673
1362442306066299587355060641375981419565530484670746389746475
76780032237807710501569334159458537472739816840346014934832
1293122573653647941558839391207703699535206830972698636780636
748636871103032309162346123238115383216737697641136109307287
486935095385881273748287935450499598734139506489457556313995
1301386378688137833181083290285091809596042259902685777783844
538986961976534094976988680094354079032651202426787963759213
303304940803810000536741035019733600442716078172274699458410
206196120094259446593216613512216947589698205852538875420541
1390761597417476412961843436574576976445173767886731757402056
899719178454411000134660211381988680440813522440829427418421
73541326307403668936234691483752864683024826867496808079161
489478951413272455924264983866849761743214361049258604465411
966538997900132354857296944680426817472133856042104062460428
360723412770532413472182355080341463900734135675219952266315
202465165923928691450913905086194032024683926858563846136309
1283165440858543696375728058590728025483278798787761310476353
306159261176818517160893987577027737162456158259414828964321
1000573048551360032150949277513190951363841182814526407840314
1135435750772794548245362264433644642223975105472556937830512
413213872051497575913703066588987885473820854711287028828592
685313642615480979699509143818034171106592839435363601678227
1396043268928669544522882709604628811380660368990750185708661
1309317877976678934820488865390818618690425519933449001097430
1585596522870078023712434504201233534819538264525048561610981
1167212771244900601419048451902036338924462376515701452019183
1553984176820099437044420897692103906612347617629215685293594
1479911927474219945263234816968886633560017292313470811482022
388058865370861087570351387136165905945815370126821971907429
827889788349885225817268370899263985431331064761315067849507
383231293733199003673315106425488123262307283374277740554254
623724520488885961287533130991847094134463328508637551045280
527352814960739371063037084593215085161225139015513616568895
1136087829499217553695390198048124426894740668283846632420095
749869712076313522045794946872440757808944221228884412476917
1420346054438501007558568028776352950192967646980412385599337
63505157399786163576595751889129955590569156389102099108105
824249307396072097185711104269854877209618983041151194449468
600822289957955920533806981277668663247086019680117534765125
1199702017412229793163721991870698883226462956872048373086465
1329173821031661038685048512739915043760335532391099931411662
946264599683272031206577041529577509024122727464478492231933
1071113025917982382867372288980248116147050232953279680736823
678909237833338318745568378003820211453806738469112811592153
90016342058405307108372115707866812961040943871312656309567
1029950287157855909156828536964642100459800547228202378152402
1441100072397804618248755540041690351539720346099633133705289
1393051455943286324812893053314084841623529526877516281852875
891189737084075205893451307217676673704564540291661854006996
851047405042987931789467168050772097783090398774409596296108
