3600
~
70
~
2
~
858942536374288910297
945322145553387724230
954859382457079135470
669554479417985920850
1158430270184505102292
182074707767791618073
1034370749596337165721
337647662703536468997
1127356943700770676068
768143775562063908119
218880380629060076731
667558471677271733706
647245519257445471644
1140984963487037328854
176581732481924230206
209697711693489117068
657467204122717535826
614184839988573139827
831775191261608674485
160833671296540364035
410476695880169584604
175304902774958994509
504800415186344777902
726988325688221994908
467434610899237086214
720085643208516196331
221664711462935882657
305091094539049914800
992479891125070303816
499914806133090735794
803379488286664981673
187481969236663567698
536602469588009884769
1073871362676444674988
209423995077363139335
773842428878854248100
650738872559107264936
1120228376272800777201
405468181074537019638
606275235172758490390
864513222748862201930
732476932432141241736
1029791201653315859765
338653516135376321581
1058102590048609241545
5447730271094386462
859097423747560949437
1102879606862021725629
715675349273180226501
198613223895166593367
1165043417253211574990
745382090203528812125
1035799228536127637111
727339054135756865320
247629929968178897380
364146914441806793008
592515623180667296372
387583169087179786611
1075959580371931650672
881476404744813030647
845933942394330839319
403291772938672474930
912261623633549850471
1112477153448419569918
1020205872713500606835
655313170794476543032
509891770038060273085
1045631006151659386721
880353483074067826746
1082679335575180037739
