3600
~
500
~
2
~
2654665268809358150500771173597827049637577358556156589927190271051391914253076014443000490044598069824889597943018744804070854743134336126240029859180
1266484530042625373362005797544957226847399295476465096662619354985415509630233745160485148641980255172764180657911112594861890921216874663191798347796
1056040402044167548577666795998316055388450301259261760599565417068499387477362888749025636768741769816480716724009029723593302316293912069485294629860
123996472706646865246989738843527381219519599224541558799525310122050662142789266588366932767408510242218840275096871185651540327916895850739109617081
529202596029534496799067074240330167975098215111588375093246492961917436843857054506366637036277759422762219230487833732443288061491052344386818171513
378908086021533611188283594600180956941173984635183129226458942187653733095406617700872282469473044320268857187466954529231887876526571166354950077446
1552130865778924480281456944127662983119331699163704238923160038954524692239270341142238713182994551498634407765927571865316008637716220684029112262409
2026766988659811529258586233730344488780910546935015900155300879474477525253357183158266803441978162504094089840944081160914374178037019613834671266219
3085065400835021044120516071274007598261926943876580546126640388915692981072362676936019519859932583806470952077254984195079228003570594625773858925217
634678285413139172595957161889769191498284301203100825768795157706428158299722681135891727580613384188410787870150359593256630142432411559959693358852
3110638636111187894938151564671808450509613679118738129762721193818690669756805161907812340149688639031575630944213247737567827963276212608098551158338
601397537169114398513187830262882151373052074884961535806753655644543922221628075423817467484652820859467053945471793022071069136792016710613040198839
2207622385063797130508215636776765864368708615582788176537105029192808016827282915120156026712253876836130260603430579200434769549545722652713357046149
3180310337509535490745445786956608304408811634819220947087553956036315789405247540381957390464312566347641876049636133262842861026988248501831833150455
2918995020314478125153260701872455986644576724517089415734885207285192515092258498993636929723740344643448120315913806089643063945492578905857232025251
2032846282989419103006007815972409174947642547211861364394440931311640221971330574228423304784298399822412083492170414067025412247571136797067745188050
518755423913112405112434211784950802657568512184508981767449249780361618912937438129935678123528650387910943429561074885638215975251835782638758150270
114235380834563908739228922775557345986713055304821964211949004488838953189615654007702556170947442213357417633721605769182519048056021346141880616424
1610268426875039040727041834101807416799362430311609994195145688925738234605761617923874473069918198730390780277294365532026036762656708377778547822599
996825420982939343309927620597742995915644809097854784043331944906907262555555989789165952804821606817007655226997496606561503438535269724643324316171
3264062538216860330496036327646383923725146392224869536879869974943522427455076317491753933977624834532015468657806240361314992019721584242979185833632
495811667186213802575842546858627930395747953496686376391363437113171450679588177646808490606121973627044665262568735175654027551892894009011123874773
451096479086504643676723666245070433078037762480678216379370588072189213316748629507182542995193935634425420261959570878589566598810737603017771543666
1355952942437857892080221366448423961351083075683766030062027997532123715193114984239897824474363013531216413511836854828452740895961621306798423799611
1984249624714847956417577431862551774279277830239125337422705273639121191623554085895940152582372017349528797092309307687325615681799109310724985454340
102650424281188265976383521277312517823931886226730468327243126412411852505169910194528533175403686469678036546501397980382406225188391383873785901314
1037349409097714579934105515151681421990855618975448596857297585957255678776693462008860207816308106904251994717753280983582115783945576545953011101287
2331611650600882963943736026254168792784541644281044225428988423943732461080838711578595208103127882686245253590363070048939430293662374602727951674864
2901447151121388788330478671258977787934048683461311036983795320106093478825960168047476136848647629783851719224017969116159867051211695062976573095672
2540274337417184521496620692812109508689517127860766155189135247354031158332946575019679803820806343598270933342580525960817101501866485063982338187104
2262090181460200958408450057734637547083042174614544836454785272811750333682359608845244193005935364672489677783125162944407494245353966997014126499384
2159999322599514465854496552343740881773198636631597621714327452270756728923769703529830880973795153399148497241027418705682735598611288825318234558663
856269747705530138897176849513338673590185269248175403629353559451521844760788203613645097737137522643118115782388377116981437230874448623409865246085
206175792280673911507791199374622394573953017781202797224426684326042657147618775119983437888670388996519561557024889469822175517368349181391475447752
2277560621300861126181320219239375929421934325379545960693273507084922018986558831168365572356040612581801759884599829834081994534056451759931577057649
668372323386103651144987457767602314602700733129701062421251058706264011325679445765250792768435568314254419874320101470386462479801085441473595978729
1839101482262841487025257864997598515740578119758370150470829618055170243280696700613132545385709403700121183874138058283269665912611214544052837950907
773222494659399018885073695995579660633930065205145994195170614503014155549712780904957247823457575052935102990300330817653477641694661910099343782618
936218152183434319882894833675064672398040250602056850824688977001788551693789311185656415022096556062797822537065788581814117025381115078819582374216
511818379945510654386077479693030204836487558042877371354257817933122753447432413489269281393232364680504279351916285108673233797913009807333317906699
519302900571318326318996516470054017917882113865073122588699919145885144936780122397259403534572758613962009040222114635405672210802269339139564831255
3203193070390114219957286549536871328816772776516770236958158767357725257517706313051291241752047429384360687195870502750583446525206520568687416368122
2156779242543751263264858734740009454839533475699507537804014172646110487660570966766535564243801839153962042486808402374141223949319830248325097984216
602328700651665041290755997224961485227291200354903330180768755116932286489706076324113707534034518145142842291130494463685893468474910161313796940160
586062328640395775556909770378087466657863226825592778481897965486180310527753109327399787101942994374135038156030960482681491132675146892002057032642
2183351401145929279670427937180097344609678711831441974940389101898967385674232312919349813860606190655917344485340302365230573609634143269745533529382
2868593827896226449626881328912667312977770457043148698067303722385100648303761142470774861951519202955939664264086607113887160655599641002769249063146
1720953988711890782903271795206415036286963942383310240317291849147356638499666213707042374237271944296174715169291799907033867773424881303164445911089
329608187878627721693731503812475892989487519009705194115834537498093283641438012782530713017757760727893282168822492233591642682036143975183978531236
1017323453823540952109849620024920707946402992280623122943226493804631286775404340194526487349647170237374599789183018123407602747608883713373047457519
381024900014917679671277069328636838267422767215414950503971436901775341995886343323586002558852584702154929208071449237185033157790743901918237911830
1212533930742988465492146659824721628127915138138627507461206254252498202449638389071962934256811152633130363006638687713134678434240614977901688632709
1528243840447691576731426754177653990084132634193442091662791355637890658730963527791033359038531996940121893418750662479961887911594121603131831939702
935864045337580118626023044951450906577307465268339888746783412714860988641216917475279549839221978237893940508827823743194891324347217747272924620946
3114614043350917015637359682389965559595463863819955592881884400246362941451090684845675289450603509585759859593680152176902082580641110353111216688352
2435085233685416680286035065503282925672553846485832479647987352712969826348885064358842728840550699223399904532446138310786138442069454997251646329284
1283976263621913878972659499259593899260781136387283421626976732275788588686568817796375685171850725944867814833136001146954653539233947736659123881586
2193478768942030382906534977347578952549491612391751050394485804671685881957808144292101644668085895203512972831889740566285885103381960378445610796485
874005965418932790189184611793129749701283326424884231219649993540224967662696903193904936844656959463561812826309364443541399374597414863906028355034
831531833288604524003759313682685795671064782690910490700466996693474462633724127909256406583056736389937075271238261896361752871450030734954445914308
228919933738032613568406713663994272786969841164627197340473455096111176241897007675155871231614948897818246657827926452161333146934037802102293233518
609515361491549773642458376332861212916384469286172125593212429498211035611006566292456800646690968824155443964861575243168648756765957501349172406283
325025880670274933910799044015159733251737975485081178224726967480860422238193205698661342671071436160570667257693565770313891209491360387125035465565
452396627627774833696797564309049358881960300301893963759578285282033661075049557358363901666088557738435998837714179136339475892056043628815874094181
1112131566033334466313893196595381508171243932320682413465519319295139462302571136522241921991480945215555004004028306114175065814920282232746541972797
1646143838105569952013811005387696763061882128795884141135355605352795583328526547805650140687302460111342307508033654825332546092505299444796591623505
1810880361077609512228753118356168716313721365323964696733253418782936095541630282865731365336386673885345867023353680282549294628187945966594122332471
1726698270463599053251840645082257289313171955391785703808372441411494905437272721612829929036748660298061005094713076919249069098023228590419130118705
884539787295557119816887641591804662390181406036299862302885093941116432225481629229797360519009091967776466656026312337092308169458300128019373840052
274268139985866977717599328428446737898240962191648160564333691555440247316967570435875267445158197269331925897228720881045021686080159322135479209860
1303797497177736427080694126342166065231472639170393402367029578583295176761722666923855330399798141922300705208430423212055376869515077987626376807751
3119894350509911933341136266105104865566420394354055375391041615799077795026197269173117912574908342437089519743614320744930315419520762150334106690454
2515203230674712035193936709901974846450726245165022584138185013452741395163003012530456869773503888431670950403935800403473953471405664001135548542551
882912316262782548016487918310551192684196696280834214991751342565362638783094802862181943994532385499208067087257766656654982815275052404201508355529
3026328143017928294445532040882601223129530018199845992435137176170096632194657635328711310892811310931873650446829940118365914036783917679758477438480
1963992528476881117707342054080553578275546676064226466099301472760208202792730253896708010655392331516959855861009678904011716441499287403790105284630
999967702476141510043115823223088981531152776295149181869700064860984924006699383940428759219853973711374176095128229315108738136873330641272981079997
1024185789592637463628094247441279433351129383754624728300112710015402673405606292063857052998147393463992131749007437450770957391068339532339105466058
3128180680186980571808308250499922605962696772863913484097286683716451343304460887665217149573648843000043905703580257981434941497308708465314183018358
409809633432426382779133140884818234528284044094972752048768965286457624426632165950745444083569738671021090676744388523140545687320262049692355698094
1239306901963811631987504281287871306030610318442472517879693310491908034191078374322765389285650780898534705284247323320402486161587590040261786006467
1880328606010549244883831678121216224842454678552650171758853904266272771113165949317254965864778963990121952343781609347420424871846837400213687578636
1025908148271703684196868203525858045206707364866246816252113209417328750454291776994656840237117421734906291335019729186610774951880285874969774344429
1061131584220321077782006333625771970971221188356224021256535755958699826445327174416765979118174652617078827193394867507941523844074712652046963549376
226442217385565842994463620470640954319024876571386518134114455133594289823462176061438346416503801625161394316736229182845598494045543815360545782505
123371463267491022407636860484886175796122755468259962021220324350685760263407496279434781700085302742439121952942731912057052900020173498508728667176
41683251998692979457305131379201464354255474554187948821773546353198937120584870174219745129700063751979656067746299002356716360653450880053691083953
1378402698455341054675010002877196474367443061678345303309378860530165500082907982376987782078194985521016032140342711446300925678896968640464358682709
3141156389174402674337219036184466545310217876232857442028767128431548187665074409272930842137527462855296473800131700011315722353353999007893394398233
3193701123574586764140842247511608996351418807493290640040737927953992019948718765203067518067092289275652274759203084114346191872421523552264287411412
1208974408688450621088515966645232468489508532583633556152618320447979939579312129183463034703577965036894878539712881686431909848847815480671406564092
1323598629251209219281324530806635026159074804037189262699119088036585042323015787519471951483616352523535510338355026720964802794850861484888353847056
2561217234329939349025608591160274612992584442740669094750110297333331601972918745786904447926924860813638114716465311079440670034841192856347426935672
2878830240669014185755660438712134084157963089822985920284056442401511818008517197926737080165952464460200135155295943464591142888884759064693388177313
2401314838745042546858586040698406497452785856098932119913528388104151134485500364996920131288311149866473127457247735353529019512688443943868325241354
419645977531710800377427525080376634471417691487029938383287690337662603987776146302143165507765007593612145294757985639736887890835808602470330007371
2853310067733656798491463992246234944597249204418185922996775310470200005188653997628838497424178456359418196338984855177715076883483409581440680493075
1970137852773287484390914810849808114163051300731070580499794247574911856896973255171267305753177819053677455627651881692394761002966214793342144412942
3038952395106736009156182755861622790013601285365607705608594105135964865690557674181126172365040457201330563707353284402359225536616160566458032606345
3122685676914528064701630521270904461084018500923751353120715786622034185994733290445699040989168371427805860731171746358785858230984450152322897321738
1508529101066839513519310249615268133348039833153152460966137114630272024578031535655320914851925950589575231090349683742188341030821888847540022047736
1202067516851281498723276221322986766971501155032526568637148223039782093343109993690611237200704497385606834274838812191885117147778575112513396905906
2216714360552565042310044239203109506209908224771193742987124537562654922688145799134608832310115930615352459986226137412835779596670704968019755549965
2541458767663756692150458236051211217015943674094261016524998430763911987925646733040632411018140518755560075201614792257201861544985292005556499826750
2340981551297861245699543965662536869359950810175443965526531000767604883405170904239519691079235738297243942105693952317322872828477014552038507535036
218024129713003603337321773087827676757209923171169582099866363577876285284436755443488156195974154279559864865979377862411993228538441834827385233867
1938332733777854760410798437914486591658412935196407573140134469246362304209769247154985837443569755880925080002856919618440155357577937710661474589034
1664465586894080916716538713595345953029169271113766698626848912130084565959454588339832524293225863190542129757593388666871938433811303213004646798732
2519129822684055188556219003990069234092425048757635670794575837230095175950720448989252770717244357523904724766857790283263989893091987774803210023974
2950380263778426643693658986144287078189376402716481590814281731998491554707708989052664352908435068835047945858329411790468625799689423147752171120326
1905114440814577937130338776267436936757330098125094108782137743936602337011407352273794794351487845163736217744801557786875923508895295673057982009959
1001989998439452985764151689740885001968150607687012528961343729512500143547029570257384187990345478981376569417344727108879995074146924676390166173469
2843473531671815806351493305440668755751368952525886855457641542280349646316947162679214487332261959015569709696256065238068504034012844183527733357087
297311421991949053432369416057027390451683300344773374297195964988227452190793386977122287746818301384157929909192838252096153292326071703755541123270
2061990526096279962909810186274341988528463639392571128470740259507799470586883905187222925621966057585352905371086285153278576341709045676640676840457
355930272977356140950255521652132530101077313241008080002360048280981302609307885566704427074554628553361554030214260064500107670046082959408967839103
846691232108925296208855968420457796495202912395111638294434254252844198885767062684778733167279682049206084985884599555062718383662456419229505147490
1091298922539562653492586150687109597121582093947337322076266289155861012149442064759540174789382998532759997478863530913003495488870540198138824086894
2072481496094891163195532355210291917611743851213254517273964343669429376219884253952208923458230557784453215338561354163019331149767187657697282313810
2766019020591738050936239670691554565975407736804160996576085655187657022086608827273040468443607091645194995387673305488946330575049252363063014289001
1958253296399035269232041568151081337713905532401801556543848506179908554041973816500427009523076778191462093567617412812161328030975368357344111422369
1732111405356957975725254267965342763334077010604756656702256503176033879807239286953115912838980021506034498373034717799596830311925141156230772133031
2343071228708419662017081481485891416039043787151300227609448809057511149303703673232231794988551340359875828180891232966863190839591897064028457432317
1132372518679618320754328196130818419185546725508569990368507513875266337407165930616134291007454090259745527748133020207334072520144746633596822287061
712565508931109873105256124031978464535236323482262457537022792897625883454226869153597047875707862703930037717225376783159029435986217908304743752012
2791048360269267376181027989558970362814397895927541763600207615509507163999360245460958843063128193455402824600655088302310554249745400983921611672000
330241053482688613877628149671089669295710020752654834238656885552085970925563037004185470209653019886576615345391247721140305347122692034509390727950
1828423961993325482802769262117393901932293009904393525469194411854153660915033116731846000840879267996136905125594981488238843736410855930041877264352
1747701382839731445174407781876905461568251337032199640907592735318319982025853753533892235930178986256827792546670014054816751797552987554723797639747
2714804842736522413438815685672566409911721262071386943403387929597165530035654268752760772797914970512830607992643434450132834624528579969396745356178
2018556621730562222410060682090128991381939438882336576313984343151563703750420186492549500892749310924127404573794011702480007289613832298687810927536
893830401304687501971055278419650055967221010806985814054352273628904991520553208464940927784494567998314908255669661667403895343498720556502960839095
1897147360241900857016640423460760651020073015403317046858468166569694576070175972112112977743345389373664836721996629047292498917888813963366004491575
2736350323819236678017161999809394495868412063822984491902880944704677002854965631445460606534451119906803988191606787125016340719943130108260596091706
2931551156358923148671650042116924835330704131094337585787127322403087152395339081313119769917287608512321086778759640360447289157800745577530099430107
451925798419605788465731025857012240858361397466364779669660246022786755270013626388856773863462004312214001289001151395803664393082811007854055951418
2814621082971335629105607165735658101165408912198161319206428563894092833952271683145859769804579069098801586436190214101299412723644800312362427062519
2739701968047010834766720375624957262434075089376942334919372708701507282146909633704342176770299515371533258989016881734055581834785730909901033439155
1298312043874162490662827024093991266387573534987905136281026660832088554873032871629384548681448771793303489509144346017365686674578646715370918299147
492254356316381652154487442937439506239432989797067802302328984010420729481177263823019523909044386886442347297240168116124674531150182443951037341847
2847725222656539836798206901305996015446555650680516846573491683038039008304412474717909906748785387541710581192107603748283607518470590735091917969090
300527319052771491158485334001027704250423296948615674117842403810333232139255324169052049552015078069811175899206149989467991698237612084402094989618
386906492174324789683703167429823087147005085944938393901556630170557893402716759985824371684415255372728822075955820255739170008097605278980332049254
1579712910422799131193016291170233651779163400631703757450268169024714535397498775892216742632480907222640047150231821697563208290915156510098855873257
1076737094376106817921178504143596335617777383559007253978634641055168854517067926077828978411128494107727055035096327421467315411868815134679304954474
472977940512175291987158772698825579842339989581701499343949204056835973020473819983257726248502940588815887592496767488060645033275739412594547381822
839257557681084965856358151229200388405509633582442556394886847513067805824184945189412344268936582650644361753756565140329586133359630824532099781614
3122211418834397717294774710056553741539098456149876985905871942434815405288524965554635685551394583945509325533844248238356935883722379856026143177210
1914225695628281466890580485520213854742866760966047522866871171360351644099764775869041262664451973384309772955911703371307309339539402395001642518844
842445380052536581454138294193079557646198712118601914492948838442112858217057333294582426909461996590189017696349309518088395140626260429823060727244
2751851694849403126399979338247995049221470484361255834772158010630887317384323014366131298608282798477806056309935154184302665284040613863195040240614
94447318456395066586154784830143256681421723315196986932641612612022499095197403152330451070283405334760544224381772933233256220766063398200855157447
3233870444180107291137679825248290655928720734481240240517948735994252386118295264770986360407778793915731134052845969341051740512658091493180668123404
2086200037642362874409402608598048318590502338666200214596273227221925391869188001769486231670825318069597011249618326031096882821229154566245464861211
2427786220321153154919833890170011202006853084204452660467911963545416250890254351059277315008707006323958426797685628492567380595095912963050837444513
2025424596849997598382253012224526683475532613626557314129181108195990207960689216269206124424652532981277136598480469365642445123570790880469349692217
446544109362575192586661020097822939057858212329242150281233114565523482171012231116711224749643104708115636427801253091181505757900115208880216460188
172832990472739921465435964141709445290597763498687445573736380656243685254498031939891801752276274530488431275844343569695272614522878506950028853978
107277031419260086215555995980626934877709940803409863853603793469934025328423458779750301426329404080427754671611295410123493318494500374553190169998
206959389411689763786884069924215320896171804216779627799181373776796756371983250249962174985417350440450892610202577996069727395534131374890758034687
2995259265002057759698662690244816548475209439351813290709977478428214222203617118598091450266167837955814081171746649395093915413076879332260292817154
2239234907025732177345402770367983499050751992228060600832378713400487599194515570446319385259281140636087106052640891222196189553920772945859456592783
508854398455907064817285555993345585616108693989709376331843634202721772502094451261600827073077353144237009643901628136861418473557685743650891362380
2287575139762044838869040681768090425412067586267430962454613869756999237513008517270831702268541109596649388641049564521001261299451359457472521434435
2275166333451052146525375853761931159763538639910291830018645179252708653922929688839983549956756240396030976157046819153843642922376423526204274647155
599100765701303935653485555889901638852573135112727587566979932043326711307461952334337400907154349967133087637266989980256945885313421869857442724639
1702340200207217654012078561602248510416959004427852335811170192916882193471982087745465248866502382230765037250585834932682247083578280379722621689160
3089974532579693187240058980539574664194001588905365540351521708700430517352758512578242896361718435523563475969913568776130129265560794794741895731322
2461155273823991385686726179039496578654098402463792339235138728461169657149942646933675538393094290514759462521324946987434591220775399325811273209067
263382669490112086149341620978283319448131056823671712336109869517382082334458423306128682790154917297460886413733852561202872609852344160585391990148
1840653588245491761858630714980252507732865074610525056474541128854866314980910896959003116508244926084059147214489066684730530077639197921711538474966
2026601299238708533753752971128337211232233059642881731431413103453901239997411250281997031020243699638980011026726443690516419965597988215353584513800
1697165974379754463295454916604400121274629585439092266991067935619867991320882908242970431434962342462181382268606660511304347634102566534216693451537
844445422740041983040722310672924097607850193255662789470544413366287507140242627094974975201270971923733222220362830828108439418925268264063936414680
1831764732547552404910088734634047793817754672675191715225755126631029602976525548702468767453848185641465301139532936295491088558788571393173270628282
1349293649786756040626212832288006216723671487937113339295017166041977186564266077604478481198670202772343665706525691436956711806384128491823474650341
1442797350004293891944306777464978005841928031156903086936084604466064098583086318007364620577256177462579321862994779792719089405172547318347584963580
1782367069500838377289847531480028996126586192879942070693738958883014139343518987482372343200657607506523778547129081137075293027048919733538952940614
936571571178223694877993243308046037705742130010979290745692498639995402411370568975050461970411627383289521990244938425694559232609729313147505781748
1790447357830826530019699147020526019381714563692667580278343734095742427069653104093291151705749354371423272069847823076773481579070436862906341405113
3225626354954669111676270111342067175096250584824965264192198092976535423795804322883033689530556228163499663526840740981636225353442303396390254498488
1261963995470909662850339497205266975123246981985599556697980977980662086028630239028821644930170231796307253562410154607848542653202057354784183204236
607343147265892848819931292385742854353153892347039903360003104009135731269046926906006888669816414372388309430740013624998948669272571515833629142029
2960818964065387413796622343836976004490107110881987246321448598554879184028277062920421893086739931665631548374864957140278307746125305591078301968919
3246980015055873372713425479429312801864502388725428183812298364994259481237634705172132197624300798958572933858204780990718479432487844711956407279488
156109726745596819537611648902573191565434707217531558496405080165838139139624874824220891523053411329698774387341539901792395267086402979973648915933
2205505441731372508619666353573125906522586885434453820274588299276147261379333713113882485150680167362728901537062489759410417281596516643390808975747
2771170956655269271068424338177568153302005046152314243138208256812696532319887481833603275533353083477593874371894974114495281247469854127933750618688
1508847645961620862539369658687400463356094883305692833217228473610904380722772123836971569941421666328893771532816171840575326132495213592509356348960
763307915516844777845921742718195702632527593534305877626902889861250206181998197681394862218603445555256659942548102082406785810606005006406558687134
451463361695742095253061443301065528700293631179637196205623804974850721346800731300709026119960835689599836793100127053681428805495932473919189989495
1807188087187816399973053561375763728918528888549401628697587122498568355886465911402975135462123331179984741310834232962629023050044067765993359692925
1044247312220603824873121642204492158043248107947337347548578107845761036289366317231376056331163069885728017412863867996596188836392908156136483181832
2529426449871341011372884176589272231389010292540820290697881637329643177217465487599368869889097489506380541795662597605005768675463418545174955277952
1508834218984584545191485165499472890846534384707252423801753931027044596017368023205851932631442678612360029599182064185530214884560494250414588971426
3270353757836880508963630046171571368199109267170785362906558810677966704002171557932281090518445576728865383491310399072612341306116454035331504730479
606189208825977779988070006971674809638194021528390287663930954240308223270225973112947391758448325610806513186269589973319743180077601046668474954903
1360826885139985106461052266013862241648610019320657854582364244611765708060487684294078121231889027179188289042507969899229018033320635833729048195926
2469110745197306020682433707723409824649715740149081691212628586201777171413091484179534353064776815427353763495390344857006591166619331679955312162273
917723064106864067460095903810041546227434338514943700675966465679508567810715176498130027058325249552448426564447314006082715488935226973085997673059
712210699964210790076084332883910400080960084305669374474759461133594997501733072229120997935709881888835119066241489618037586116864217016820664706049
1817295015017603838752338130842809372715093076795211302014684882994081413072235737874753383798228479103158672359753097161594628707361363793651555670641
2950002225819188124914194075222270970742700052292689775173076863310615676426154345839633021662063903109649815823179788103877607554576410007201333141113
2310280655171828083962447419598837154632923158974244626047951175710190614211665403579126999045070457413575564296441947252307835704625610440834713461392
2515130073729529360697858069513213233095888210502403929496983971761405344116535908506080383615227390849217869595036039755700705369140322848351495317364
281753028710043447980269892500540760969484423371400002738613509552026809324887876956657374406811253549969980350308026753799192757322305771383968864552
1019963497374668545485098293051806932131817733442957702148167219928418293071581665833510266609260797879822550709017764130103397332224861498217520338114
142784714426359200303310981267127683718230632224974747160860440260101935762609816729261181985105742286028169390302157272739944715674346975285087433441
2400297441666528566047195016571583122705530290255468564491377826312987922985045296020925090718909847413072655647705724377860315900339291522645006562603
900372242028785792352575929941021454156930829626754273781517844111258599623439113557220188321761170928199596652682337300078400896054160089291051876526
618825694699334241245050375309606885395868440918655707075182820495664990013104963613078845888406367785760157692063443764528885780115459593938400149051
192144479108993577133949527787592695342071254792439075794274378222873351309737624909832440450254387429191734464792912762342734723138086976255166837689
1159434666759685826289156612187479087312206332393191481262805950631809486193966697140032237381033870928257250631489682308368879428668437272989686848963
1242007323087837563511616582381189351933300408447887441337685731098348487139991839710655504234459297026526496083295971412372101408262039524179578049164
1558528929830006694352110918695081653125866234140044088276475344549838944830041174910583993118503307457253348048842515840757015679969189493793168040566
1246663079004554106449881523691807692166388873525271488434543493148561550709395293143030474238086247126894862805505248228402225288278688325119831177914
146756370533540061299896721432412528204419387034597035271859954457680064750691739550908469700375971882861245777863071032424418563976444829730328265964
4319847716109358799484298308996050406413440422640572341879686944287281373472469836675840828486169806965385310743818435047483744669680067436919809224
2585178488669048582537186479775306043058534106553117692319210915879148610560690117334132654675223212927938589472405780037176122254316879183066089068407
1680027554185655927226354001876145005694358399766177240857397367960568562157525913218386055708990679130792141449501185048302406459639056879107425315001
2911160251455605458392255855096105695353832424408742491004039050454721976053258545115057926170683399736410904344262361308743121842560577631580844329802
1422195000017902724398362081360948815999366436926364952242269078421548689924341171650972544228807663825581554875258765611063441115323370452847180503732
1950095344416761774640443838305011523690293596311528378414850625399402897674819102175378627472244888071803513408532919123961196538277048910254212514162
2647948373535944313774886928839349661838715400068829748148971161780631685608739614724267925195514398890109558145807697527155494973895447593180084391566
261013316793671215482344218071083957258757758582004845042356856279148752650549472106161962274283888787221498387051910649678261135272993079096808597588
1565911038148032388150480561114983395182933531074734325790943764702397543777906312144602453826593646244388417745547453293734065314539385579894694443872
16294853576033696803290412554391834511544461937993448878777268183506022636178117888284947660309858738539168953185281815652989007520142554496953559533
2021550876641615113220487738489090765142301759610435140742584073145832435608005405183536045363781730095134803554983305782241543419334097664504569699905
2072997548235163748680820861812755085659211747501620744873971924302695593594548918584051436600560275568244362996055468475394493674065312390182144200690
840855916591273784703381483593499282971726536888907443406456988658706940336680554673872819487765812816016302101137447263990070849117731814653788569821
2226218218289302357539480778931788945171555630167630739161837279070139586929677023844830403777041051755881142499379939085168084141999287810520595227864
2121349397075980647754551052519320120994510497673379999829069235120075028091745531464997989801946651165670329620502975507682328051236133404864414114419
1061261792133273224320246141598402069755875312311041889699835683036628310061144904835536207084967511780919106542116054151194048711702416572765584944245
2435064524088932530414336369218233768123501215576102948071660005052804415575083340229671052171000291124948866431831715188841956828986066691566117066122
2429843087366289204494273568807904709053917265643273101695270679896534258809649274696558765452283736587673669896794353817344466215805004814410999772925
976553792460174524450012065203631408345489682150727972327653841116507679684262872811242881989396383701448402247684725133706906242027990362747176950015
1747838642831631678577782695042623304260242390651802081131170140373249312746342542224602163619798433612037114337357526482203858411014872605640791945686
1167707229015624045725970571832784490152014615945907879960823264988537801307949356564894090272978257604281047995387480923254503101612808493878244524577
256234067793615758576821184250647244737538816010630914696867606024543389918244360955598401743802896302121933499200375410462343332253309044141866976411
1615654736400796526845080474919398800865825745335071682268784261946065840022200548448070975195468606825198667959687008635064318538323480363301943779942
3011923967251822920934048444839060985989570929211738608367792583292427193415148003172551465954408978456051444325278201539085559447022891407297223699120
2994543339521440073637526625627323341273349443400868681217711161552946138565268663909167786610928755838530518291438010244562350915367901077935065144352
902969709029752603724743108495273339074050612311396975299038354013833906849815308834078690187820704502210270624802201486749100872721040840434974952553
3005220432916118321637893106700214191252163188653540957452105342677779740743616892364241291491080146907408932509779750527048891473733611592132592794434
1521608764565686051151380816696553286182925783664399863369903709557031344317599701714089321363923398843040261047336816986655413047935101012885756048887
2434015367750400188544784830206802442771975462165002243676234733265708833672115650476450716030956215962158191199922276601846454293698226716156463733234
490881741074523530522538175310371378383410276558632992356320755999834896273262793171419134454109177020148637419658993685397989057480233425394707188676
428674890382664299060409459323119276538603838858058994849555041304975951530575577483325778646690198593114700037734793662298573210481404603873061938869
2841974707687854537611299723939925455504077949125372465742807427415370937343024220883309756160543747585689181494848968121003584824936638430656155856335
2272726851664248594160988651165124440795830312421295328120795111840783526332148237242156977446639913423396531474267243379613357588635945704424027058238
1339288584561346605686299846568325466028133453668689289448088813911278949096212606477135642746412216683727725497797387684017295427199861357437203498343
3024223409784129473575384469551214753443766443257861927013813937402685683943193721626436485655077913509701797100757052060116777545297174562627475598153
2121056832130246447602220853319303390286997245563741512326946667652706762471138052764301753599904920332882983271948272072436359889027169631174887844151
1436021809992691211331807444880412857497221266613170773021576127405788975871660607629300488704060346855739473452039961439416384220295429607429625738814
541052608669953616968596461727225787993694600417467285610401393973783023816807008835618346449750274939436385811469153318692010558885353484796578148428
311643040097172253723327684846015081260474408389159284727791569775814411788567403047035292197817945248435553496474232406137248551146126705591989076501
1341368957284147116623360036147523066011835976263306665947645338601335661770499906381578775254505631478503644084294309488187877189047606505387568180151
2415669403712411094852750563714143751026494566425522529478878625523977487405730219368598994550353810882537881457946512648556466539680162960010248438102
2704475098711600155947895741033833561575253888900540672803223039605531089237135582579271605017679167401974601867625348122009770916759898962064119007352
1496903712308477184202819518700464355629676357174741122873212459020795709291532842561808435744947120399802169208933588486098596665945041468593839485630
1756992586591448013789190744426273817283198509906441282316486565091871708849078732969959455965800196474114015110607402342336678394520305492637437356731
1770980938828409303883025570106488073167275039759418480537538528654825567507573408335884783636925545907099280872901148904943805378000144112471962047947
2523774821385498637167528361663314331266064146096575531714393429816275526521913623251255954461035954175343731450258709721873055438400660980710572378304
1963875115657448833662025875159077680518924338170032728772507695527216900322142614249487098403823487142320667519730515926925562490024171739731676383709
795780878747786151939693763885155263432280312875378666273171047523841311113105976101079779110747477782333774551117706202465284117508316777019912778024
233845036774413254572503186821927258641075540266313880922119400699497760174559337274220889548543666972432180145423284334326211407736508612287999449272
1862788046734411295960237360457657244289278332621188240053534710665733801494702107548146474068853359308618179754000702198285197296411600478311827247532
3115850627854701991343426773922078830751476863473635102558860864297051706185914360893025835102819079189307129713553375021680127464218375771306378225044
2189417806074128550237859588424470593670536336817350124175709847625372125505659183745696608860136489925204644275057431042512653273594570793472232958881
3062788446174062515073999876909018905580258576407905891547404772191027723927533509010092024553219683143538630417182624837845695736807046472432256580108
2717792373782707145466315533761899318919979919097538700278718923838286540861555003755424168767451252071554426464330849378873959235701619638538493832029
2773236376648414831714265182287893207880909589085834029840020654804749309267190393168804514744182682453825857060803703565830526751358959818323625675159
2306213743220964482972129095222786441677298442485219442048274412781229830990206354620766850729546546783845234926301953162883637726400689390315457460367
3218462038243581926021232654978005674716651727634565595092424077287051988049450037061789248857538158604146519378003398166317523448178470377861480499975
2491467892893876706718066922914276618206955635026764157125952890865725771676375529132675222371771786263951081610814431733412543129852720956661609207940
1424947111467371069694086284847862292991870162499496797828457481280330058137712625498304418735012677807637063166675428734967703212324109821670791315692
1197203231071429911398549389684200331481239115968103360706637423066441711687427866904425849237650401936198832052405344309057313765726157271020352714119
1836436618259636097174092855506155314405952742979408165944331467453943042803818411880021016082442038150827862714039699239933146542203562019018460235485
372051647189653402123570755516180861192744932491498121836256564638190468153418877952067301430888870952321963017247235973336914388360218996728105018420
3250432896599530972085339804373336825942052834712712649638221054784293322037211571739034592722547259261878630714785101338784218562517752957788457196202
1428007980515894522394714938685690012083736806346757114672822937627245114607984314609384351875631953582757950875294252077266486321123887716724806863570
2915532276126472835565248697597630211780274929982142261517753406763075497626636393955172660892289991281362616034130924915987208706836457865036417374997
2723700466264666925392443161533512616971843206865996811066893982198073726753464205196052721867570006637760981005637516617609499068373398039522722629212
1115427852026761396071078820997044090124484326359833603596622070149800939346138414571404670829979639202975190338307999886830738504374465519559555987654
1316935449012887779550587949211958699515522824466181196340228668896460138179178368613063378157757906663936848007450719566937503184990727383906141795121
67603669443970475427378836260564003877933725356839820347618972040141649063057412331814357766794875243635412080864182803372623310223946440873517469448
457462586735672210563161481536541819180167498963668197832519504806932341986544533667795821418334196848159207502649178851435728821355498130326657195765
1079072499052656050805290254607201359940704838450310875324826311965469162233609706267090089933505126241796118234835444369721749261683160005413289223708
2208878291767058736946689196663472904980442583379604020317764011766815972137047755230999207881823359653944760991337547568935292111173756561725009815765
2647879003947532927928432010791801666264261788959639168646636461406948257627636245905429698240827049839458343778565971454221144298467869266239393127248
1722072939042749908777305477596320009573236390383305462665513357173190726880802166593971935620917333052360275582918675730269827072979987717968666254766
3074183815285253384856738373485761646324710321072818093354416269299456114307976370301909641425208072380384317998698245540272469153173149285598743115711
1788753996095536480569318755716147908107839597154977517767659217238692819175529365737105183180515360805924418886558145942501948517314356521457346478634
1833386175757134128896009812455326107559773668758842916280921090809124385437756011332532320196015349973114709493524893389732960164362014351534134492922
8577463649347069333973136247698920649100364012787923898417053252788971131043417511102525628330664989223850238531700410900695345971125346544627355284
1023839459859185194788482758325571169216987256990670354364636017838354684505424215127154730802150183970209153688556700341172224103103647675729415019503
1222308961123614395196384416700614334754322508547364894685073219337668974500462616267915999214129552019293672574505312885477476092932766919634141838748
1772184577569534298347296589731357002066357404326273527461400619830703412167550340022418459304532365884975875922145608425337170700121634633403247338220
351881649256767286898360766865729331899092829295315299531756660760984259202759444533188306112521481305576865891434742338200188454464034822720657552856
1758945726205542028652206681601417346298147311277150813443837198922530602365783818234229349444324429829946503046111415608978039544838135447947396932969
3115440512165906062686624661275848069672510871242849535854906850799800493155282941652553941294166417429288821445899786655155864225904458402647379959865
324919638246387110839807653410688165446883937729738139052764968214496924829847413585342387260104453222990511384665291111771622973026437386428026183950
3213250719176650219995322650034710225888148501908083857279902541650121353972345623385065097619077752828471961379967622258207172535482919754226010374461
639379474327998128720611884653693115553270254823476019726640827797582804803330096505937385193775143735438384579012109868067944257202529297356643892812
2814926899123057716645932305086107871272577160494893842830678240006441533351789853393379293640712086879389033747119822152785773143885660839279412395336
3093416998755403082666850267655154811933121574280720455451183003082548975836331360336514587818994526446719246851988364212380809277785288551709370670930
3117197191028970247170659985040125346332646627077961219773207412879820684193039173400486805956251002596739277694520762330144851799349085951932212777295
796532866191544013822294148879088704184659485516038508416020036878520986238073188139595071171753811247898468643229816818044461034328140941730983584634
524073249211240013170876984316467834797500217565521254506805451236685692702181592472281972598838828203594186300794253361610402500477139555135969101189
2438819704549755663925483557012791167312294178248398666477732239573913974006320821460628482504093971216379146123508180132324696635856420210617911154867
1825016978881267024612183220770896957219449717509958183045333450084176672033828805932426794151326878127194681190371615405376654920375440566124517857569
1803563429689288210108231995933030428986017340845859758944063737741936570032757852643221186954467962984579327965159049780793460254872118167574625467871
57103602823016674693370443580756715293378542235868308112789635945335993815272770389853573428442105908850208871610572845590616914362672054948390038321
1242762465696565910481576131490673727925547398763395346398874895810162168190587480356395370882482757090062803657759834801552816303464387181748088293674
1848176829793502065070993158729054175048518779895772552419953631846745028655979078178080789630067494692815788638162498779026138502728324245393733053476
2758308669787097118160649186099053998316410849033853993711847993635218830040106525036331798219590019118842317086820519534642510672101138839631300674407
225896313356710157023455107381096509703878890738558012061499506595052915658735993999877039927369362889474038334851103930422410540598590992725247478134
2057562046761097612515677822296324936076946431308994176888044549516674640060727564968870737924004550784213219790020011880262757372667896570911355209033
1977802143000976936932950285259592433647598940958301864274511278884220613456421834019712206281048299070784388335279706679099660865006214119462381641750
2381188661297359314228376079321319477268479260880676684573752934193737226945096551032728503442386700208775011519905244821180556188136793740734063376681
327175983113797816508538933058660022779776501072200093454284368398270259067009827310783273122478095174801696905934173497685292198189240775206122856126
2530016561860296633578317480935953573868256425661614027691741500490464448976811411048216719080866007153009879624036420561639842262172238560977636562306
893822378652429894016123370687080490938654731586786090044566666554252866197412412050495228046712022113073761764770792342682592919066052028066183929940
1728447644472931840855002784819191463881370812405056757927058661518600667805723801701976951919788788521456731933874476250493754315588816327907649390999
2716083601676558287962233400018518356206388049571282271197962597443783632935682469545904474664789062658779445293583190723654865623425910951819130586900
2228856453087051334916910193283911450613769368488879201626262105230171393620488308904559345188834790686486561034218273162605225203739006099021466860256
3219741684021547879809414818000247914522957219924749214367005836080609646660646584639252984080367443414208304983401677051816907963278225407194412087403
1919983981064526927372286412726694986305966082784320207133608740506170020451033898844058197345639152878196469100735100368112171098889771099006668163216
2180954070164965752660635936836630482004187816622827061889235406348408740052168822380424264392069026847762645593384903535556264760570493651046691581578
1759547476326946311949665547753827529576083278500938723982713769976329709500841504894443977730126189896054138185970864986827966362376053972773542375146
1071386872982122195218648144482297616794174179109650645161616128980402833641155195012209609629731513989291619493416120302061794716262240663849770663230
2337949076750068703743307240389272497382151934627019559629280625293152130668528163080136425682507281058062036179176609128934707152996887382158293239912
3020827288974385615212313262450785316057526713523590934477582371641653327052118970956827777148121370180672974604005172301341402080027462580603853577613
2029733731935066601587526358442393734889162735479815433962685213938919875271881875648727228594150955984891860883289659170393234556199555348230293739525
880885972007342181193946966437004892959338214974684723138601833667313224058291716611644988137023532714845840252353907134841443464330540914812553165986
1456896498416185124609277505373860504317144136309589913608117370363465922777196712091945903666084697409943450476549009771434265845462780049042658498633
2066585023725742814878783668633828530746976038834587016876854412341767394016843975906090739900558489514815443638100345685669941291828170920888821214129
1808538003046194106140700027473260293550254279155984289476032519798895367719034750899028101011930015605895760126372709118872200446474914699711586467123
2917287186892439286585129201168903049367722493877385333654043929617575710776710352779209118984474111984220757461233954450429023988224938378511036902008
485647976097487736292977970149601269221756654912128906624446677635128145053393694666382526567691294058372933639219050095671397477926762088975017444116
1246279423447998053936915876039990081797741328885698668141235266837065286244668082382904602532317426246345164013524884426390119323523501731466201053983
1450881397431383813167697030142459281281860560196662106232915453955933352377986869270932916988945640571058695168080164745288392733144453151842922439902
2913266418517156179794002475482375169450321639395974215223349128080818296271720483433577676940940370940463635341764974099734783929057961266664023586518
453547846216558771538964079101715933540185139465795156156005656647237422389826483178484964995032898837071440796898642673176360808637289426547146244361
1657696811527287528053401109869369863942575561757885378437878084724700912850859690102356747580518667473948031340273658819068188609516504953451870791540
2287329553578978423528578306613087090437350005782070292499371667307844901619502744891646187451334166676988855980467624833339239763678469712308055156542
3161043450531129949246331458080830879563161479760368952276072992950953436796126079723166570813489687277981757315783091394645148030349770983246226488216
1891055583898917480777926157394422649672744588254625647483146306507979909104787442061683467853263632926706010852727337543073476358185932954209316444232
2582580797621663724448649325424613889990991150039434731195154245580852746838160993685519936378522647915561796843169290932081420943924002607550663620339
1166069527118651023548698966120183634742391190821663597335690292351928705246210283937899845498941041072256014026269521196629645362866389558192159745105
2093176582907322341814671930263667063941392527155659829575050624069698660531423819164788241763539833525878812705246583132630654149288714436890143039098
2926638493965301546579228407046715643818198907577743710024365470132041959895276264180883969394195173131203497879628800326277820088336283755046484248066
1710705296538951248004095435811277765892164314658026449713901834924404272495979165525492288127137552296240405202975140497718011176607031977494197931615
2776562594833250346113212308832621333087771896395528775419146580065086836257752952330061699383272651242930142662002168434385844108247531142588210491933
233754294538534654324464219173043417448157834414530354871982484832822026823112390502774468766297233792167248574640979732901727303453388148213190978141
2622701832058453035173978499932112040545460920067556891265805426230540007848736713983137819050171107548997144839115493202373884536240830994983916480823
440318052655884618383101158956168712517930795199816056194159912193305920194908128023623753382080504513574499166309037699695272835401135783961191603869
2825294946966996567465077812182762350613005977282003216499377354836727154147054761564654097315244551048849174664623181596609298785579838564329216106849
2881362841459169191266770588397308444818065678505459656409754563756469126165213353811272184513724336488229091645698032458605063475326467937633084069551
392775682917950635354386672974725898632997832336683988931697566947700425504896924665176775021285310246479919670619966455135472639905768535972603298385
890370690922916107604142412585109024635705077108878012596757231014698751705500132385266920940361108740280480342004969176783752803263591362800852964640
346754902167060854634533247185318845590020751185617621406158746709318315709230494783205614870378268812524757791776963745551801814119616819200412539503
2293089746638424805145711724368163056901528881623742403041645161972356478783336303547083951100817694688403692700375077296003653327892050947082800363781
1095983259371890801043442761281735610760621910514952083881684297625727922122191639574923388739854040759338848601178971055964676550633688498500676623173
664796182818627818397661989080087486815825661882998646556730234642271077927283238866512612734155994188382890686302416812969908005074465045178415243378
3245087466872803172348216731672802486154439949750380551996695124382126705995018874068515609752965087209366268761739020686865903743640103185742408115694
3199424066124393054836724576599858331545923576856435956883172509018499015130773248156998968224315057940096006346274914311660123645409553006602032210028
1318493017521376751042549637770744630032337297686478657288932178528482985310443964533346785864366064145558395824627996416965903410273434079201353316644
2995253614522879638458714428644168932126489958111740341581851715108935694085049878747356854179722667811857352113530972608253843411576097987377829737325
1778116762077849648118793467274992031927679241674384250142156694497612003552920110699384789518348218377253068484770668836591766445159991109444425351427
538854101620649445716774581562451102820855267247733145664606771543037751384928062898790853483302890590780476683427422444859287142417692437280609388539
646854387655540093983342911216644977586140555695211158287402273854109489404349957990191088970837750262806907629968448918707814387178113053536509295184
2212116948589805067005397428150007807052283133556049880548130063326786212942876065600420848549968682653706202069003822075702083258782801916758915650054
2867135799644079444935971548425698656824595572735201403778909035110317816158837599491005057399283498949372010306107943066472539068555917137742365030553
154255013734496948482743894725541774501167302269430840294334706627911732295403156977074306484217850333138380494844565075792290952465580636028352747948
1103127218260708537827110143803479001844655254128815317694681372083181210964893299894063911923500586362443005592793036760957916573540385802394339402924
2069365573424245176206344851607206268138660485271542834253574357445018737001521724156441870122920282570698837009930189425880020483830296566775916317426
823294251288598984569995231309941162862312836820608151375902853125889470128978617491978388482085508479724954996296375020570195776261095471366626382847
1629732751818955855111275328985429666896777258063353197190290547191787254042844943077573068752634706446727936031949771649222531431633123961562668336481
662778182464762861875986736907785204748503916234994067653946077796127211625923407158599475245135235219037258541817540972185738544471669617647434863126
236579949165966805847830836046440702341825703898078997343009384518787175628008175236606207274987104513325534071260335043858341435541618001245417865107
2616157734917072244255497720743584584147474360413938985742375023357063755091073156493956037526047883063715229376155402651736925959335770593082491671148
909261775056860597086055807343886560658218257454312093458215701045071655789659381860034561537314922998471147419213913028974884169443256313625484524358
159851744057542628081495719630708961087529192618822133580594885012303297047241020409498318149315615386751443377996128662148924656617811266915923907212
788046259340266225366649245153341775210507789215703020248916220486483017777696890154731642904253953156095588099754263394904670798922890098952115588201
858658072946746251271461101910732313945469287149652840639678392140861440755214400896075399727021258656147731156478184447119004285046356528876327167946
3142840848136657368286685582333205510902521171704987064293937144649040547446618619194479369382285553875976157952974311344230677768359936081757164494970
840335462387931820065181604618388524478768124188053561554853302479949283973862324413058942810938824706582615739226135822379887819111152896874903516065
1760445299479301645310665819790348661766030153890796955654897110907943708545771071216829392690017654082740662746627059885828738245931380836612899147876
2313719618171384156351372287004474333840650012754891653346766296480440233498972907893701087334968131151158631135259785896157249360697961667161924065801
160484851001008361261143009152086078486202042196212260719598734939475850751241321264843014844655902986113704837042232300580807320109839017619416642683
2100784441298164820641598176488723555177182799171301432114575227900155184266783964362916644717393437282531528830629748042587777214390169726855166032135
110286588141123535038299855025004171344913424358648851110160321518468478737239259306455023521488237700243116301174795210196151801256911023892798741442
3236439635264668896508378179249217143682323007266532719859744341172017450663691061892592469170757649004619009393497698710168538141735882984923526992024
2424853945288173192338490700179016076263903158330137593924749306788337000280080677564256241918422305900346840149508725660941950085390154747530698214981
3151047349625791897737586196989148209968033273756099950574990202631197944029148874439843836412749550789224994453979228132449186658184579625830548888544
2698940381663080806467864480382714373714486704056250923957676197152537174485693483668328583549830964744375884145108964117444508704878219293373758213759
2789926059143163213422882125218514607422021746520567028206982019207262015440374483386207050093710965325911521424134810501855402409719153170020320322401
970045705067009864855939019188477065309518132868531782153054442046330285262425618722941555287370664808912847444731963873190872892873896019109668036302
3006791796031258855984173010470680037755476734701392764512528911766410110620227954635668926408693724093755705977591140950858153202223536117310245823175
2896819994886051653365589479025053286117112381174096093584010978045860848005698985885642515162682446198049777477698991515380347370385619216848787965771
1859948401783485262614041286454400649639803394262904885734045574102555583085264071244690599932804467999974904835239024295102599352286184000167631945630
2698390652416017364378356830757285318100097410672423414918621122505633369040130895011873984382482341563681319561288356914663945574753927143016272079189
1346751433032789817260961701700635342627744254375557836337214618753729534620645171707681822130749727907129181751990528259185271704449669000466705209568
1236381661401611977700745115276522574837567988552274585143131321852063118383668008540175702430511135462788725972182573864490732255673736035651949923366
386037576925225840365883756638315973988675283014857043417000475708196443129458563599559586289356459366431932469394445999574370765691024519103131422962
460702175109265992672296739592238388591119442481235592574671728680287790831412287738767995174430603276753365753090555550130710636071396634421288602618
73393736181009705910693814528642592276713091645263813830884472209983844017088583795680431177478681168059636773187895551509722661622742561501622469066
99091181787421783417418651893165459241286430035438151421152463348691824739585741650612858113945902086612961791712985179630341684049061315808207180385
994054556645434300281435876764976334907148464648325818762388040570896087821876281734252255230347081983474313116833110724097891314237373809004855431829
1316601303790235085806647695796544326202573952112453280229082031147129770294555503492152783623205035418890114923350468182724622158092690431884701036375
1214161789681090920478570789557350755485866257172423905003379690545665743089807769438473545033826555935612806212110180452022714632513334445206180079596
1749929874898548759289853245499892219027082654330064205250800970796077664458376430305850317421777258420372662528754061858255393311213151835144825963650
3252595208616640123371903866192163895207609084479024406427000284916857202299112971610971226119203015676370408651974660238969042411893927263004864162009
2974138919271601042580172679220535446660188780717918370117161393282634825009513735553955487179476290759848461919553685013771794888029160715781565316489
2035034805219120081993411427287210774637672915863719286283657183091847646914420529865191023500018109917007200085747895636402394096561022444726240903473
932164606885724950865009018876375924781182430947994061159100262123234007715138587342421218189533079077841246057263426794521227214324797631701795385153
484197607037858706886198070990091235360189627433849101883242796226795399837323194026136492124184124542754445352884649430782473200739232930615622684768
1958511704775824741776101148630284551543800075125311274210807793566612039933287481902724453887910976394035858457422711198769490802778762580588103790246
1883302154626896250039655644986046294763409987932697029434745980146130769713796122185428681613185942144711280761125092774540085423384167260041105235283
2415201940816861688159651936498808820043254372059619154679001249251435473977178885616620821375001394708286366531773947403846914981582690250739361901332
1059542374130908281620439214625060236675788175710290329042768180048015709234037753846310208534171191440218125253774446171324547661215541691565240415171
296577589482229925551728050511573888043107323259455013239247250103514423610133430376241205422820071670488227416474008975769379163826356816819833937503
604785388745302204854694529236249206741965868179419585321834617997497209461649872928341147748976966822450325115389665857547366477005460060818733463707
3057381724286443247905369987042489700252438749160797458824698766893726948210780065221374306197248923775384377291940151297369624111254191379332021133017
1309275399760357133166425393029091552146096207985385930159573450421979595934669727150428438137941745984987025645860588471830233080243163317024563274020
2648842975739034644946239617289555559803108442452714688439747158013000317922784503514617716153322089869520175882912272899433283987951314595968007453298
644842667676484822290808352813904142280281227961907806615796808567220661639197188710142733413409596346328054759099431041119060258696017703356898900238
1860541285736118672954359699053382897486975942095983556852332556768275979309259327328284599715369866430045142068234261241786264158949881053293072198415
1063029289124179123805164888674407866071755228718675856046327428357607489640375400706492579714069549824225082640824670515992126634845583315092650337267
1870558610716749094855218564405672776090789682989060272959068125047154297031282204751913260574898920730195363104138567046126543648253887861753744510237
2020491867817908283249689192162348212117281566536568495998683676853052162873989553818436482688205720710461125956923496354033351744333940974037814626570
522687881515146843585652179357415900992498893460674840333195808498161795422533766712634484109774839586149711418458875213101675259945881314465655334942
2681437285045330760985015590409419361869670500707049519981833744869533426138886272687689888701449663081253675873605228046671613513630331023531667962869
2948935212391591210990932707026966424504293731019472568751323688923045051465561568457878117083765208857519437020604542729451539709521482222078389838495
1984882622623907403340281568407455098615983688712373278175872745553124516724775754918613532514334148567177258152114989236318044083212657580578710137466
927931937571913545302854183831732712405634259708911964403255801698192243533207371724444954832634803437613506616907170664390322314015684390110734958991
1002631658741021496803887263097068587303117342261902825212378167363815585307570751469735316442385131794551250844207825666083984455091799804469548247109
1710535757446570648617169394862600805795902238074971136714585162979593343539551846283856018424921663819521335601087701798829225103736058104891247007591
1991842562046228807598009137572791711767246160507445753551676152958698956220444273529463168495965819120086050261601294794524649076021833255724597044639
3241164247759737544911153828408790836169145433379714835850800283983483677050473839136931051250020113489328222908554456067384372177438530540357034863352
1990407179928067818473111447647836104290056189074879419272933307505999906300835505885115972037639386638659952812136598973083005818586297841891121384695
1846063714573180981995398153599158850130458202331410559304803852935712912312273994496815092452895026139001915454796760444631810617482003884745169945270
2001560017419762853045407711592248062020839170068087229814998763729739403810425435990665314892619596386338464487520739521356823815145179224508042644083
900396050334338116300140647804355836993942127864837873554823588416742200600099546408352688631074603733547481211166385526643005710976770160894415460055
199549675148180192801783548545039077541497630734083741541623165795200665521328621628230870206360950269659400091706774457283883718692730763183977904713
1887578709647942823984596752595694670736862549314154396706219729952036446705962347516593759936939853975170697131887989298131451367241148443302528807618
1663538406610331472443244720402487742437372819190226913777186329651931136426235245768008876429378183075780265581367438224143134492490968524304153429862
703695838281181050673879890048231047031711824996358629840491061990036465652828062615828730589331310654844596329177832322627912210095485961259794240228
1282497055261881426426755960199406837399226607801991845975692653156799368274408457460638784072985951479075962559669554906288279172300572895521472693473
734749227579146033390651490175514946623573940919389775194860332993538549759044761336105343694408368664617113026094904386734192748211624328809582918145
1943647929009883924093844746768966890124938093357901137156566232176509939144157043679379003547409865011314472830743251572854535493726174168315503975051
2226970781635128789464942287876679108756360971829230715520221361552734051649431350616323549550864482198605647053303663568964912004201121973772527529808
1270695004324763179426373646453163173175817121845381648427459827851289266505280315019592915709114861122530805418439789916045138260875346862256623300282
1573379176355002942207697763457568669795444111169512455759243836543625594464233335601899607161978397846319947954971633050096137334711139588561662626661
1111008918731622853956761561781585707319902389508738068720515813408418948800269486032548197542583456507185857187039020678748030415383921649188611020820
1510142761280648593183478945513688210404347586019604481849948730075483470846043851033101258258705137078934819560500656785071748686841852442986897097115
2233031375100734733045108745957966241238524234631696463797192726312341131234007761263793356497747626461870621538704162193646639177402165957354024849662
444812850255822123792550321282203541725710820984092577989603706769663552885277317775988710079021790093161006796903912239725688339403548340664903147002
1573313540341391246250474259824432111427926581362363077124222579929201424028042232603745854727021660816934229369954197105271860243706390370544794551832
706093719680914769629249832694614878921621500761071134321385551481339898774982307672837831461222482080944299418598957451443871146443038737083615024952
31163348346510412164676757856347726018187788388159854597839278134033908747429860287603174411858633953465908024567270204699298779400296824449347250212
2196331866777812005434706200079385377881028948378153921843005907307580908048207864982237353857034231809792416127096539550621177378278988579781916043793
211271036653561504803949932200462511219783181077346255109579687460764022377064251415166815830896746393477368907016149669776333210073332505566084877507
2591906879120186051936603589441319751584151190936285084060073009173429250240964725763665367110811939230749761251635904744796904654853800362209597309428
600448042901728302037628602476802870361344042385912730542783137003693952837957728500857073509699501520175076412823624974532222621016437547880518587681
499625502231527860448009384573854283804813800099452393307161506465999657854198968758198012308241094629863026587394401284582441067426454171225445138903
158578899705238498155550273726922766500043788101182965891597405038311601746492804964849069511423080359843129173098337588326848035306505617711288870105
2876936758119728157970653013040564229050801169797817859718566658512806053845022272183375740564695208068384078337886750354456816306185382979027486717596
859051049054451866290745802583267604533390646676476595078595382927690235267117304691199120663095622904351990761981898533632643532253993215890927103967
826956997035289963472641522165979044276309187937589498397423314999760345131480483272864086256323921374215779263939256467066573620276932815192743140249
850562967875521436127432645281311684924046086809318971997109674106355482701897207317195616088381762406361815446247165915601737410955606672559405208483
1313456462630674682205199493465929108494999956859571931576897927188953071012342243284765213135170884365716681798540259954239433736764193482984319516502
934589662346302411930963057056314216228741357383789456718763321987924585393376557379572235196211019096191715262205360196635688663224594044606054622946
2558747504816469679707480358255030170950853832190081349967259668951025824075294318903392132367026191678084396378579831352366997395764923823724565019557
188077796870654497753921257987633998575810689952241214377411438796631599575811341348876509680688517241869979712393455139751898811648759520488495063933
2077408324129519951349248323155387820253067969598973694406299047141391230764100326383463045917640714149036169703494723502409965338521217648516526563075
1908782621976383876964978553608459754548711890800461206150247483465501242943961570067266351468102222719199207791133606637691919174002500078397554498773
1434056396204186257694862242385739730265652334290173268939465401974711374304770564043789435214841912786915010501394125884354494991908115002523771583694
2560108032193976389241893355992381166107198264045654470514696741070857068719662192701151980531394302271646965848017337797857426295076209327813186091273
539988835137301921118565272912336799143838396295075600378706574940105934383582061473147026501034236552491033827997724168465230115780035919313232165597
2271410837120050069974549718657681035361950586207581736828777319196568364417476076498319966076543248037891641282939739021824124292960810805218555908882
2665043852122715242924453119740196910412730360346119025452785351942575827880614178430302951371310025583025456392132567590132492677039867064622943713969
3236251048788960895605472658471279726249956174740126396000373245108045671260139918988614969141111933399736746459714521941296064903688799425656630530969
2316183051416679712034188331818451010448172349878487473471586203781161215368602562408412043181647638562544638513404604187729437990283151912829704379076
218240181286684122016946146921717988923229571910923224177789635096756094071705880403455374272956251970915825407221332692934508612307137529535847787641
102459428100818936948372908575457367122351224207299805005519134692432368851292609703337973268380267997297527640489689120412134978884810527362160188630
2087999945843603989881266197172505738514719810583341051971135795545502141030821478722306535457424145207607758174314109120598278173435874010241050514662
1865032002075423725581420651636917215661808212381769513866710209766207398024961076080558374853872989127792093845053430902452625041167469315575138841389
2257546392742590839604958077863150602999071620455584939840327868458170342947126245992741846731070704603209769411673172542934004324810521545831619804748
190793379749103255005465553243410974635940168447901580649043778539793903447711671417427342020598265582227215682317839186090481303734435395774287021696
213740490888873721195781870565919288769766996467567554977542444116179519980457223445871877515856575400271214555519856277327080675097416788515582658289
769016141972652056789466203326492250642133143627408276562174359834582664114222454269523008459241126292572950844515011676180450665046305915620916558665
124479412843720081070982743295640401879502096826327965514806496812111046661780097361082932268009153350535826322911641582482785649980041844121829796617
2537392542632081456671816626753877147029536306102845122467832883156048413388424028914040730033492015810697876570692878418213819644975301694352304400826
1593820062601957941174999092817143655251237423713247869354171974628344522547843035889752999204002953506774506656559333152769171895548825395327865164832
2193039873430206240130496515887420718835906310001886607280873990255360292793139782590924900984701484746484641675189930936029919266397788310007372180154
1336209507142332332703999313181141689367538741638651766260360261470800943305526766081279694102872354592920118033143779485387467375889148167749859016793
866937267373438727847141543345756264034747852580112987135758238278584529932274503493788161380150568458501376123609553350226521358257507757149995158425
3086320605087420528146960175248565269339581041610104581290469000991327546159275470910067984725945694320686449100024487224450146548322148823182885584760
