3600
~
50
~
2
~
577405798133789
882979170243881
1055837058594640
368760683302113
1000208604758055
178775087923327
68941595424471
279407339093084
279344204792364
254543856650371
1079595281028079
767563860304318
837447222660406
15210841756425
672598030032657
832961614445345
1081116929725689
759799715419133
305735269143265
1020177805122638
788942949011815
584699590660710
361681684170804
765817947635814
886810112180692
221602551674630
1112832529174424
818606904238087
639217305777178
957087432920558
1122475961947669
702651874212114
812379311531975
1005519548458951
1002428696460111
1045047965139200
488866111235764
145846112429378
958868373971463
120936962833193
534091354522623
717687257068815
1044137099904116
117205565209610
821773610740835
477277264616850
721428723326849
174903405818551
281773500141145
616196194613713
