3600
~
100
~
2
~
835560733163556999282105016137
570291481196289610410141193633
47599628549108720104592340732
107395564162367358553680429519
1153555802487456530694679363291
124041826687165871348489711356
725475788556653196211398592215
143265968629917449609773934827
1006889830926050765191839761567
54694432221131264709118311073
1222521950038026176913582107367
522249962391231791678765875748
251520030302931450671719696651
516265742309994985156220480408
487526108624927557561681216627
486292802773190104593363158866
623803973161297943338650987538
1130728730535580176207765218489
692534300263419092059578543748
1240826684331840703991524577444
1121056480978655582925723356605
136948964648240010117285646574
439666493783536577478062971966
648039700937703555674494177954
1259509540836713770099612457903
288054636621567828691568852502
543927322152534849130422540923
1016120676044546879113767532053
541125767505876987972751650798
381523322554385651687613648848
1238559783517089773586537203066
26956788315551741209410012748
899569359350139021678762425913
163346759785786572150805890777
1096295690761737902077644651044
421063843500465566636401573334
156828160196498205318483931152
410007041841940180760763898593
464757767386398998358243448961
55155582819674091324060947779
1118703804517885328113036505110
393493543689856120393993324516
1137997224443295128949423969933
803078407368831808843389018039
1015694876385777405530885208452
622454271096690795198663862417
252315082118689892283829543741
296552701096705262684289251447
891077305517261344624893281528
477709920511962393851417110780
1165754944424302845668105051773
108101435562847040408765103547
1106532733032834815946063900061
95668126489866010560751257930
899531755856002845156634916302
657997306701367301128931561634
233904550259464384398989557219
688335209925316307125942024390
876625401733793688555986456904
1207371886422695327562157511121
254680040600715418466022961531
846973379664839462271151652515
852056373225147814729513693773
474332800367247820572466423397
829889246152404236919685063029
631206313916163072081346028076
618599524907337142591979042047
1147913496150203351545368139119
1118467967686349341606002578343
473623558400708485523027667770
269912376305363250765468693594
221353637152451139273054409834
1078028271930826585743659160881
113933884289873815097475462703
1077749015364893757982844619851
129047453889904403171540331131
57883616047812917048914743845
1120048583360264169448704325653
862554333179442401903892550715
1147442469295608536263029093079
688085250339818883967111210232
1034263186834862263174168618716
1054710578097711407878367475206
58406742186934882850935254015
652137548665939873890338273020
505826887503015214190784808459
918272284163362637269083842075
936158490934057376808693185687
1074852715854935438708836728585
158656886382793793610737657192
461302533429955689430463340532
355970230716356631090826154637
639798348263201288120955916748
1057120272817055535392637172771
508522979039099829119390527903
1100637286051654850375787132806
115010833729211576152659798404
1210158711102904947518715458519
834533463502804357467450557930
1085162411530420464263256076106
