3600
~
60
~
2
~
629066989399086113
977280276836288305
473558233655835730
609908637624762420
236494104518776870
371488410489445412
263780615070675030
621333278382048716
374457222094865002
151159185213697751
526522167666783638
579320929955024294
1013738944357000171
988271647038684511
297123308872857153
1098285622948556990
478565589069754848
891782310566469413
516374254749180968
242283059638688980
80015360664161849
843933165946245027
270415222397829465
69806410153588307
212469979039763857
695371631741874699
119976563461049929
948912808710790541
1015923936132633420
612253435477476429
850735865877847013
57689293281880926
107019540278116518
554369225370144837
283877174995074720
409931445261791762
393219145255454588
404161422643136963
190714236788620727
1059921876712330899
1151934266509483085
492109803366600191
161274717086352653
1020552537417043716
993186055652900017
669667535669071665
777978058334069662
317249080279177092
204757841833455810
946868919368967927
365967314939453137
753756374374349137
210057091109893106
381552275254822424
896649650362852154
1133570998539008815
946526779693168729
775136292692761608
48250378519818090
307111402161335770
