3600
~
70
~
2
~
1018454235163881967396
416589420136270566181
111551470788304785565
149200314875886142872
842428048055625106521
76498525561482911370
506614702625036993297
525013254238991928057
653542420446133283737
399419575352339995463
10125650311136099657
266967696347442155796
1037553806183872202838
645338770876533834966
464462761977745480465
1022938340473682003865
528195644958503872384
1047640966536022936126
766542662483816972020
883628747865525637267
147603253440328544001
553691884527636442931
1095018626080451589067
1103495836873823375615
335586955962120184308
144455242659285038620
1139144230218850810437
911272913984704122384
1154418639382200110134
1123134078349485454962
632238981502292113713
106868488702044928066
814521519107922793164
36557654829084252306
70448532167564721971
464566377966190197402
846954322710516346098
957553743695489847595
609271435402515047232
260777509798224238524
897042583455937900427
960055893735668732448
1171591922694067990037
283834570291299943131
754759050400391144715
77012232645770821330
1151263297653093424964
820541178594777411114
364084190625420449315
1012225060638121900557
885305883471283306763
1081871838333407977330
449527795573639513042
1049226170995539408095
60998653515228019032
594411317472320184910
805494297608422552593
549124423804512481052
91511138429696655821
1048328019574984338002
124659505153762548115
820413010426628836753
312685045705162921081
388103567166809400743
648077450038880037690
455801643084129275230
723218092631248543474
547622356325372521741
1126545158570528420897
456144642945368308520
