3600
~
40
~
2
~
461074455874
109804010400
699888424055
444259684428
209331692589
679826732233
997170721083
732453761750
543943931552
632481555008
271480677422
867664496777
344828157618
751418466452
629216817192
81511810736
877014813018
1050342139537
440716043789
568104888267
345924139781
319215047970
341096168077
199358339397
434190945554
595309034147
448123496623
1055265096651
170135766759
396628165156
65946940042
867954806652
121761932045
867101405519
760985454661
146441409979
451408954875
933891200513
147090673689
521477160399
