3600
~
70
~
2
~
846020164143364581188
664539553586949953384
113847511861630287430
777490085519759787616
1106953927486549978210
623157271594970124848
727505387854983840971
203999568201974582952
531836806994768428108
498515198097671440727
276565106093108217684
404885256920544468362
609268574879668065973
217159760979240366348
66054836128358143468
638426243347806331538
941904855924747418555
255868539406828036890
359084606325740469461
234240469705104823318
778369403044061910579
553151280256686651083
88282333299799020471
884015130744563751375
270880568144010470577
534779270435088702128
435332710958438412705
325325234320953598663
257083103386811035361
288661347120192873856
960764326786044360993
309314029928032494235
1068267336867615024116
836145422316946473361
419042099963589028148
245027741896935640224
1034475073174691664312
1074338999101144753489
912441199135400336833
1092053968515298125670
959060866545587385104
670005095542744862761
478306731843842959406
849960511862570632795
643843033033850299928
1074875530814810400699
1062986190235382084625
511575070865014726869
1172961241878200529670
704278342336558402416
227938393984673547370
75930339070404066355
29842119974777149348
910513785632486492204
884433478348383571635
637109815905264626238
490143825600513137326
664677534956476429056
599419887251563086719
1029813206473922212777
591892267490230866112
838490489330948875118
786581859716001145564
287525819864410989798
720836110640325255661
709174455935190557233
18254108402512248884
627588653982049745290
892895415219723446335
638833439427883167698
