3600
~
200
~
2
~
1103736358891019251358959482051775194058083003344138558013903
72486803998800175082683186974227234883070373991823565889403
1575140351590018536357487357547705950291800662375238937430195
228614254047033095478434980005330729809561312589265344136096
364653585927397811310594371461255231837285202182399915960392
343703232856887830893975742826527126956781801715740822489333
609620084717879233008602920088697727588659221451605007028608
14025374782622030432248386380442906897073707126143714735179
1504328650770864988682373890344242516290753887722970264028861
1590963786347900940304081134609264423151637121915052765110658
75199700144042786973039396067195548702253012370137258350705
508950542892419620806314549064942353150158606504137316254794
388001654898892830604608446274102114600703853594049665278402
659563871506562816210623793470247297825904283858545208770322
959810079252445843164324498832822397300293166040368511321590
553253699590497494920821753427358006444095395762112435877873
122761490756146778066412634835591469417800320222032500863544
792995472225543789500111008984640258529090274933716183345534
843312948131607004489686852599571522424264911725344872183208
20974653607849040687365307845784087525351229719009460176996
622901664540669932104367549355159068562281399046105053520421
1479359241774215213912051396058518343209893117344140691061226
1528703531631702543447780233142352965056988326231528468056429
189197077946146486077158602635391049810654032941133980958954
1457165357323476547210531627876628520930649452794655762928453
671226506116088174481708577851538200229890394590259401905669
1590996444915545181850020121328527855886455848177550285443657
692633162028926785235944893570236570742141881357814665451580
1358229862940625678578363127589643369947383826464792447737146
780420111366958886647334377907315357676849221821929331653183
702733649426953758500006121703707412252192264730170760036509
411412337327845837123576042774544095438859201912857823106259
1023933082196085859132957271845271545179858334361641541398630
645997700095313071778771695065616658189700346659874025614547
1391358733740119911901296592609837129592482929288338035640734
1363620352915187067501008143879677426560940350001381517455053
802696670781086323411929348857674095882776172534961451903118
1022523635651952438797286631462720992991692695162885959750101
253638633115975715460691800556016770844931625060259036274690
922632867113433265199101397249927136445056800860991979731119
1165005599002513956433985364195743874979353656333052795232153
223027996319181304884698001256725503642723765363162012153038
1576822007150350800570571556573815127472607936890592925729525
156334971706455511589732230939901374194556003107448447192201
401437858643037963285645244906953464325521515215080353967375
1009226568464489023949118651874171103887346421763928761690294
904342562352966188787699776421802272516916224031224807407323
236572120289154371223086479362967732908408859322890551920170
922366927811765403432476700239108988576038872624326564080108
1570858959678785636860027666659213512778333973515734731664085
999567842998094531070764065630007033343173757184873298554857
317477813554782939475646880439240958338738330518088895725378
453782310268707800760668998766262996714215492225772923514580
1325912279776342421984923452099633852928947654238288665999014
1051348210783452306369036945848121820841627494209481963131952
302707428848574045254814253797673670750462592082383155229648
542390364375573838042485657229317160883964703176398546732307
1022305485496994286065548769403818281164067397163123392413846
1294574908630579313352215173252809672649141632500216205234549
830218147986758587660096977606695733191231764043612686752742
169523270063845354332375869278519930079174956640679315654711
446412942210332655843714328906880938831924798887672289443825
272102464767109216403121967200968596677337622587632094406202
1585116263846026698634706727029571303605187553080583968836084
615020865034357584603871201945877051879595212732860076615090
865924604395939561144449359486693392661104318626291616597288
444586374043934145250030179504226699052788389509832251674242
291275595896260817298427947926610927831246023365665026249693
557664979782105725508593374381465768532558776854114231079882
725257620473401160298609087840806493379925002921163424006145
309328882844104647536683123184549620421265853430712722148167
829866645534537972412046786183977171894312262912234558038276
1359670350508577663535098364762521240552156832235033362172574
238963434997782514080304990612461043202961640461140654710710
151217817488862503097931555101219300981390406287783707738423
399149030722409559430555806330749615740584308096148380152628
1517010543359593628228175810206554957829567486209936978149011
485267600720238015865263305191369250195876887396263186448229
336933448785455200221251191385269657967053454903465869171617
930256299854970801656729025771396302354644890745198997200018
1422521709325643354874095311197725045666232090011109675673105
888930354605297146690088471556461151653823627011447909011548
840795993168626008816598853277289581666757968899088220680697
963309588706240319678258735218933004797058661904558292578199
1108122929897985518389863893454573619975958795262921151857226
475430535412958310406325283338422271699508114814002282686595
693990267419696608661377601298768686057746674900782944506074
1060157720354662882721194436796190396093398595056741708230980
1512894722521319243608565409702287193716417396439242952315783
1514215352595332485271449463748154985356296755043824283627903
864473654570295798778037652341723680554505838546014597156466
862751070174131001996454131392542940472593363048207449682586
92068937161738740078217654942783997275498058055756647568020
1091725076513844689878016517820965124563399424257279796740963
1369304112508061851795737073023686733943264919372552348515678
1605808680565922877647632248718233966964348921012767516863830
60253382209823337123448939563069857469855959053191475921889
51520605058447504482767131337968480865955658631728356797151
540510195633455593863146200552083241772356521188539419221234
1495671297081146373781411336017012525965288543887021409236566
1197115181479712048170329709827462885603374611859727299411312
566055945321408716191556109317430872558506381743554269258097
957644043360031869585235574711499834719320553820373433588119
1590460395614696343778660380828431909728289642908068532121234
159017397216262371827195693232815391043016136390901531513912
1481157810283432332047795596286688304559784994050927048448485
1497103942390891562532710791374360416130811423775843393767849
1138786696716477058160153456932571913039265906481908313850070
581758703211122908786344448903393674262469741604292034107495
1190013017967092989697441700309967898572667794041021622439408
1139361178092413275915505053082048217798530759709930426034995
1335043540504606099904316689059404546100211723530782595500293
1487941903913014629499461477968896342400596517396471092474551
574276425195300047844181395739643613583810765195186318940670
238146351629045763533813434630580498046947642464744318655446
1596966156773786500582487377564785280596540961615420839734397
343341218372416277876976710335752831679186944826412927647258
1503107833476289028301018495708067965171031821588835819507827
1393768921271545856609192554236438359008911466756378567480932
513495304052368913784597861535901970078413745770483267316459
1070067166119331228162882506601469899970909172400956011991201
1370550106841534111286904346765420612286177232677328383074224
1247749210673746718911602593274791360357743558621756820361409
581814385763625913200257802712843629252409786838132341141890
819307107131624241443738564271489294481083476686993720135616
492008171076661996891498984100279737933306246862712000980140
309027555569484162061685515937249640517280810714290512900965
1471069742542012252425337528707493651835346676874171408207504
897366549801603960566555681349064497480272519620008771723031
397029119917126701670558371572890715374105575901406957005412
381025590720792477605426589725934650915526062943530752249659
42891943666835002947893753024378545314781152850509248442124
325538159849423872817429043296652569337793603267202370571932
1232674717359693814088925342546013404446897919939994461811917
1188334541635196772666960571954389121039480533128104146288738
1090784605030199284357753116723918698164210915457575861456975
1420506961477173312118923797579873992804867881034485035583553
456782535760372861200799289489393495433279761007711632891237
1443409632109995766486330353288059997949005071846716852758317
541171763861011248276832328961072490013274035801610924982766
1178358172935578335692365556569513060014199720714153034096922
489666729539328403909268003725226131302118966337544090149603
814734065014345236868012324973198531978482132744359699680710
1199586840957410637126671418363113996359597791080891349995424
1241186251099931699601592673637848467925910235884914987996492
192629545461678516284166046249471934003130991732125941786657
106072794136009239637546166154101898439984192575250475062252
962318180617100531662773779559598246127430893635006745501060
1093848784997458184448760109719782806358792420455217592033715
259581847254521074322191273109090659253793176064472679480541
547835264728885163049488479048974824542500775451976715283619
762821560279780926605465462482020468890647458206573564223413
203906080921917312813569449093510766258496805524779970075610
660330042056716401721807153679653803627736715648545023770081
1393621635777361190805863996935768145377753428835973973445774
74250944425312604812669465735646960611874375505349837077210
531059861064172329154874836086743481393359941154568059008344
1018130699911034170129171801863090119646461577205002966568420
1335182671541484725984161875683163551732611415917740577152528
698730084954531131824224321430975852330952115790221607300920
422285356093816101822413444989625460310306717014101780880659
548222024876900188965191644301355461690782516551834069911001
611481976776633541668542318706660376461315608280641070382469
398422325299717871176646788187900544145250507292410944261043
727955472529244731237849934425406080893915935214047914361558
1569472105799313570503338144243250499377979886369187349381640
786736348139729846032281824682596733895164052546954348796960
1553516484839332668178974797273954813412927763948378581166216
826824165590025671728306918895209776554034389580502896858752
409763181802941809871912251786614457843193968186704320620224
141237192464567619287281175200328005018402959096554912405102
673865960837987530900142809511910601501690374777788189111483
1492431606770933292806252489411762091547602551252374038527861
92102144365187710495289762116324296333825257710346734219588
418318118023626791747151733622280743841041094490796881346626
32093875897474787655084291372400890138622626193242255810645
1341419469251571269822385177448125131249866542785650942566766
386645741990159621785355253514923432313194933890330294794560
1547233875815807540451319042655825270882185717925840128971713
975345033350861017213538879839816209208679508987407979391571
616147096873772914264237515750007120984983203609208510098812
182283275357669772404856657092670790927794540034252531121174
1487494086989479855955592120611727049170280170523374416252279
715277391586494823389631195161502759723627316032644289543278
857529352945556353040122139937066397703499432611654203115244
1298154046754457541082210675268109838868186304219907310716529
826083890633564587808590808309928161330222923097838355968911
217422453592341107971977713196219999460004221237610268495533
16056799960623485440143305770597580247631782076002297927666
358489974441744748704980731564388960959222217863593012613882
860522966736794893292846349937056516232372078765098239163286
1152938766682593728050583498190659853268033215003449037909683
934393935500928233939620840880427052701849642579682731019250
837276944825574804460279413587787453812887176081969275644991
1391879619115650002799070991732712272766935585424770564180511
13014453039960563520247449749080446062961104061021915926540
262082776799699160533887108718590654925816524571960710496354
703449619156297707200059878518916501021181675898174509500150
1058212580315585780388658344437416099340179798395519972935995
880117390130864329243176715092345179585054562050035175399402
