3600
~
40
~
2
~
178657210345
857627120741
182686401397
258323137432
345838443079
162277919665
415213135319
246059798095
856415007262
174685997173
419016347443
758441317357
40964926816
357235853474
408042283864
121969625647
828810595724
1023494691195
422334757351
395585163248
588932392309
369583104527
316912894112
95402445605
849212833365
272811871759
189128620031
74845855105
210529687372
663466429081
970656438184
470542743394
670190438916
1060635896696
341878518901
824733336560
479907965437
144763760185
719752277331
968091004733
