3600
~
300
~
2
~
505992729637468338262432765494188029068692458049350490360564339004306356813050228460451686
1150855324653645093363751828188757487223614213031095217964650969050554345380896372844206866
1770892896500293459851213465822584841412420282046001601171394819115903998037832593232241432
1552533541203597703175187869833034688406770974536708170472999196679063280927433108854315338
15809195744795330618049699575672204553933708299587378877871237312769284233468708740035547
1716225048454650785782278619486542759874603602911300287091226662825275557308005615250224474
1234026482295590393280618885780882656054925944894048370960042244893544631187307508036478987
1802370665764607668257331241679867132033998006233243526196731798219145600569871026238461795
910519646158199203864760112644212304994073472709934436876490228984222763397641689265347072
378314338960318406791597032008706341677939314307526051442893945573449689389969578161314655
867602544091817973333380051664626577111224650671177582148484351989144513235241472222809073
979231729842451345232156157301149899474936122623355620270560734163375200888832435232897183
1709380555133311602692827326644379967223037811134701223649719164786186200021180951256644413
1483771299675830093356942844093524288253869187985965773222571408286354765748219399290389709
1835072077473725467837238279027679989388390754356117998164365221271651620604597117134609623
1261626659533587309471546064479537009965778968891503774121820366453294205238315442517525857
579739557662247313323605842689951913672286055282643405360742183438531344989271801931032347
414789417853132309317199656547549527942148722806702232901338473438874015142579900168598694
548503575681612581931166622037024540964973524738735791040065141453093603310809045909704916
1500906886562030442569085179019827661410172867299124538713150140445769167841162333433589859
1789098327422588555705777239825788572004287500934681435438625658555175528984774389445440354
154180789122826111512135485776183295397690571243074124546912731099295271818064031699776421
512756585422517954463798240342653893572376553474478266171247581010934062760211631845545096
1008549496385439045838475369820214900124250077308684342686708713938545620290028817115244671
1281105747443873388807563388377479850238074061070975735634900779370420613208614798511383074
274856055607473880210983722627677402084351178195402463944245720925963792743917595374660501
1314555609632602499834607049432749654407981848029094896348369318912446901221163174459415209
482803558099323123344548220831237269941791191447345304291354958419814107335763157095693914
1789154524797070737576814720438308923959882075196500320679007025589651219167575344168643203
217773861977187906671047114281161135626118679223485015846772013451432707837105850086872065
328453241713953833199584909594190151603386177457063202542636642534894777440217900078516120
1381112765408542798927239400341676082516440594403867323321179724337587331063512677194733892
307167846458745817422323243555424309615311594099146776632154474095848252868971816942170062
758807591963093023261866954897752855215405074999018920954062126304067669863366023764109328
1975739200600690392399689681753743365276163913040181239620764719944264174791072838337132710
1369128593464029895628779976260029487149254716705360038358576161613342706449782894265617300
2004761257221235212238674118792535388629577881746010511570592246935716769752462866777788820
295829478140947699763001452687293156024933546726751305134287240110129512657264399862846765
214432421550301661940805007615027398501361512992624220406558007916448324341671082663839482
1725674888713921632160628068428169485040983854076931899688773342159018041908354258598987533
1090167283232312821888387165349902024937433670276654137665132548934181023367956919463978420
695180375872051816709743548389907394025233600576799350260434479842076280141505524984172456
1391405692716639557905555919573035898074539008608997403126581507802034876764680924120458925
1824458635644528812095621701990631759111540659926916974955631771809012182857587438387325470
1298680876547109240095410658625842370550668214874621161494676680940258551484211344972672418
2034565234961247171551508263521777344396185760668129484282269431896952473006746257110183966
856241497942780882103784412772399955192777308349034745272467084112947391970187546967483368
720905221366760125752800329612281115790187043206959930695553043330176965496472756508087143
44563755562717059207230308516187386344380864004112306169854142125938473758390307385943252
199658209455084210584941465344966315432056447090838774475700402592844505778540409472178158
696488419182706436853137303102873826418272751870655241041988801956485752267690777516122335
1641186411247416462299827300568364232954543796897350148537820547227973597655446892842117540
1631679636013734535173489869273379317299100186849876284104609559924679927696101397536385369
442523595432299870849807627423787259839919329243666806167185998618348083673229980954305381
1291542947000639268558025724077303646208504537328764839214312220874136145222024059158831094
1639248960668799959351029422070309548838202140343086157102583166267671215101495398071675224
1254816877807195433867879339658100250749287255603085246142080390245706075696872909046365396
879307460784542351001858409804341569394796883397611437308297419884741989220163361062277254
249234920904000676126954896504794895869464011360957609850926033302133596614412968762521812
1688467571341678470947215503204168247852622814142829487762882573982197245258479377670945412
1980783417518553704631537836043535419324150887275933196141984121288782790688970801428253739
1838911858675111179477979580576012007325671026071395825027021095493056916164380020184371500
1284408062673550640313062187169446219765782080679351015821308875844995486508467367857681220
902311711407032910441118605197167553882632727062240468260584642260436834671402195956822523
1995065430839549911532215141430174373702434212602317159140292477743669125019108310617341799
513391214302561520736078673882885892854092319382824294127558163416310815039762665482758379
971688849553728684483797806224146304572876217658617177444154075768763919091376350211700880
2004557388680154196584557765398250617310205726657950255945522842649677722251660476085504670
1327783207898685910257245498371538031246825093765074998144527629059496266168572996049944835
1410578498491539239480550382483447546638861472663508568944955409700074741685915571441806998
1134646227214324361123821693220673741380473278823299796682179687443623434698896633151514259
1783084355162055880673754427677463656977841955755387647292309320739215516925554916888135889
1364016408279806787654985572924991014422919413848369491009650486057328094378190453778023864
2009815283388883153742381750358770946873137120438348966182408184066669698725356437714194704
1382051988940071145340663736519006318965708828233816803944024482394038023458139628079272340
1399501980926081652072768763062455536716891461495751659178750802332343028506215938421446722
77054429264883778085971763408018823538289890196077274927797065950815671829649028477222111
1387235013999616308570654744884601162149892428718633794672303948784578956907634075859811382
172687268287936354160403192884007098890515286929004363896039525263813113309598037143307377
1817969446206469949744240411996015986843561918349495395992159571126290330619634210964720979
1496401482865635470431986575424265577504937511915825425691141243776900653350818767466477829
1973088115894911404057894476002421967188462263491272084061309050246557462353667025937707211
822005863382603059737271325416060377047423752765708410882596272272955742117530784067731749
1382797138173491175587372334280302836774483853882810311548839647694013809987695622379277973
1757506958922230445078373431100928269599592826224580643171075822811810386688012433122701846
1476358628011141950685793158091957018053649144824053988099634020944544537594838947903151725
1124384229758914609964917927276067124489061579154949233732511697037921047021577308013665972
1681263281466404745739383024676793583506660631590852184577291104961670443095679758250742370
776867314599933484965964215472858004629547739979503051036370431323437816305757429171662043
1113855056217545032777817616135583706263647359149417729122446244072006240880157752806358582
1280170024381309387714099271399357711582339579570503075696342268365622978541573618432380678
323981694854993564354020415865797765741134383260356271109609402177572536775235006363394779
1443462778723115789010574807640086672850780884893477861971420157656453532291727062764446540
1200563735998562158753674805343998878847408565661561687623740948147641709912240514887843120
1494791747775081869859685656296833019170485864459399133576642104707014349908669066739413442
672593525592894351603155578726237746451523976786540613699340832847456508927482445138436105
963396845852427133430659107189213372309256174061970834348073235005042859972168115250554999
336900251018247860206824516940647390578667593041762469945389167334872244534791720641546713
307625308785121225779977892713509994576902457489659583258014441999809957354883923435073928
340685403758825148667096200103289743605110772085663602439445888394123058442741421133730149
1332475810634595927234550345992888552117917592829516002420245997710136170609900079520920888
1953758412010138386716382811911827890251967796586945311814598107177853685149770160150138396
1655964951610193842881856733351179462533706346150401984183801140080754996559342406311703583
422401723132750278852274696101739444591545167892087951071219862346555357013470423472957532
397095854681260086536474300222929168005812379658061992198218616726682862278429947953336256
719024999828448762976738634504713022014369905599236583539928645837843781644689822165764507
1934670608722564262690618772264083843643457897565102421751094067622421708564447676320606877
432564479735509826156184750180004798228495455598882929150649530055322110705638061654904142
67316306488049601994499745460561106196083561105245907876768718364527391372913540637770955
1554666690430567217744434525469639383354337453214601187933148097276278374496331463490363106
23130671191318113744199742979320349677861998652308697525731168720418732784285823831020564
1945624845743846893548471003860489853866161022087187498195441264267068376442759569781909299
1804298615629690010666485681129963438107967985119031846827357078834571293549044909574441535
2028185351774375440699402799227550076815352145229406133761939700573279881051074601044164322
1192618017542951899409702771553068149350860700839587504629269211326360719528085365476458198
476726313264803109908033145372677705850450514408458021774138200353461892328573487628505088
633261736798425685995176607610913442026195256169561504326189497773678577819893018168151433
593532170566691069379468913623244972333390850164388518065687269298322172826703752717197682
1836814530429868539225087899641910496859281618840073996002683678664785186041360260285073034
1638103990072092030459218143328407235478657198843116588565833800705053271438857989382655778
786164686582805531331808543879929351347965337689970575787476795961835428279755218145980119
1848811120528137182812715584685889185242384441429359473256372299962446254836310297207620574
36757434334267073367860710043206781844000479105361307461858299258220336640716140543803822
1078145698456733016805855635663012896746529404033517930496991297819074217172240944292742976
1420246163226434337199321312579149988224262776325368726742990825586357165639401758496701584
1414245907875444250766471983600337172091210306193577364949911277662243106825160405437399757
222013482580118516200640614547140235469176768183281834719562332568971275154062809930779843
1761008399014849488115433310087288640498545979829591544932858900874448366763824138860670560
562002556763580073592878662619454185726601079701785414063961255786360635921816735066423539
1440569470975689701106513016874498719775080778448159213749951429284487729887277455861454245
1020227418193429075647623181826978783887341186674816166450000707660160400056439101402504501
903809207393531144125943759995584413763684954621744287777564605761701161224831642718600733
1983539963979267628560804698616117348232729715357008955298684400422432065587729344477067388
886514868614277748373465494141256496562309102953520960400600892156239208182272499649042960
1932288944942283538125743160122473000683352001835765389434450636810911964505587409218767369
644809921090508906266207402120652670326227886888944175640328233048724557333022654721924929
1070386323013266694288208220798442804867073144099855381326393221659365628492540814687685808
689422861477157816736375464486418421672155258195614335983194049206756682280892945604772914
741828773292513291807329985773502072284419266080352000811598465555910015634054091240558918
1463720182175555630636821715459664497440989078648476947116691442229002792332117236660274930
1838771998248744373238405030186917359505357010757274212898374732526637287969442288821234317
1249742164534273503839530827111929250756839913830148544022756676695655373785953031336727301
1521027458360806993442278288353352976262988371711130246096537996231404026680678997081035160
1270196727536962794073866867229662114574315155154399245763598828105369564300798237602657676
851823863500731790188024744701573281190592915537051068266084172347770075130917506877605551
1076347924660360383602453654734421500665042568520527518597318859214248473210726314724658672
681870426508177518526463525064815753935590755027646419349510006142524756735754209562581144
331182924193141899210421089391303840976599598052640462558330064706482678589960089394735551
681870342688010679427093283452258658772085161835474161973217524197224916079321880556281792
1368816616847679800102315742577278104195843065285548880953476008002786817036470306403395026
151617015482037389237116972631290997751657883394396198359110890005776861356904792349209951
165883473237081965688240236979078764745269826598560929484563650224478148986872140430205333
1339856121310342991790264975020502436844414398308178036462211882816754299925188181635630279
161125552143688037542427726089335385152229622427714685890498472454356548164231286026740145
1122213547589196228445505378304385768231369194822485157891538227718057526550767488333057298
1904522543756078483668876176882437717148561915611883425373597535865618686645429147525377968
423380567438078658581114081508096735407333943223734051815296217527641100450657274930152707
1683531047790709410637556977066135953432977092339710009757894209862431941078693826852901836
228354906796334348543488683243841997536152859392147021878102261158330821503736747881086523
1014124125378390858810757587938033235716671813295809627294180101848132601455968944407147675
1651108822707413891559730322364798044415995054223141281996247313928976065663197629912330774
1403766959923382096987040956078505337458047557816432029319749306938163867311249390156199735
1781087532867540306750118723545752853993121420555552857589154397150803511004747470731338410
1838666625463766701437254698543117697753301437006334480117104199346631678735758606340264821
773606212233550541689843977952524128362147534744911075692696509747579083380965117973294542
740052610841479498544392419216141133843469638095295490642956740827497829682017341976694399
1213752845096326543178151236914416081249950262970972570392692757678178040251270960924308049
1080592197880043588254438012547691215257443072051736049088382377346678141420523388022645268
605699924818106528285276373842767626042026853802948941035375099579252057247544782580461251
1460426328014887811970837376671970143229523790720913447012847344981049268501155323589548205
1028842662267665686239539071305757210506309217701398167372498984100811479834627579402375784
1364669155518352925123967684343613643325792006640896084184685373796692368410558602981363598
101338621924199389515446276212976670174055432664897043937055114957072056707956122554335350
161223285501965034037713723176819033341189910382950864898380102306829320515096508527579756
1544134613406116797000365977996424980965997244884499114655408563781526296708474012132967440
1128533216440106064680867886260619392473013559828590294592501003227955516634810455914522159
1670007085791770131168520050878064393504825039608940851624764078893667621809128791343162140
1126007333252575601354134097045444164061480530910004770549224642236121922643879725719646316
547055552375679209688863103171710385960588267891808547917948060995037936785326492731771537
488362720235407542788045716746521511764016920081534885538719821628681476958500791029329718
1350405149189638157251629215891965093138352072977206481421091051621144666863103804845260581
1321350519043628833269403477953063829551640443245838129339343121302948247004282309852910879
551493138724949061285084178008085819233260524096998127420273470436587110980465987234421525
843807718025963573732175090531314713918869149722647775454767035530090725625204093847424707
1058319760915533340894583705706064205250699993032805073062038523754236948277636835785129135
332502848483711501136254154813753339111190581459443385094418399878555944083427889545466954
1395433081495183728582083644183782135142613650101505281775875423408084830266729651157127722
182593928900190575815815143132016223889453123313195115823124718612886682134243894992157978
381308851162120280773108504402424131924561046131428021892087521056207721076490701076484274
1236652584094204427363179036865894699785736790593474437130899801185706836716522058602357926
53525796701594999270449277100782947555076335430134110630424941070733373185290552806792649
1570640799873432916933758017220090011838129741905565311553052145684152541519293711549138012
887416330740995658555900483706224840397547103927660116395946691641849311363456290721730161
1355746519194087778978410030310285446263656921242031552516301186976221998672105673644207628
1644022353321030906918055901754435409117608410801073699116457549164969234509797830615496553
1805289153489437101453432668497024330734530683800109395078371590055117705278436274404407474
1474375512278081311465663212391960073873721437340879805005293901316111711281138191942021633
1444825563024985508195625753898546188962568570373895917546957466700488610744332539380174626
302986352952253011589115564887950240785349310416754027658760501907213248682290374124522345
1783104632198359841554014046683244994971409503307651850161327302556203467434547563911703256
1274054608636021182879848643418613196550743636916363943415103590776700294165974632911755530
1227908614630638070321876275185921740725587626258364951793314917220377754111567345604478313
674340676072400619210269938588696446035684099113811368917005081796959082392558429303032943
1294163316654477018153744540520239334158802621646651623248177920890135175783558566885280684
2003390605030291798575691550515922552573888479160326998435465852464173500560046080718523201
2008889322967522335856108513395626440736199029696534689976822903639266644309799029947452581
1396110485002924223142987386161217848541552986109086898316801406148265437637766929606901186
886063831482623581241137569257384748416213149533499823668759655205609433105117437330961091
1261416000628938519197613528947167568733190418504321734031871905584421483269107697219963602
136952636104263603952739527687455639161677899285932893204787765358200425821487874641918702
433505676959466017346384440228214799554660359318973613701212970210134370016493026012450052
924789296673104985344463530200932749939677008094579531487733949922781895605031757169118232
694923275998353808065129997422242021030908382514140540858340790345459968389547172601980782
1637978159289465093820435098223716533231396371184225326520015830369174854121271047590724674
1996577606621620166536712693841209933912968768736746155637349731253041553376228026457286106
490041927828546028751337818567063970349253692718342779299860874931929465609406166735505078
1338629718155444127782768402782446816974287772221756192511921828973483356421200884782484441
1736583386812203655236282805379126992824060763198534020632951400358280511915089143364244994
1039229005906238468500966272711300517907029900044855286995877685142477248348269263265614721
1283998026673084398429780443618259175500425221599848669041913994403760406009082416740252472
1064591746834425461366573749736030447918526573733643539896634749293372558929271699924266753
499926434879581470606198290303461050092145600000304272691271204726296444761661599650191874
2008261699219789398128494199911030831223307618873197574884770730459272785742378864053058234
1416704252994670914451519651149148011978485317746578253609619935849226423040863236236963542
1993605153172911866126038456832265136221692101872897425659930274466258366499371855495832040
366548881135664494090892871543927379042777688311934479210929756297819899435338867227423532
1737278039421704376863872470706218824917908361620981908668319261533158795606326133595109694
1706736400998859685527052677497049402887964042969576230215469640917099449019436650351251065
276360251860298108842437617952541838341719111120329548139912041326486150238346895389709175
667902403094849813894806697573629590240169402262485409347317921989441327004860247042500537
1430260435927118587818733608721779245816204062975078570575849373541020035925970625179310524
1080554237003147596248368798951510879248996076375997443721516557222343396528485745858677789
1781731010399061053894836522065024434180968378318396300857727729518644987530043800975074821
73390067556906390751439750519410426257719814036747420333359091357828225459194743844797097
198744168060684172883677683581426072526407415509740411366319029599112914029640659190626230
34391851362642205770572284573277313417626954109248109266399139578598053367744766022767421
632487876909142372241674285911368453427362599057262559133270675925575295793494675956853857
785782732798801316343152198166565743775639697453046762376302517009222863316008556315987037
337612520329011762481994407344950973989855551801552373708243737884992543722491216433656365
482298573238240268248798600800970437764595184840606321720275843435068101075995555639487771
758733510552750584684099073525084189473461999724743475172397507232824438126467201850189769
1184563980004656989117439329174284813134469455733399191263792145149933158611838505502965072
1169166173625569092137664795654457375212511235301557052453553393363081073483867941822419717
394096641857720026136170730241766923189830303412343395976771273939073491657056296757122882
1526228981030923062761969490210674611858705401592588436159198895634068734873090213027577104
1931954675619020593398866816808543630523270907525871182440134831902915244128036427640952618
1040980838969428649420778456094552145593634942270787801554853132701648016704830826158878371
2022758338240904962056691439838011319648331675865702387614275404989230497993811543920205319
1045115393807267073545410855433291529511736032810792821640885032589487524600679484168375628
1810955622375950741558588363160058039608854134777053249816929620771562421989911445822517990
62992592883302582366642497121363287996560115912954033723849378398735324875285485278255601
295907531690211868472183053583469013577942634692827454914287254559059083606433885432651337
1969827982761512426165929872066352450890816356323150540083737053352162642139635403413598006
942649492731142438691665970926910723151397536114233389452391819079760008621343840402647560
456466230488093432454680923035145360817875074999961862480809991203800311708603213496784569
592812888700089651513666999019591923052520911401756492822898371122666357697301609207993352
1071477541494881538743996232323370827131097867472294639764622970574579423898866835978758968
1872719620199833826853383522758057903059766074071792349958340957846453122500516760831965020
1112275942893170877452592075166307268920874952020771221040828334769789961893827636865743461
1352960894820166309115739620712400555968288399892766800954632552312776588022801925286066663
1054394632886985256895721939795997196809820720962810412553493691031547332435966306278163265
1536082347912263329591733282579174288110901814218710531316363975950462148743628285710110511
559637976488725858825508411548801597747494616660346096504888155331559433639905213614898064
1344170311416719991139821570196486522168315901761300898731634173750705467194044883839878055
1637169813926041390023540842565324792357045317935435852092932882775482251591558123716128930
1460303047599127409175574174991320396684877821489647332357650858002478773360886899192332105
1819716024440233992224437892170896510622348941979371241735673883176163141072540341550822284
220721145660813842721049407802406877495386118203164332842951930446161706816510795690883979
1996947539032198555860569385647369100911382951241312581377210460217394745852680053093167346
1884218268637988189838416670320456731657492395184119345537678912441122751774383469798717004
2005648060584049772191675168431626476995187376006186596841208471822226875906814750801513077
637427778030363906500184475832695471417232839687757376359207193833366185925172356847289755
61758867438308085438691075849709844385132385788393047250879980168096125214693276362480041
565808360293357803305548336471726813010009605609977260206955291583633244744218752741821302
823456728409312995150791126010719295553130832465986094205614756023507711274876632365795478
1567126847298079721983856170877836481699475637016910437770776142687127548281156964895888725
1653568306808142036588396114365865661462063365629083231812439051375257638245008409663241674
1860854726605387821263885271539460595925489802987333414421257247441822518140884206091085219
228369634722956120172307349931211715807535646841687146809025712347822352671079123698570620
1536412344610537451924963049490407663717752797445989681500027983497997837632588472819310232
1300170291125034594967396418318090622227663794979259081257646265380332967228177971346626302
510095873869205728717640165769879501750963295683566053124759412104204365631121874524938669
376683623603276387628589368940607691175958417229535785794704404594701592596958844593855543
712550039794763300403228172376018338501351312409422455958983475661433638712011504418191330
1377985461216395130178618950978653291855819822659433202510120706620361084708387417405815338
793292354296150997160972904724880541932302205574202502269904494577033446085855117954341256
1380511091731424836995907409282686024443404569345024842886711821573796756265588460696087576
707466008917397694147991969902177503445961649183436616785617824556161598892716980069870134
1134044087457587267216383754715489699481709740598334853765375815113728289755349610207451359
1019688535816052531889977594335282849277159410556750169999030987624003821254616087212958859
409195369786229178356115021522871041996591698053258784957727971517177146343927782794072085
85536545674895220978386716919226306317915164720372146983583762609435917546373503817544110
751396412774255426791975311474007858559926328149841972713260582627331335261250627704614095
672678115520666221631641402816847174981524607124397904647598854608208632550352989588408608
1455094426080332388326689117803413922790773611087357257916601336041435717407333944252937400
1546075889038962439524129716529105154916927028523430912726972104377987801032878993647197156
1501053013363340708871542115240975295778665659158939067368465432075913547241997140667240813
1722725076334510163856090056036226036534826884253724896111112087786697795555117860253331621
1430845012366024893382868496794278331230754162938438767719051969824070465388454729715141794
1355668074565184095751888397317824045498194807653941789709812883255756771190642678406572103
