3600
~
60
~
2
~
1119549064775250027
468194455233619907
401319826398163739
870201950842934029
595375551588270685
557282750422044789
681266507766318322
589619282494025420
61557446422098713
416437907837861332
843540653230741726
747206498254613266
909330963343646983
413882740346439097
570611205384484665
52175629638679065
401918514453189738
599131557026979718
916604595987995612
700799347814503097
840771177066912209
772159274625805770
889494748952769089
586080898436035632
159388526213598652
64884086242534220
64786602429096281
1008197367569344955
306113939945190632
304632403717319621
758635528366621626
694888400355703031
701492690530387180
1065690463493774
149152013890999636
309477948287814403
401064466893289872
566171175888321825
707268073860427122
394020207577940
1111612854012210522
126656670208142780
1108763208616054717
1126199592006491813
325018908669981381
418918561165915742
728859715837138295
359706656917948692
1142647349587964491
561794609269028795
825075359181166773
191807383656645676
1003836682861249043
56182732440786366
147479567686002857
494396635670672094
216385221615524655
291206279311229503
648336759815482366
1144487718401571666
