3600
~
400
~
2
~
2391881152119905941304992841380940223098660122393607045485574584786700664200570523327495109727723908630417069976748549096
2567501970863432141881911388338665252226145588820878961589151928827512724271439280512525941897823043690354017428388128207
1354916493131410752540815308114381733255010112733023527606236083309943398306630058052224116252950915793930781374507213305
1634913381967479095151652958524970190527493152807784405180755895686494530067688318637759674257765854453510150586975232809
1339108866318760643851477478128264741258646706870359925372126085954981957003298593894735561027921602073279655946954528256
304460638510120062228762561152998982873710607641061871772690230252576118366095732753437779097918359856296412702374782057
1934079846881290419260913217714528283000571994557045841713436701889586137491368859163500676352101787402270749776949138419
1757163141929892822499814968243863265859349713455807351264928956968230676393907200601363119348256376733280371914042082957
2193664656503029579256388924332884301416138788797209942715015198567371820890524103174574552189202031148323756499206315380
2019829336315835968178344981976464019238185043469704603666674605993599101213566983783140036266247053430088347197772267922
688438094195176116562500251608502197486782152591900691438173622000198663395392253014283066136235176487713960056874099192
1901732182722998595716017359272673419586200942628771590211293270406778031517432826707833828058488008758092282995042237697
1806936406414245650665751834754607662022508842223108921347654935082649281289885956383955732604078587137694202585932486947
953757994499821657172979734259066355981591436861871788259384666401925195724345507600534680401583160561284520884810100887
2543689177615377607042621713361707152630971916145807547422853004764447567606713895285750365236619394691547880206078422455
918649578287161163241008779386380303128004250766710172134981648961546660678743800938009875410029219333822017955019653115
563479301698100935281131637259878090123378845205459717018582899625628567751198551377730016651578822985755523178646911611
1616972410424800256028330516294581998523063684642762959179524901449051288757872719534188361679295586841794097675122957098
1095066618789910172084350312106321505202996633009837446448175267576686989008157020261066444411432685100010862824601006596
2131630051247489435809169288485814768926610285085516871549859484336622865457394401638792278603965260924776198210779260222
1718433210855751337044756745023250021764691116044590298130127611140245824670234862704413927863916890656038827524945328802
1191098646585751341315923609085846322450938372570729134094797007538692933641724220024957694958384887028336113281140804884
1239643063068207693286712657390155491369267154636285898078781283193343915628695417987649035702721600458983488843626181558
2190079271110471954676876587072261471222089980815598841461872514302084436274892141000008468428255130243626791285236972540
1905724826048368596172579948637334543277907138806990107783304455660523175991371307578693888111570678013457344201227831101
1141701114738154652391306014908121411250413198146995928025317302524500676289786008892044278456986128806783047518687428715
2310414371949939007820343138085150461474844425021221757214163637473352305171149784996202356246422125019613682334221089626
199693203791560621262611094808805429154100363286400110019249502413990678596534636167790390787784012787320527517341717195
60668818168542111588896294653490572821291021716248574805420719448788022059397248889983566632756008600245270103995427113
1406062751342460594787847278351903797699172989382373391081501047784558352986372273207242011369024859136994454864954237372
1818701989590682919535566079345571430258995754379065225358413770890124316735550880526587265800525564493543208936382107888
1145227182182637472983832165097947294954609598558816513468359254854207549712226538904814156938178143223900094713979153209
728938462142676041117374952745052717555123547746459201764053462313337133880028078518985601223585853455116939986080062926
799518219412714777385396442034808389243139558859261419542614445087976704311601908431108583668232471341175024267717044495
2363484114662053447144636187043371625386131309513136828733608287424249569477536724502497090937679955030389963208365868881
1738352251391739808425755860251361540460830214171719403830609059612278311136120081527466875677711263112825040881890509228
1702982419174373583748888895948045287417625924880858255267408844269501961778678856102982339116248451649519441326220008878
323127964687959662952384395200200522413956037668922098659955443941553688099398009179046828072540481270787928449918213519
839423099736151490208235256838117598592591293551129521272150536667049802647115102372011320103379930723367901807384961413
1522772209240218874461515747425772475263460582765518692036639149249993038080772738481994792577475474342601628717938246590
754825156130590801509174139659951995188277022777524963430715293100636807338384764598581278371818323792399571111395657173
1484384337208592835469185194987891815493951667798041528858521314917722727269184884393912561908396912215210392757215596964
1068541641142098682656615631430975175939838954902018654085828218114899162253387887891917955972243211744801990879618092612
1463622812854975608378611445318070977117707425121390359334065894617885718331672093212036326233840823988627922635578786646
1542037590701277599425837699096348339459477963983897086606522259071371192746383489336391439621490934804243239704234476347
1495815297713843838522113148589960795415582376536788555116847742699378323593092217393205426993612411765150967446965962334
2184828150458759689534284207867188964606529840495908625243778050547549647756034334773653809683519467323406138104264375663
1959856088398278967462074324698796018568312125491946105974810172487812425054996817332173588188894225025246232884180887422
1093635129606937211852627165630096440178362492401266740259971331583411607347250032077300786295799932634003087435636527066
1286406087599193094851850278507890987223033148587606647828736574426017499061681699972976542037420148566330145741614778544
1910271783270891274483354936082061683665496910293053549913624994223312871580462443535867061294169337275357468863764498601
322175518177191846040899373195787301131743782230901417764851353383712010927720155791946820926574076856374189318140652225
1370414045252789479953624583770057782519642872250519610975081848137727326126936450824312352672235393295839142780185609288
1605973527537625872874482007958237720385056629116413003490449638174207349651381660744758746408350147514127199469148698081
1470761374765113300920194478288517602106686459794640423192903349888428072935203208363568913166941179856224409378989855905
1538196677334473204787551141113404098796311328405045888216305792012087201709277146778151854810042372027910491815180063618
1072709733560357843451356073176233413087299477545139479589128251888854986670281226002797372403368106636335466075553273255
87940551040316888761113005110540771371842749095112547118192952379179917905925369545096863793037448748762822786119386968
1412423951093455608880132355049329922729371732169060498805699560812970051335971252251999716493636459010147667201290420094
243588069314350294960668215264129180938470621016976584718942866843448862300287263683946337266054105903539774035752804771
668341714468709380199143735266421943076256872634753439757192830166461459991030190059597717956591005298140653413791000179
2259324440036202632866700328461248006262723085471074914366552072034149322228599906901209716471354929357359096875979265497
988875483841609762251597729748039869622689509910772229997439034545102387894322862818576707819518660081559260729435642983
65169510398286083443325202564297200261246089817006078197195247557395299576979798844701653797700979924174383738277495465
2085241353629547702417921579837065468136511809501881052318727025540655668986886462314724009858001121722154314699821663610
153117187723315339845476091546407415831733262154644472322427815962139918422447997395669430705565526105564613718194537472
347783888718015925591182516433968314427799642887513449974685478663842767279947511082215361082628436223784205619009945748
815033708108044121422024606272583029673284723532885594420685014210519105472387901855330807594088188112776782031724757931
75144115695122567724154743743491429789765903969836797533136475606937296436240390881584395835156000864195815970908110169
959726855744096999116898892648021055695565931691334090114283989028610999696475510135029554381896390859898184559623226799
1762614378850877942080346649671969871671267795760443582091878778991030066080438912615470570592816359801381533841534298276
2114654936233696919703188575295829246613857104601188518482419317757731701043722153564926299064060481371586323587159325943
1037345964440449382498498946119845885535237664590336287835053216604522709188583432061087888203956245563451009392232399423
2581474835328698075369430337802529823860226987607068935462132842301731906751824182858233727103552127485964363204675735157
873249793638861998836981619272733701822575154001168661833097039147518752294458679827123822303987783172706243242097901066
1658173688749823016309653201098950926028355820975881823468638861658672906659090419715470035137534438212317929443017414878
2567815180039226256273436924215318998431976140256468746998470497102459599098532749964601106768027347714244874131959462350
899832135941584648356438262042340656275902130942171825473515891447770002848754507080527255196858273811346163717484013609
2475427002313911600406543985814995824843879430033583266584821127932999429810248692974320627444399324814028575616537719758
1120739298484244301639498082596285222915859755172336343931631431767689160658398470592300880298348662079384651659821529432
1060697000870073480750417502252059496401769709190980871000339641891756129960449253917522558637870474866894353281336913636
2525482984365609325845492068188359394903083367372798585533140622475565556428190379600592971774970588667356852684528505381
1311120178531672187394942657149182642465946637994428697809981805895558275268047015023648147953629033203557294539253064077
1288543972453907750626368894039161718318790806770288652980554599802562552301637004736204291207987150685466240532990396756
1392446980474187938953858003593172081661075107045775270975451594608539013321063657151025688996276889768650283146766707616
2142125043189755596760302540271760906608489181864052904565961029293705204077833019254415497349243813363605670229220409852
648440464411382352855976331925266319160410055249713065959595903647757158358195947479532902695923170286909858236620893357
1960085815131253274915265986571366180985875127080941958552588483792696890766214688755039639801584178284717058823493146712
1678379605675479639241857950943286516733160866461297848424257294594431502558776915929928569317326392604501597488023582480
604356633386216707925919965169933298388657750684548928103774281766181182891350744705159611535807281705210639503088554110
1521416737095152126548148751217004297696114455910741763773533861797147709773825354174699013345269653327947753034138513877
503699541271261668137828095357967615557961403261898497804848975728469554575767473492028418232768396098738043075591371360
1348828035040165782349553950646737045483406643940340432482864235039122159938997554522320950277933521641997715283657099781
75772695604374327376827760274622326795173975255511738043694366864631197364735872157604053061807572747269628342936438221
941474543665729344121921794312019562883368711119565973231464342651549374714400436975508509006249719902405802630328293675
1638706495080467946799544205156353134914875952032886114859694491919894105123334350906823354880762116374427332646418481422
378080431681531499251448941810093146194471424212081507893021815944533519810536735163818082976845001639455374750797623675
1118029670660757335565859386615165914431172458035211533716095995464232020190517593418876006587575639446632650471561718819
1017944617218780744720128360704366702999662788028761665207678722019559738455948190809135782676648195924570043869542368437
313216477075990357552574182628357366510935175299687591908090712730606523514411934267672098493400331486064746662980118256
1838017363551360103342507942535790347309109140894191913052382560546920390669639177021846308196189339162850184971469197877
2414456149231587501760056484533355571826986383366993156722028442021584359374780745265915412013264082360072017710089182673
1181036783401920036531973753266416008436936024789747604618069297048424751223088862660985821375418769957609788090706000453
1001091062400291007963974755949046398877044510768625134001712136060585533408554898928869030038179902423943851785960798930
1244245218580437904719240440483862620818514332931264252234553623188237917589433685405056362535459864835230316297438531048
2435846333024351696061458609421162427647126129383797901418545542549193857737701990626746945379489759237276965320298541507
1602753034915006995007368594911380130567139510956202518102296266100633639097463667822809322971608773144609023362080617292
639052166246557458765989324742070542494648858038224417829482883998965392844297423303926929587522741875531119260422336895
1362643237527445800633577146375746407608877045169567310748700517381764463229208873887702197147980397628117993455217266847
1939653425799381680478903892306577287113479620435921951556980302861405647119806295481255077672389133857336276226493632600
1423935559285355540959011500991340924005682145875665426057925975217441024898509616587247692223556532857686627152022655736
2515621126240577499063049658768100802838296401657963240230404252111412825947031398176286660989928181751223996914183487954
1477922438495641587776175879483089509548626600223131228262850476821972583885340503694782493701119379327458666675033002715
2571592126477922790909466913186720711659376011288542341217625155509787292921518941175869393099578644629362425013543922724
2005618563404794987120050087776792231367030694754393525481603213255124234242355922737881435054487183704730663506404055394
839990231693844766058325041403883893165942744507332282405380241783106091175702134470668164970453898829428161270347852324
2095878342316706883151771442162179085472257883017614697442220674532882935109148127053797047009821195694304365210010947176
1995539488558386475805106848799337855229878529757809863144682662046870113577011510707767499621032857529171688806455427585
2071646167054501653544944225136316050923740480055367168154434036895797419719152979973802728322486989672650575757951373872
1102648030387302825957674464725705561941661895494170988772538779413700700752169290995342563521928929459310261614004138990
1716813275232827250299923553402144251988258983744552944999895106999881490765417384559575006123908508058199752524471132947
1103374783844917222504153011735220501421297628992074395916717093312194687210513012924820552501255017079051337913190638354
2351998614940114420049786611077857200417305147716771807759069635998425286214710937911905635191110435042453747263498520300
428638532427255161041799546815528963219217424011531202941272901921889058430226624444965973238981917175426745107587364935
1826771382498728510336087882914838039392715047894172868346094232892368019329392404348032098637422347066679712487482200415
818654186686704010265570666070981816039688997032727555914602048498273935994886759863566606499667672850326960271924025424
1546562334526077197981965387335534038332105629205098588374991048826091167865622709201669235003225999905899906051453167164
1746104120815898203698798316024731597123058481150928390837508219159043580633866493000395194302725921085315093690885383527
1911929648146614550762816381291220589837559874697644499706186645968828165558554657956452767263549233235113586200917877676
1249334953629510637787889582098499633830347971336115777642271779951882753080739232541618300238385383429662716574929271213
21204433011409858331919144306560415229989558458692326093720619518771735586824602933844100739867494337150074418021251065
1793070126563839115300772748907399776280588079383895385003855230302677850096263314051972178513443644558971478667489938216
1065201643462494332214508750683510585707937194857607779971166462971330904677153142455898279772005102916487315081790907109
1617020689430705180810523480761994197301149142286146023942026586529561554182799579424227313095548237421295923258829349846
700870206852214174183007507843401375582625420703100486407069109914114330716119373584725840441572784670732107130421614635
117064320985937007857136589444039292102437476102413529321695042563063847465905277190405960039109280494111130231964460562
2236663992415659300027073438832704794034028290379039343152290132293622959803822007030575342727587817106933157948368996718
2448953647389233381416252951237110938715468523487932249072169516513032318034354908101831196852044825634611895009483566899
1108263046485728208371209917250161717130895623954984306110515204659969411323086291230563302344110714509513421438827067187
1468669506606161430284906175088125439437885869844315964921070406892617895067516734022213451053506732208351891412519541503
73739099157922463750608824083892932137761147864597868603651490578493549684066921136917913334478018352943142562098284806
1385460794952824687489004337896736670086818575874471537460772857356006522395308737856570089560256030148468047004040382139
279221555327758890982051992295753315057374687790787822278050520664047623660148862695341980075560151071584844642155658070
496889287201927484073089197779636467271052187416601349158233187193724687205463090888825880504238314777961569612828005715
1224828288214567434609748041304708157991112329467395343381843221281832087826010006585523798888834943921641982438589710154
81996463735864299266855928398228975611445123985285409668397304265477013461360435763609864971867598219476501024166214498
1160936613729906098747124159482277996087679423711875466661558615183352719814603746445586800100179250658039022327821790190
899178198905012409869019003012247775189197414953347519374896017700953598853075089363352787720854125342075243111697800215
503129472953348085617962236272099960134631282768216187079190667285556156748244935511928588930676393846550194962654841566
641736205367484590174535098210467820457709058537860404061609564116536424437897560510148050918252905682550108137777568705
1130678366638178031418367366105088154572523318760081543489794144094890756125346613775076521786736445752792969242402322657
2344677708451600022316605282546345260798271054607152933611344323297032298771243057577297868684841208303802958998049785362
2084873740261689792491210536391109169680114180056748725415272504191953720612083792124686339198662231979215128453036112832
1311457451089569875145720882411479423569179875610006704384322851772701275166233585017020503515172122308078436885350230616
1225887244517160813456392018541762207616905107049753585484707488933584004560355946539355200701449170352195902030868174393
2080487614411319663151866179616852257873804284070171449380890910628828459799704000984949978455718388711456738970023413365
2203588664481399604515751697565004008166585676643122190840134079226162159688960512055910655385870646225333198125505626727
360901341431027020148802326934174472371825088494760445268365869974055282244514670665193080139359377520107070083768105013
2155604122133124541483089946963026691246215917262567767394681100772890764270905351334420030545553305477936523580171856835
692275561586221339006638303866861275017631485899461002147249586739107066837308915838443840686041058766837359483170822688
1067445603798115319262765508129508056956505184740796947718274956826737246829364077421282911345550059600300212786076421642
1648461489968275882623531585648274377826646701131046991122434416972401962262839912952776549456174124215733092706558741379
471130042258270473312411500820061212904992073242146584707587462157318001876115363983054248774703066676929015953832112176
730843456738642322853859349522624933569498343336487797508547680264189867916997121274354241378147873528272849482994908500
1324095557892250609919347978095111752699468244693524361057731502915755371322000312556510933963243665036784301192938316589
2248250504137203278971485439320568000216364069860964908261537993721415604246362370019818504383184273042488074886379285905
1769485991738496737963023284671500752296806490288140288362363382589461126342444337199499688739503192220489309238107247218
1242179181934622580092650060797051104018905855591357472407357540772338811381470173783255690004414613832128346925654295614
1326799921787029973748943546724056729095388603095860406014886081475586963069689963911219136357838045996866819464215605625
1841293057850620557419948882820282094652434124065942433183765486787184074460999650728435582065296672155644869752606250659
1674412441014460044147625834309010279302842300137861347744634027744320270018667845116208696805367361313372594867835526842
2504712487646401667807140464595374941779894073418913763616149138159221998233785065110475064273739164294791182599014365621
1106843570693657385675348281956312643282483853480146495056534485743249397272929333425366437171395834237546864832591783532
1336053029525356467379149932206408206850684962581369237749940851076014682558928816191192765567016411352030418338280483629
1044133596559224907214078641720836206536941061550237344105132426314546252952505837574959067186203899809573734427558930939
1666931387404139131289513786400839821407164178131685990983184428621114664418744131565178289380468774567492718459046329326
672720763418612103549904927122470309121177438311855379337298968073740779519676655756758635459385463125494385459687742640
2334968003832826946028879522861142340159723075179627999607379686342615840512778467493348933804216268241535386351012748692
1418522837475953378216782788619843995699505138012021753283937773392465438405716445759380349554194617460052400004751930872
460039456783721575001109488186512530794764364116913835099359333634007793876992977420111886816403382623653993370630298653
519506702768807761607884914951766674990327733619519851203076040038200938515644532222916132165253285838329914016036218643
267287146193501437579524636661669189602941650335957667858885270520036610894611021443817908816769384640165379367643809955
1337812198318672280259882914722711597550382570925056093441118400929372468356139285409315122744533786387440009052279955042
2156979853408768383113208972817063912907615161734669952087894871024918133800477703629010331622834889300877287898471956726
784131756227717411952349250543019915546624672176067805179439671616670027643574893696202638617604652183443560157038737402
157648412197430816507774151904052354427344893763846930563191516393390902593913695041423973644054900578279603600568295338
1341493535063159525206804221913933628311272378420036997040657253954005715877807688207345630356036202623751963351206574145
1368073580406884132249720033908855429382717030803932532474921137969570404987935813802765932503672675010717519526843815583
828600738771049150694670591382230731626888737903682325705409513856232185175779789701932509175620109025812964675133734146
298115145633310472956747391738485675207983294241471443550891484506001105042167143528196351949996369262264436803550678226
617014790998194452303691864535619838405824032784406326507965321520210487292251737458916363099542031761141011223991484922
1509686071947789410533647492057261871758514501523792934737878523782775749133887503432583924672706934222628593471084149628
800816308740696080338230320293440937588325161888881100243398286452557875445777059342876839367626506801373058474736938922
709424734228834250404111675642009398259402344803518723688595162755242033192148368606808443510969562292156844240575956324
596358454810997460757144651426486866511215385572183617374491301382069885809875045136497886408435975190989755920522256777
1152466852607465598069047235959712983696574324275426278176069625136828412631482704675363717900959629479756554589437867755
1725087969270488075865534764685659697800534994479730838502791297216269149358055615882498903895395313504709387789384456997
2534381110414973302921969258818040709454168626492524827770285275175747883816743580690623999669396233305619661151371722378
1011463876589633071931889179802216626772945340440891066885781048751960465446629285660034848400520702870307060026041150245
1379708317514081469529824186169062680708207085875499128410205652692172189316373626274892749262950148860597733465325769128
2352587350338089063716890745643137146837435856655182996390674510464504144701747017780299206740513580365739400330527102470
1424625562436399288701250965428028051549018671691922290065262113585178961872920016859349927725184298034936196817430733333
444280132963647096660105822191444788528471506876411084574450615636926416551886157302273738723184985566834262375478712575
20081111976472127847933461010429623810543830947598846935371538500538804317375419307118733698980477911257733476165595093
1050228117425591782099701416580435075234772547769977963443874306562229997141507746983592177519458945655645441448857206283
539096272069350531175655316071473219963672621923498681356214747932858346453827291877346374688612770148143947503758683548
17431072389685214342890253665064315455493287684173539736714141573968839566280920783942980824956483817469039332186118964
2512933188349920932805183644701640315061692501843418215574921332062574173496372351571511232212580958799804530304694737300
2116658553197517125693756578083962800624323913669010487675124348924836388739823755017278401932641091245405978716929700294
186227166931644942569383010950440326683789920087104213613863966605472385676141248409017770836461947087314429137718636596
946635844844066874459604953465880499547242335936446103290132539672641528847620214916939112871728368582461736778616289985
1155836590070024124332511401099845186529375035725282669116663595369762723324128773779416356230239657107053713655164326622
1768883214946566034684834043393549597336114450169878698441794048925238752502669045740852466370668811101552412998356450937
1882304700088261936683819404613592895322459293380758286898930868354661302303536076857509982632275094024966403234137063360
2548685021023354582442046617657786786529800920505658738207937168956376202115088747044403584271209595712484039936163721791
1580978837083032896363333882424828360552651686858777013943629902486106311818067162070909195524329653766240569160024470332
2397771338607455159189588648477568199092904229019695714301755167838882319427457334524849011259087513310130612545837503405
1390378920768106247194683348443198800744005650875451997071227024502089990188012683275050697650253217847869255814300242335
670355607746908763173563406309002482114962870862477694777656746650412846233491512966992289388934668777397996807033014891
1418609238636501876051579298792275476551577321208555402284348413596313791366575931654483259212187926788297713299402101935
745767476145835268178458466390644392260527714692433685504907724269885639475614177701418321863422773808615541749235955500
2247997189089625476386442267569246414340490862489727568319318315465431378532578387995104385090158558815396267239359697220
74463264711234700097378408876450137651849617439359831478626620716794784937601354518488550474969819930452829005991429275
2296673888988441490855843273312834120433539748186798151735499806130858352981196757666788479154437441750309628597712257214
2258343565967306246274073134034546357549100212433433974895185473917262065757171924945132287121214669008626676251629595443
1630923067345727140371055108306377241038900854207996895656369922627705145008016371703626844773782993473502932021484581648
911068166992061530826088973836430692463717040734231449055490336793436562703174291707848701048902295922041844334569452939
754925613125782905321667263628569893900753304654910638968333091439238412342267271529603609229807376936807587731267527797
952559573681370069776832506872329870685545837397930999051170070068084877756018193050971811173142284803614299361386769363
39136325473007301916259454128292986441179940573519716318006430490985314803515046933421756617280292130214714448469171906
1071601065022717446606179821720556324157333502317789814758028573528384287102449235186788127337499032290802622489566659893
1770336881866904650883805062249597982857300089952391219456290563388109561552439605533131199067551646627662238220368096966
2193328018532115477930890215995336922043976875024508276576572004619656633806089091398225261300944438843598418184315704508
2280782555999563026015235325147474353776116645620015967816898369773852829081773133305806878472276225024604873337085408980
1042143495167034873437231253455552945717891220300045942604538039464348266505037292729319626914697751178556717691326439806
298036510663072912185873371624658019642136207018169236749327272093176180772745966666555409394545142038083361607573318975
2513577418220702932549334144617390081033014261659828576052800788056546582331667265653325475624614072865231410025497671457
776463539339537705375068147190069323954119505066673549046525412430094980740403760154075648826627090518296262087974623755
2482545494020171455687379574818955528498380235372671313811612811913082160042457925685514051318027905469181616603554744304
2220942052032578335753888361629055223195957086451905565049704330292277205313679760387014155943190872951617927490898177920
2499962747845049670284418603942290609591789271219432262034311078039372255002876788201830881500532871352790948090592945756
254508472540191288148023028068957019851136111251940163372134822996037879767486839698828808592552875883417411332548978527
2345782099851925663372082536114990802540520107217337460671480443671617182475169883824143600016057702917428501915976440606
1441927123281174760691983922096829532424810818932671047952772492308937086700353586650006252342779944384241023876045523883
1177433002847072931737249367048572847048142112821633222537233611641457483093615017813804453591569914428783113913100225626
1121329197415801752029214999010207430685049404144612552015667342214220704898946736088469358058916775938732157790061197222
1850742738630144071987344859317969410623863979338910969617521868076473712643735917951628049285370537008556249951001925465
725281358800164465169372896675795956176505841136276802545639142265197887185081173668145247310493026750569334265660011713
2003715347491479692161702801294513455499936774761491097279234793355248645668998838993577762497939877879719521944178785622
1214485555700190889902441271206756685910603949448057595099342217661713985529499869605252424298879352972431097354757125215
1005470937495214384787899677038584592747069305063026450011848937678175680670487802740074053728602701778376782585328519222
1728177480062534874699963839398245660552131769576248958509103562943568761113449934828335140658761248211902848322079627248
282813868399063490145023582847439465150748861117145645180930233474827665959782561265436008772233026815142270495343651401
2481203434698030865805262640957116580917071327552478815502453128615834885317735303797124739289454869807063111005327677088
127650810124631225568037346481590077734956374001736450503816054930837819910122913293073233195983165503867420775346262649
365162634272789482594720320565072753095068220396373570780956231272660316157770258996150557533596120705399129768311063424
626558301319138844209670474120806844031648216973117222399974256087395084264533485710751135527318909477608988064251690621
1942035685541430829430656219943120469732534681701048900676595511457053256788503488746789554052904152247705771865069494795
1599727471517826959931099334670806834725966266247093847434807805575522227067641807872531798682201061286792335404164710378
1303274286928284835744198523764088843691048712920420826106423173052638588482473968866038950814907782178972445502507263875
1778276690088287842308227661064051850081890622919277690803192248802332727852216159036011354592008388888117654827739893335
2400002380020924827861937786468741610427495284637370445526681976848999668166203044047700141061876284883690975444336246965
2101365751390675566215409045313787787019930757921041123024518837690292813013398670537159855285069424645485244984631331760
437294016275862066382613789553362407578050048916363051085260900293233657936584105607240903891775816720855127795060766056
2045995035909328013660876996385558048174300385250179733236175803482606415663940593788418258290320700414255316976802067278
2072512472792323063192906116348967380307155419774969183207755565353142420214826100999941109509133409174846702948751948828
1368259511541084126904200833273593790846368494605688807815079082204380788684849443790871499006362728564882875105976128674
1807947532296294408639753398009504623135283403928479214629813509221104896245949220477626491255365051076570173183995678931
1882109964386997823437504189455829301850204657797328279535985926509174900660790201491324296754675541003109731286949756327
277781232418581362059816128590642225398717909004641141510271541909929461998619974815576386927695068340749174457394168818
1541477549752742947107558483546230190172042049125618327665761072402136247676239374998785472296275484760429648602752502618
1089296409576841596232660162451379996351578631320318368506259950946415231645673166027257903336177212145084969891789534603
357489818965413776258692166725690804243577315733152186028923770410827588463522095962553778757358434654895033978227796585
566500856777139422646540336011259599270857462105310333656615463017614201843532440704510835644800291724702626209792102147
1774806999689422547239178820386327839099639274201479837166106282263325726962279460626163294726749260374549692230117923458
903080987849961139185981106887121423022375881618604336015297418776373757605661699953980724589067927031256511781597120927
141384203231007304559883666731096437395133643933471706878060811666533089732751130755683127308961846379688981911041687265
2489736279634598004806506859504142349356944107284050055554257803810144665807909861639895159733873886074544423002048503983
156519064784000297931949284890984578503998180484476287985545973914653727754535400985967192774881799674159209122462623873
520532689864427546879149183646506952721374759428292265602849502595532080947603392136834878486779022545431055034509426977
1382247163510562546986779988108438781568528801946989574258775443844018140011117179593020529071813947857498628408454339607
276099995779869143361103090341297502039355583370815658833068251785999370786298619062769338003635179217308536973025509423
1856421131782289674281536671182251770337731267711322832712248724512359996144395269068805742891316006794370284750907760846
853102364441320707944226731702961638981231158196335582417480798494869867192136296415094322063270970445306048591502886703
1424374398347528689272334442292134445780515436385285470632124838994148256054016102143116360915143116748216087270766570875
367493564869290235505576880307405480831911052124992959467090260027577225638959963621402904641776226614593854097879228751
615385986850652676185072995332957686640286589839091294159530068500295437100164418079350570550705841327068883204924317680
5623437308931317473063475684965279930026758698302665263667878093852697732193447247375367699455889241739198007176736941
1699089351314358576506193046568995676726052061010090381961478267443953000054847864483576014013816205553416732472972353281
2216326557262485745695086020909161859260568179934246240141607092748278367828713621831692980555625113337984862818795109952
494450063612639928920809532128427671540437879211303003163007051118096940139313501278903439102567562031403589599302260356
1025084940999879894500081172240540961879768208660852415908561563432741627601368216791353555146048135125498415721976909106
755360444214470575438250254466167760646420070919913796006072826029612584274662929267637728385975679908448771272004738179
900017283872320701257364442899554526362791361473287840874811611846312535139406400112543843884358682996952678717776832568
120470683493876567136614420840538615416421174617710304668441987258574725631661175443067111659251600523566401238406820802
2292843269157276817188847066969555671683615006323786823097846048215789120587777745447936803999068137893026274845974235198
614439810783685637276666073571345540109842603208153832264139175274018052811546719557902924121669252791916195924869446933
1443484603431247699451212319870966320484160520937708083429637893961548113025779644458239576142646489856054402907081464100
2543609214171052289594960731309559675711899501215652037628621651158569771859858028336827727711576392334659536745072502383
1007399085267688779675013198067547670636935061733345932007732613493343418298422212044636097927919566433324722747433599112
79040475925748202748106301351969975463550112117864566494184161158335377062151173181823013486051280728116949269406007701
511012970842065848755960947802492536438619215424866878546530720616466854125878580734223458310799025771902441361175485861
1784457122473650866075363724887767072883851669389410471591309393593053265733215358409275876776649811049431572300455484193
1137486583789609713049864844121375601397789892204707498028585522272222096126553621388680053765627208700026599111223264504
824684724667086789108377671275336401572659481779615891406662718273949385702625068577580926463987618258033234394004595629
92963184316845812711556055642427517675622716133506600752494706574412173454957902674035207937100433928736751424183000093
2017029240841315050903228137638313026209756243558764865456876460317787014796611814839060918963414991523593531723477987274
1861266362047710890311322894805680400708585876526075724832487852868372489620517803852533263743296546406377968289692713893
1555898743157385610919680271583486756947976495149488757449188913114661918151473404944854378307699752247176130428597931072
1601183684056974655120629578801725621051792452305083621102546026328598876562984379577235552894891528486997305442504260863
827192546784598026373349083560299276391225969772635193451681380216743640963719161499993144123893794226531121981956729412
714857912685414326916198062396049101248318712861150249334255635183339731196186216300172220962851428334983584773105692964
105727681303767858084091339466194728455111558658296045093375363373541711242344030492117319173462251539609068615399029813
686540473165543599619214785161783501880545445849488170938166345869671980126039396356649422114682858915774013408706059337
2226874571345123755830164713745129367949316884237371118665389649708508163839110390906023551282567365263626971522972767424
1027586537875354141233091554282211104797558308609281091689443409316327596803407059391473311540006207258243737092618337807
1929622803449576654054731820190224776253021643347149186680075437438646379819834318983078819177708276487020733528530028983
878411387464728326181981692230770918429725294209012246799819668981175754005091972090947053853837353657468137011606679191
2449002869287315419118102702706724640981367919352688528826796257905222670597783011372622660694969473477443815889380570825
842527473739825056534407564245519035970791704959821281938381965748747714330005675623521592416899689299058302192311433021
381449139283600661702298998073015203803792550109713034422572732674238109808868701981112075497194458309908123755213070519
794063865861133039921867469478176451461402897445642145193255799237223431405247436518122951462242720015654274061203084730
257442185895117472889786190961682173984644896683376730783113355881475478034566072839759944947802900820242413215377182499
2570042505797854507507143547703798601964883372768335064247342020387187437294985875979884990835169352817189616224320430225
214687019821742522721925632944201411042018410304926304096190180100057079832588334568314286439232346955451185126867889838
432187853367008403070285934172122816066750589356701391178339958627699604711065714740926163701791898609937185377861858040
1176724702829703352182499513118629652253998679899172944624333136384208144982469570453608484747508419234540688109734796209
2411103801337454541218458324150715646570128542338502157117459394729570539296732349039909325381756406719408180348184934215
1602189919252237322711049951332916856250711353426368622456888304651416842827376260831666085856396589803463686230767457328
1938236140608742047494088291560868900373252828444187266140548510919545796047456860707564758213295528939153596029297503813
2361435017051633339673202510351163332711020110152269960316382958886730957097773491646217536989982733902791561661021711566
1887741386996087326764394295418691971688966643234026163706372500181642493139638129296035500723106888794446587029315943115
1977827858790470317975193371093840608956453722288270961388267067611665482918245688309877508996402627352347394762337398580
2393998636503602803279007039516054728687049566330693497436480628043306829342723248195053306682483533748942820772633645727
1704965578335406819640718206258421263229342587559444226267246609453294040818596206278827947740400397916126546968680131266
2105408556413939161973108090665287164559342238250878749329208026471871545142551001724508802948800059312658414415224873713
1023945013345171372488867962908127396544236403907601521062020623732681739244816749593439370228517193356528423942387567648
2102089457527450891259850611501453033126064321942057556267846799263941213835741356773482505038557229277906410469858361654
987197023797822863696283561014080425747712526569933704809527002755374532203141192345872962475253321443802439483810444357
290142870585218330619199728520433776610015726233096287125033154733381212577784990779383583727830452665634181204930390535
1080968685774770938834875688530861559109210368422198988423262711922572544578975201418838946814875462110302613377756991078
1835350028223984814527322470259185054130621416171481037003596518682424883991612852810841764046900929645100813731659168864
1545527608949291621649246107591533093384644483214265096082470775689255624987859911077609302933057807004709229531990335287
1745815676929817963825466336078622229114380369685601427558712060617030521696721578410299487644129499949685890976222151434
2274006025556825911091754003303624914674632293651223866922676747259798429722695163966973796335248549773472087766633648936
966125745151817854087024709696148997488148388913615748121696964175387068876885193975365519371362380574775658552568691537
1703046274630401902228510620380236179723215693718820817388417808662186315348780600862103739887764063538246710431647768599
549429791178396693287244721716046674460640840273547740410817517395681318069005091991983619521871952007455378752574155398
1174103328072273798569949334329312959111075347234379515503551139093046023018476017501772098599483601030007392597726630603
1796444368888500743820144017715737525295404987989535814734692808567689686503225300527615167273703995999314673792037861571
1741767389338963373710846094504086077693426144031478249572024914780670611198067332210578144169604399348081315729900251054
1242867649523803374804125555949000692836039777667412348200886298655938536772102137526393463571291778647057991261941707690
48811738845872476316995069040074008394758104085047874095258555352562845991047028097553183233804701772912796220519269228
1107284434901032987861221664867690692447620494374105203791657456854400593871854732582756784548647099280911365510205675696
1749112585964126065307193372232054746007005129374113457477498926057793532698113815165225944126593951185177495606426474721
233434491867017166083070310014191912569626020714464077678931666833076034223051581441622710812358183869431446228775275651
175434884795471698625014153156872889136896708628103756639545430113324242972600311193650523118907995787518508570371353862
992786917746112942638981847605948118196986950067428439637705603989243251175093361197879375215154495286955789098950934608
1050375551264891829865974025674122398659365685837974408833480969132658095458536942116300681624651269314630077857450881726
1078628182990273397272335897394577438265688079380909660242899812340044832699846358465604571855000697081500509652716462095
683938165365269000180049786663379944149747874831404262472739502644049879677772073096485764097896296294090846646862993435
2479457256342592820910011448089649358487891738747397049217144200689300058172994327177471840881231845243574681981634663828
237455347461105651927556062260362444237398078967128669046604047099789956170525599360378592815602505889680147415395725218
1340472598207420957426796834026109965106325362940520775694243210890803568944781498498784744151142222659594841583738274643
1041487596399229894367317264483878807153048414951446325355411624681525805846883203553663715127045904384977796239863877858
491022554464113610204405991511214607768597927604424829724389927376970849071366917433709067468121825365632222184587185022
2181427868605111156789031157167769270840734704827350545767980969242428749420477383233263054735049052645047251169215530365
64774085764552786453499843414976684033488641551102260084271881676763531194680993538884859009754210973992037569374903859
879463293766390748505681031762536166780804930129996677439721623324516733451153772696273249770760378052554936591362611197
1410812258978937216842161167840633537221850545254652153839932252432450310644483153309342648420219863176663152908769966768
2029272188167802520609470286809204823577185225489917193678359552337947931058545719022618239337688617457022722606389751038
241765237143239850409915664965542621631220717291327713844798588310513706978666035045490694779888723358339173915841947863
498920036276282935275334034965502821032471801334210192503951968896385606286606589000394199060224919256443905112997256570
980434437311992471267687440768242678893018012824490171422741821025039459348693829347980957107266865180927024866046580272
610906102217954555482991795186019007814675515551919567299164357217911016818091970722747538134429053019231320395016734047
507860751775546940375274110289077726346307997175781473171685746897603372674224038429952082541734104115682319342241339038
175177001013142459604608283548381234962305435753048163618149496501164192776348865516326649585548446003802964502040054827
282478810132422307276359543653095772960874124147046712525744818711342069246209304791197930248207699136238005031414073366
768946808114467568070046366741467582485333205537977366832840322980312881491205412437830243005831390394414518711288990570
365484958995857515237611854867346271553895193339647806726145479705467427845398576217505214701682937080320829461035897067
1132849885176254081281975981329789581042349524056793930472303274361605669616661208277435612622157732853462830668793559182
2072156156004379496557691334741937729981688302181296036464548506617542800663481049632922767473343443490727773519276882875
828443182598017240435976482226627023079486170393176859002939849275140824321575038878158747557795316315550113040691988364
1542538415008656488282880394877335386080260829142196872375888223845582611402259173582640878481005443502775544008691183226
1864536450595507785721672162107446870026887576014470178122277637394815835299553984215678682578348497183445010188782060150
1363663584359362404717345463551974071511893466564283989810820261703333225141638106082426658820077925791333913601181672728
1474233982594446312297213450562645719222425239576886049769790389107120396647825241508959788080624223095120933361911469211
111413110158202313179197387446388358535291469857167207117142591808930517210377715249023181383662445253288899428881190133
806940431053000144454588705452510888629098924073823767528025226311778598456952805959883089862933058491292128855455170793
2273404495341968232279582939394346967657076765171716601287495067583435733322296646424178696028942714778059819929767433589
1446130800917946086505092162373619004202061034013246548883839975863253934517053335905306012411626860833599833582219197138
1785576577438639170606908945477305055720259696229399246243925870887162472397818357659075205779161747867233666157904003570
1572255103434956719576876403074204222904942943819062519551341333995104177811259398799312226096638399943508122372313853130
2059234187576881490111672252567530556864397792797653255298333680426882424040775341395598102737640446531367907793599837298
353707094111745309454256190148229778543541704175543851967725194223676544173708947785471770438919322161872336934342000226
446216212975734472557419834760245333852783879629154443851000433065393252387210402502466691102036510333445690974009733796
1405238014390388537337004460501093378013159824102632652411698706124364981865836523456471291945007252191695933221045261509
996597558951332928461689116024113463273062129606333150084841399159070031454227967495121857571016291412028286175368130656
892891933793332721610316227705572184803539153775068597113444709065282144933117187391532272312076353240066067406908742600
2304334470425991899877006953456635962270471603084057646972957094418052900138743516013715643030354608940515144568668540482
