3600
~
60
~
2
~
553629926431857063
248006365872041091
821098339119366499
506381000468558811
641411049223864337
993496555836417765
486119312602820909
178248031521623539
133257881091774753
685697700758846146
897904287545856180
676165595388271148
1099301563817259656
692983747181049903
371234240429952430
1144381977428927825
989243684786258139
675758393657702605
1144660328255443894
1002247520515319721
31733975242239983
342007041943778804
1004325618335250650
1084911741062991564
441202049499281019
614465340372840524
162454933939830524
756329943716126805
178707375305580008
250475600885447604
1043000812595705361
594344448743842362
92547802278533106
586446820883489123
588997549667456395
205756045582356632
905617569620933645
981111409503744573
636959757060901594
519936975551330447
740602502189631361
90500354980396470
530501137867929765
677479277206747494
742715853281285331
61090768461437614
358032808728281459
399347043740887626
549283899558958983
1086603350297748954
693073867396513320
497656896507466707
756534699565641192
33057505305138143
301999379309696981
163795390670350572
142271405060370753
480862022771968129
985670071992221503
22700730386158351
