3600
~
200
~
2
~
1213013163629072025095276946819101842865763584627879499832938
756307969861246247882678181721920754365289227844178720704391
930253866697668793327749255640021436199425734947102321118815
365694324163343235737810645837124869562237224266789446821799
548439746342690078440182543252696114335808958320050388184536
1546829198460977067729513691412867232021820765346838401994145
843126572551184418824726525946215311680052787019936768800193
1170270325014435681243524375968672997697439354328110303981382
631634228838940534575670358425502100562157119983479206829229
1095233498155746681964265733629733420762575507794525360836478
503631674444160592898836798420982232610616440700443252247231
70165652201581232852264796067935228204947395612849361323806
963167567928229771274621071416501218092533826769897205317621
207994050950507917183303748584670579707949850587566907371728
743437672248898676288589452203636776621897173731544741750746
242458666947704739515967933430616763449811507723732058052524
753047961577216151205325881184470118659454274963334094917743
129310645759408928841542752657789091192089170629795032662633
118861816690264055694973332575657695143679924631473234392957
1160868673414774035868056898008036835871655907035494950503397
1584950589625176762529078651356093073911691114000501605192445
980756496166905098457547898885557414108844354943937976627698
297683561303173413709542024973836386662978306885578509746192
1101848954218604655193462281379684048595953313105413527879753
534836698321100519513850976883590852946639700765941653897432
1219627199528014093325260256476973124052945543017659873076943
1531072717824860827090191446105801782540965168712696432609007
1539721853927612927800923921844096913446118331649115654290025
876468136479680359305462781951689843652788684499680421547923
591500717538076132900782431514911435733987303298922038717950
517307360852218783297897496083661190049438102088442925880077
499378079539553276005017695328073362398844275952851923429265
322901798747284912420654084473469112861646674417031839488141
716840866183157142681522753722573019393954232371127611203622
352298738459253146450066312858191996958490036773384720398559
1033081292141868117759147492235841127058188301266551915499838
1204411961725395526899839488597904700755962062818951602003842
952712624165518523701871428406748725988029519519580953962108
389459949193922951899516435395894912772694263921792032880833
272570209079513258203831880651037867819161784738169360910324
200494604022747179264447517581153621526616138414195228062353
759981922084420803629983064827552559545506527442595465157504
985164177788933076150887386974334275059308182507679466007593
668655408884158300347425398767909196515759708953814816055272
508669918580524895502624259520674201679574946438047798448549
934135768275395199555078940188079422486723132778477530579502
1100492060135580128380906991593106069372084313465488929974206
1335712079623712153948005563693836016887710344102551418762884
1515993047367634011448395128883557656695576913010206607952420
300160094262677879954485247744442656379006034937506245150023
1127958959972737157436414717250543658940974986226635619369243
1097790101779952073838747284780321158530053243718556448164234
1502854065329168237481901047794872566136205157097349304993607
1238914118335240400756594116679927314945799154872100680847353
842686149456910108980636351865443390307023915753312649765344
628472033747714516914442778200996268110124145646143483761566
1556112122803513877337822578545802493099983861376549811960984
1013198955370055616552282632280836074990879180827826398733690
256287249621127021658683949007711118149527805893706757876872
1595014589161988247138178272517113646062471470431158273913078
1112401304969824416257850983280295433733242232722026022249639
1178825470710216578570553769247921991025134099054580814617849
728704854446668356255557132276042681186089776620732652616917
550672999094824343704358458235159429792924049397651329949209
1565658878046084871743147723978099206704353970126523468945624
320802722878059289091305394372679323024284531369201300383110
549033156391310561779065524166576150041976296895530077078182
1102074780384432762880489737625411840919930220158157923496673
199468501733609637476790215131449756697374168623409619434162
1087056166230051135810581814150807908323904868831469395877276
1190383412548203156598737882941402037220488505103156781306084
1309787459520480621057712788122360417781719411313483419476301
4861024688285402616824694686450124670336096753200785874281
861301623086913088059032249935627722680794870329075788040770
969009226825942708568452727912424175529082935519102150530846
753420148850851699389737777241089852138870451800045678503957
379246259092438890365479906404108037472648773286201168181041
1268284788407542310115013724812586109533876704267266539086063
962449252792332438839351955895819215397529167083894659639895
536706643806618876425265119286477988686569920068879325001067
1543615283409699984446442432218649687475054483145490649691486
960078920836635259142843340186208422625484388608078366385590
630043388263047622746133580600872950793030570786742654325852
617481373989226567746220156928459117931093931093109541132451
375616423333096968560582541337656269436704664089347790104551
504534128527560575252405455642543397494723236127359979492343
516710022598196346603065335572529268926361466105929668594001
1438848754693328380955315998406096897714056383115239964911707
1462770088659015103826506684164354048251114873298558061184891
624962273070706903986313055763725273016350952796340063120152
429335494971142015910604683364889650744734894902610654970005
491361926985424646258306688341036353664459429737774263051009
345317280750840682237167792446779393430496255554950719742443
1065765699030802823450369129813398503081807813011348266366259
885672446213388574944876004487237459810861287591060338280265
1356301904552605699823159286131150450681392249811322820028763
1079015853308208110269844472203476632463532051873256278506867
1596881352252380014793997926850030128308300193048597911251128
125023633316325543754076931259251543682458265281328600026718
73185576469760246566501328743177286857533614678042640969591
56266530867610168530759018906043115468061772829755353637231
1006766418415745161583018590683893722516216463935363498210689
972616217449776330227762237010197144224070312633787719892590
693556903124253000334700423478788660132210311856362759263604
888636523144023698203892263957958706255033877342823573463790
345477096647982391855036881134751493851987628371927228045108
431399079409243087967812815246303231862290788862503643912758
732547485174616252755186327203754082824355527179592208352466
1232294049563735193424075717096282020007326551909940234890875
453434648051301615115142449111372040219044124652326951094660
838890764060111194708857269787856567157979562944595011345280
563102698179093543440137598399222922013887777729459055070987
1349896279919428927989336352549108111164542474805429273203270
1595711133220244919975355811755497572461076463004005078206094
1356920174153205034403546870218871112569104087129368597049658
51306075299796667554267166699761607985487788648767530674658
1449131780613894933299354316717923712654806103076329020491316
1486758376971298425429066931336446798079033679393022059931583
1505101475183382630349317800071029852253151382729290304997321
446521280536377365583495970487054475155008565474250080295076
1216330782349387381940480839690688398106428399096927887626146
1158166518026107671216926625610617069577778235283160000928454
127838640136647462148759317508988917115818960667146723537139
1375420845390665366732340275512556981423225392465696486862727
1002133353899623141542083204298635250958839184590647738296664
276053593019523827472343496923482064930632441117245299878940
1104560761633759411185393038951480041116612238475488599643721
81200319803517667855514860588432853737456740394582645562306
618039003593689177485396294933811496951068466121171811841362
285095627107596201470527749644070922843730699039556761858497
1214973442118096161658744137914113576934316715512970378281141
1605592795064061972356681953359285673809749747234661629218719
881726000912912162130553803802185340458671515787087641668882
488181959154898461204536857674948591257335298991212292483786
1563269760151785355266057420944220817334416168624688075059607
1447466046876464144383213494015155562277234881223206685602072
988465357369797052688936607344458941762603864875821811710379
1055673822672183508042072838331584197096446749440685406096538
1295781731300400993477595021604513181691802155004552110935353
82072563548975186832331362831393913389428380785850142728658
256120142081690742998328824268386074217213251103156614691009
417914182948044666682919401190947134142712096591244122745483
735172482655248471489882772417909893176021763431437360434204
1398100445866050262351528812662583812866285959412064182973424
465527661003896691872354922909247660115257421695140562424433
134440497049621485370312025619658185910793831860215850914222
9037391453455600397710672142616618195952888578058594680568
1198414122987411609711158033592167592727859543302724927360838
1002517117701221890602974069521731782218222239311904869783794
587643530296061195982713147049199900930910325407625373265623
1236859763347654197962110278116383242149429934318497625986788
956237978325982292498427357104391191655813726118313427639586
787689155524291697214596213134771045225564635069534970413975
934561132305580671183943730565707160150284870566614065772014
840501257974212917829307239417298801862520189557117268461850
1163882502060601166360688045604939086578599314651633543240750
129436378143503967182259547308345314099282342330242275715090
187674023566473496344357846927295991216465168952349299601672
260317301308417288002652810088867759281970860462584787747259
344741546473881706809638094341580511429468014702033021200507
384496829146059574400027251869446687101221117608516459237071
119958742807042652916577521857555523704530693793490310580361
896854729440113685092724701855111121279631796247824898279326
826154918465755531705873331417341485216105709826304309665994
1480311193823146460208449665104104904810355836132730286061360
1205502644117485542087632254170003484415565782430574167697547
801502487669432177694924131142455118742552091528312202151836
335101603724696845684543122558580761495984773845605585943779
103782258121528601086170494251542464248010116623411395376604
643853005120674017526297355044741576039640885827978197671267
331697986743821413881423920461131124223520967606254925793239
1518145047643548164492686925154153533862516788469705210380640
1479388323613354741722929069353059838045150711342410233413553
1564927935297027046824098628740216762785032281242347421386925
1022568196001494946457772755738013113438828781876141801974878
788782786387893561218026164553154414979011551457099951340183
164601105595014479310259424438853166803246536271659082947712
1078707191710262325525352898241518458393875258943104027812789
1105735632215562274301064888424754445780893835895732987859298
852894618073259369013680900796453566141475494993896509224901
997354041028314637427859228955772862428418083747680089937197
929159572254961023728484970310284325437144055018421737055833
1140080811159186606577272980391019522616653656703015049771475
673419639035293249481215459194697626494262246423992554205404
1350599728519719090480247947624605401007994120719913267922920
1565067142256962264572564146159309247304688941269731914687612
1028653052799876347465630295567414182325806527714409564181658
335375269057596286066845462100865831151894604272439719382317
949089072602809857977050272565529053890495652790681694472389
559931069395821134534719939006489007461235697745065759171953
597214585162019476796411482091236831488479613311321401854522
763129204420226188968977012911885992188015899715778296336139
103549463636944560048655200040355560132534185422330559695163
370385025601089493055855963421550429261742646134601989326130
451651597017631793603752329030503545901304371733417515353806
447459039226817450140516768882191877547445714806266746622534
990459665300697009851384461967793034856174673668627371371610
723163531658636580914583876808083215051753160246646481227105
1013211705141145828761708738872212191678274112686831440451527
308819391071842528156357254387176479547215548827011279983786
