3600
~
80
~
2
~
991879742470444287502881
892181248234193103416810
606401194760528540565481
1124716580281039031618280
1123482823694906648056315
940519092720452508019688
1141957031401773690257736
1048673392047480668206059
855601336124339740147582
264054833146951706862203
586876364494428340509008
497595379944818843580592
335398337683977712951247
1121603569071799776543814
486929888307513962705887
773893477988985850846251
423131038934851436501440
425862603874264018095467
1131317745780575485838469
1158453699371808351960455
157017789742994337191001
982679375660305840351338
1162101035853959429887170
194453558339651384782178
239979248687040576648733
42841201132176894768255
808726862871706345660834
566284283752559883736118
414894668709223447130168
167796194226547604481268
660429810906153821291873
967918018959869775064562
245550272771520398725929
563730000296544980070909
502112177850207896250119
1099344896564868001669289
134722387900754715374438
89632102043943662544108
1158227164466015137021907
185255881786397839430210
479729569247398679422260
1003271148835364287715726
737516767322423083282650
79648212184699777926277
977293097038916374216281
502679130413479259193236
761609558758944678291813
1010222497812583886452787
553013647675740615366763
654328560219917070281977
331336166993353585122948
682028732844262198318737
1084244716537908588878062
157828648400311853507985
762323567388785084352624
422194344233752402360596
650701684006184888019837
396595690268855536698563
627736898274914315223044
1154831585087891173380492
1025212749401791689152710
912765609737033691070121
51788102341107635483829
117860949851892078101635
631773490857856777347129
125758664139765409350061
1076419404943447302757144
266955679505764849562324
356103679908937842677175
1019484770494384272060007
850925510122123160443922
821153986410978699938126
835622373357934009362897
921561600450321072984568
680859293450720956071899
328914766711643144756084
25652514474453339309709
185376437292809851882766
165097236844509346671110
301476211066874134487487
