3600
~
300
~
2
~
1421837478287447129215919502055182549862309611426249404877101242233804460678733688362475716
1477360533282599022955392530142523087841284127172170873101550466397680439096370469244628657
602903853533209548790097404577472135448745856588195375381518340626007655305571833789512373
1340343318619702520898324205181699786200915025467915890674711461142213876595546053547258968
1217486660472566691854752844249396309747545702392314775307103104959985530691403981324760316
812919391109083522222610652393222911640837630406612463581759735829440378380108302334816207
1594179441246443237077105813463679444251861534331409375336956235356896099821837236197500972
328628682323651773092503908182617354371442726034398372025077261739749296987134970235792310
618638422347944007730920577276076691670322562786524467567438119029799391869572660832819100
881207487555670345648258934268706230829534996961285148742777695272325737518501907803830175
94289191192384167392271828295131948468092474124527748147919470919225458710102755295837213
520429902123917209909039260321700824786324991595224321450956492368719654534175964391603896
594973601831094119181474288172092538951234813231156166920906627565721956518577950211406249
1903317240281363702776965046200507601084293604416226572993928931893135900948379945201311679
881644322384852074430900338765693590259271883348120613393663899851154578711812724048439899
339025659780261045332863667321054734987905485918545450379185539528538365028875482653097262
1437411264683104715157892684409588329691998684987758266895467636775558206638949041794882355
1685912126292470718875783268302301514820833102595912130156839364611830821844671184084353517
36153731711892623332597302483010311149720556124741262705282379087337339936310608542342753
1514163161477736578376922910043291051707997602030293621613970006619345655896093445212568619
190210086790024979900058326516335964309793287812461504307876893311685353565090996533821643
83120141775027140741405635317487476106830016921959091600795363256105822387264986999792160
126960746870877183917386266459900280258178398306620235447551406587832677855518850234612962
1707064724528298547679279248269322561477496644571913029000537157090359205000765837075616493
1460417464372153731947382984981068358553442828529865915279021738870141358882552092176868093
822726106682869095348247999541252138375425397804146958181330109716847843547225682529503715
159678021252355583286687733261571481118182668391451875888484665517217608336785288975507661
1435727151510534522965523817134008704130426272986010038541224763169891883124081785751196319
1328221307103210062667925154359517271246827850305233111195399363821319314525187015202756700
1509404065008057828650479120943005123079342627744150990411741309019935396997631706184324605
1318004993198682655636178802139890422187853222870544453812905610730283182060155737923958255
1800305102910229366453443797591791515526448163322920195057803498675938566526076516634767405
188929221327708414837658962057114790965526671629957568417955469815897538582580613460384140
1484815535117951339494633841829842778916085200518336699868925138895451155627338168285957603
429611381313073409401705998220104195250747671798463240289881068358451135891419412736240585
1103034271090466251254023337298679689786917669816939058773776323483173405969577387615625317
1975661972019583942473224377611032135242834943625321242313492701748813294131405118748070016
1658730109753870931948583151608277596761673724527705645959862835723703007471986706662400837
1721109698679781930793667245613233955034665112218161112245687844646141403776422121526209462
1829676772368106346087151752225330456226124613537672798265704816150823765034311442064324168
234404157039156981722807871012703823132766753621684386200008836607234111709216098945740078
1849893397596666462448114305783503852901215622068261282144307085230251026601518073899343260
1764578324827786187654752193527794094818691344767006268284854331276155104974784801576867164
798185796969039011907817472020572741163501989514734560001213378574406837831652428395765034
1571427081308631322503558636961998068386312763165458263786940543518734417202239550773456572
2012099143743662170735103775610234161955361460358559415541085350722937772634730613447169960
1390356829292498660755883107562897349997520488870944737226057659469868651033075074802748744
1202894061660720700819046373193111919677071447991565918690892672865226369394625990158454778
906663161641176339191686361002712109542121508381091275425800035395985753127646898860940360
1224096116380487344531773470975214744185907055754614811315389705611143422905949742436993324
1996591079762764747068498369069932061001070251074106872701314542587980273152266662782401003
1749010686393233963610086616332826114357558052431141228097705828855393485440816456831438011
1671707471861328601548134858361500975920022394406846810268671665739984116134162777437549011
96593833618554164568439397341455968715471471249965746919659242461862164183626254583026506
262684182400208873803437977177373131553937385261423074140080450743237236016194102039950227
712724069610052199414620933513552347371050272292684140965266876205055330759442591237694455
1192365400597172612825564193845098729582600729078703461718870625721912787511683185453140342
1752462407757599803386742350207812561069362924306138004435226755816740732523783549716666382
1694464041020559724935850531674456833633356660544323556015454611154117411180052889326586945
428977543531990218978755720086207947612096682913945281164531724435867952365159492304220310
255508823657988547427296057801138507757493117247224236888518081756915547853258061444338398
375433128063066174730033978507195558282550009289865680025155718212391867285905835304924829
121714008952323386845770844764119744097195962720937481385572287962779503259947706423978408
626350114071726477916595277957836170238844913529483587075352926922281120477213126459643720
1590623505809108232275829079862668300773365325757573264453824779399449703694019615245464547
1758768054872231248712946339879490885844178005548336865251052282945501218216189418979484821
403688963818955147607902561523243271171129110108946419382845911937714437391818608992577042
1466901795272777213763451401901980247564231455478850052658529519593566176167952964600581625
1306857055095428386027367013144937463316291069057724526238728008492167588749538918268822524
1581318755631974553628189401161754931989834191509238566597180677158120267681179687637728052
919530919786773552055952445097842062247753571681991306167010332832920748605029051622940184
1166786022024050264851062667175491245008107591211643119080564520923768409822393435028763232
377660181860327815216631196243501879968506807050007645442163665811883347082413047004321459
459158107893311569917933511963016029792118070830543765206829225127445365947370916575315275
817965868624318089489968687972965624507403319720673747092569772187810754716757981525758893
502586951508760744009560938135918809236160928162640978697875337829111357225550327326870890
1182387535244585942474766779889639916296830457571194983064130289837971020920487699561250878
1250332975411503608122687856858849943508069868126222500044602829930958645125592987041267199
1171366972027070950423995844220219439663799697017148180128403613123928478728204202338630100
1359097511404918957642713962321249349248677121678428758207812038522077440762521554798475675
1256998184773461396356414574590785333873154665342999679045667520800348275206683349498842851
2031260746361541812191145570309594185740645810625182567285926346328653708981598877923890999
1348595403582572878306123062073858924583446149614547213875413666483553302311527104645693187
1565242847620783727968066196211828634517423610797763644824610473397509347729877364979343107
261135713270907137595101023170534286791510868869186757167994385740199878191665311595222304
1705516257801684100354615331493490806313943488969777451254586674319357508408247276913876532
1789167485980861798841761889801568298973356613322665998015435571687302692251237819053542811
1728290971344778393106200490615854564230576340607626069917546118153028982685988557365110946
1966252335750950617916908221490752345126351118479987602932218853508129644375893611043529183
1581767499879163640745694318036177645095601701045940662339735999702239212117789003107400805
608111335100409306429468844227071017657429187499704118975199527613488416661343512376755890
1932833090348206238892996666132605524822442703775000040752278177278899144046023774617674868
466537143302648753484709424060891337797381155920578567379729974158348440878750356871814421
1910504073119921524886552011882989962877517634572226199389894119819362011901524280086269755
304787876635085006259046901020676278308855441149285232885641072736856410636177145887626995
1322843225081767464282510672265566413475252714510211286566489847270799899034647550606592298
64211882121389820099182093505798219655715293828568486395839178450138426467219487425943476
856929413791786970662802150667235507374655888547617686704015737983653088101963463905783083
1504521093590957568737740809604757723788275139435322636975098222711924671210902952255803439
1909165036135896445457656091335572966518643793647042566117555801792889822003959958386070537
1592640428839102912346326212767613170487644819060954738022313390759089967099002811944634017
1411355482990765422887487871640615446748751005879594317614339060481256376748296837093418312
1673088942962388856940429934822529055826185887162126847398937061700563466072667006220329176
106334545822832971302861146197759743177398693652185266796410982723237071239546681585396772
773119493328914317966365003452225587690386633042925879986312005161755106239101815256282735
543322081978712880720611444191691785164883464735710616306313138182698315584175662105495371
759647255942145766042822219135281494468472338635613786385459284196658325357000760643140780
2034356512420963699519184540959162970837562337903527922673495157671516922522349896542560941
524525928869784166021898511748628661322581937225134459028270789055494675732535556134902754
192367778622827592106096395955594732061071627709245797976551295709787374442169036881400983
859765945646371094081893668450792024103015975090056109487568515645110458237174407731683595
699474327967122253627012697741641546113801327669100131990642802762692984083864978172727498
1353703178365407780828809807480371632618631722334132352030028553129729208677119601809036508
1050884759067966380884301977322750880377466327948484985069894173091277445226110856579778466
1749080219480677335155991371993533550127230254805612470466863413583768712125394510262297610
1837142348254216356743288928596277331298136198388765885797826842532721254016551515391362365
352362047795929937646014672359298842680268700093865102574708169497974895056246454857187476
164447690784786680910097737681575027520094215551933244942711250136277197023936265226742501
372507870282395290431352767684427436972685152927131295075012164346512311908767886845553621
562814552990300405721822411848807347290042323386403735334429274793775040144803421878106063
1240011390117747271037210171462604548258198809857635476173315557651254183383102857545506065
890192553946528769978641793107224417556199505944044126343083072079167491076279018930515987
1793457030034979794960535767584441204417709811120527991079014548859707912185780809989188050
1542765861412540818080730978865623461979380595100793651887153271574025008672889986701146897
1820217710276029820042616764669994840765131806370708927474626266100074387690010425530188359
410998954720639460365249289817713306503618794245402724733269429201535489689251582424474825
19462270763709004872435543161146916544066056176775622180120550337816147412028424911642800
787120202445896255645900902004989398356401146602868440356462901419649562144150240900555094
1840319225245307646296905413323142072050474472562291414030279545015598667248234252310848532
756953448338053620400768681322384223775090869562396236731328169172273863680369854186880207
395232464883396569985597946343760919637902584521722920104091278599136530615612376550767803
664596896679025012077431513523712328222159774194871929414110957623771203269162429801142261
1480137977196716764984606108720089390864090755107759091999670657952340706447546145412954663
242242118977544442283747779255533636566172183322299544812380497073644425954396152119052144
149560681903802869155217752720300202944845475541909048285838123401739572916059949032758364
613406297955582630404173604464274365376345686342622638808797536690632313750026226802050819
1786528675973921662466930431860931802823125086194474637735381516562435766238679376029270129
1338377460172286159607058020229161577350509676721934211291456460134716727013105506575609153
439368778911997372565642398475549444494645911707724102356427219711214293001274731266324907
1599741723635574920835051375611100622613108948079070674935380752776043995813724097206306482
123356851699720217664490547119485783843549836431440314244825631890679849059776853898763854
1676741901161174763115011245129888621256175217473783592583376166984529958880211780550982589
958341747100035912638353631159808769896806686103361850809237689004894721993413997063517303
885863560974526728886506230168225077776375892193133714829247015933077916639051545998846578
789879463424851933320751345437067041681143726072275035448573326783499637969761539231916927
670928481995529108654165675299282270549884453038581595214942789161942015492168894828687394
243842102311630529374523415468179886071672238829985463710240514617513498644532587128332571
70325940531182890832000667624784802983127599281451763846409117424032461507767626231359759
461755282377861642492342983223912914595891871076539244940362045784694778693594399379680263
823248396831657747432616074836414589586916426033799683628153998258674363453944982638915035
1001282474236103358621537342928749292929294062216597316531244427692099114366708114482669485
1798828701953041891293586672603838879720266874938802433547863760908008269826380041334213713
545393651847324352106005191578980857212316388578646883818765953530589197648300358433436455
157801838602820565716169511300079919672836131041231931268875281223443884815237669063803224
1947410011383498374445599111428607920221541013366672741093425617760352589411560339658783134
2029448104858813439257663434885782589782853387656526471629495697509146780939379321967716815
224946017705056047877361687020438120591522864048401374859484920261816071477415139286360920
711732017889175500131663528389448294807946629263514545329225494035987971262293210838528581
485026369116758397752933881785749461736108093765734924598278879823339819377748959891433378
1349462894983218972044229190587691003706595141743373944752568601675052516350948929108047803
908545213467202848294742894254461513103934912136175754884162664056993159068033988555401789
495412745410759301479530629849602853523812857045824592487115977240454958975417155417399490
1614200114401715187450250819538702732478816665081570209158086790612883399318966332011618884
329585668400257658391387596226834568538658223963330370991981061728406886014950043192955951
1585719598683380857247232161630990329742204299853835752594116244782991984238787383222954417
1050821248257768272819786078917864189054538834486769520775658133639784069028992594038062205
1080243022031634337938500356183001604888017715945889116823361394078635907954342008270305268
1766774350691928378761203037102654255984684939128895149752929183511460643670162063644913573
1939862659509908920024359202411775013970795913181196584820519678222265232233340948562044049
1261797704670640251694929431406827433103105169888279267484764366605694492111019094985591276
1490216763007254259530737535537311730839259145326260038044732247674931187184973689301607581
762761716652936050297099197371962389796800460109166900087922005544542255392541517238174793
1788650764838020676363612246636932498990158732535057462819308006662226566569050127246153569
569935139031785896209050078299971296478694884539118772072123960205514530947035865966134939
150421452254131833304278932209173909614061414543795793298523967881246227575500716714734660
45896732677780169745978164590178181121727945539795163292800043594174496907484001283338103
987613138628672008539297586806487302371712000249701753659912780047418028553359785379154987
91167849338197672885618137254432806257646485113359290093843387148671226418477539915128041
1245971072668872823742625914473785876005474066766501247011024411755916294466100747575271125
524024250119066036451851556272784046308544722572880645128426256851285563462660532884316236
931893505016885108057581763549858189688178575037866695177535478712733697901308506983492138
336385984620304565006176607649977106017025587130492267722682803086402974447676523494608256
139210494978093655218049046700226031658661376069039531492655809882562062340167384329400527
1778962405105940423196483647162315597840149569405662323013881113075530914030462624170758889
623679991221974373337270892019410467526056992159219842436574897104903308422678099312343292
1748541244610313890615320812370149600417535649704310970458922474209269378167651816111903014
705273799846074703356103087798665719237848641524041865541729141170447280612744990370097094
642054198487768658477495644604762671449202129020196555964937419809122262733686687335001637
1345637173149276294798659801969772221612512363996413118837413090128838865442278631235954807
219103907140841632113170432188260770688450127468443401040183187373985865499207143138214191
1419005723153605493823227705447786996651766349680318302480100680593606797053144567841647497
994411497424237703315558860855453757121944272839786813963362374614220083758951747064779211
718616334021489440175902091290362943748368643313690612323492484166560602079187097375832333
222729055375559795597745383482020413804854222976937865346750812042584893558856096970879014
206551888948753536685682597248862344294116272982025019707614648725758621579728713735153744
740744837884788004478184359442159103506896780337485012878741807850032864232641658193398813
317916059671500700208080127433616845494639078363651283971107642331639504695572412096799023
1037665648350116461116812723775124327606188359100439252527491175065982585107579499071283026
1033362271302440985916244528130442641711012395690068665771352475989318955156656934396454615
1720642745811075232982739131866708581471438006688217532480218630566394165235131261230231247
1816119908750818826183041549210281022926925591547836390166841053959977076195536659892396611
1731847390634635104903660342116056837368764971463349040484849317233618017668008423853719256
49639331268888969714521383352916154351583574903611491450840226384369142235965068435478181
279018339596090148564963919195621208671236273448578030074918008024167846578157583169485762
1208709044574237351388778672317417133688272148743037579121563393668110087045261046606360101
1760221991702108670889726931475971423622627245386414723827447664823202013703710546458705239
300335543109849860320430367600333731170798849416609342227279615180656446717328436356671489
711160426304982036665394332301914736651996818941434171675362651687965230193449791758925530
851196218080411750793916741525575095604257558027901801013373735516424083578298434333036132
11601802660403949684225358671703387567954827597739486093622720975039918431918009624718812
1764638360857701801174865884403095610453279923621647991253673510706436743044836718846217210
1396250913105069573496791986544404120834944964740901683615217697128651952766305319692861302
2032104161894747993573366725933265318165591320986794363457147251516453085030078710148625929
1638904291581774568286803518643005589806333523286216555664716368640494066166131271635858031
565251633131423336697429064934193143682079865111252599875570780286858551719651087708473803
1504560775169881982378446757660109000710454919877973892889418568750122989553740544275681373
1499334361579318476396826712348175042071390974275734976738514794484409291320370617718217689
1027793518216868171961871355707039805451669888695160563736087302934073430136420859198930475
505370121134048547597454786727990423809297290292738117271928938543284964150701232835106102
711454515171944689427754844077714504948184780123076052605970463433017390992126716329709875
25957625338820162417518333345568510671434153379865957691280122768768506598451307322508978
518622930429940326225283957468201692303783829328481409067495499958006563066640865313386305
1769776056660046205426313530251743316440090760548396252635148733193136732225098186531348018
1655870840251668822245069020543955658974231240692862699168628535731346053635299338991187483
105541147909580402413158278934202839942748219773883654819334145744296653371593899422515205
1015860683400086259947021087387762813083562834491937729605770987950252123110933522947308804
750472816058964915543501971550259142493722246612347664187208543235542613326766467331598658
1818266008634878781481999473398170103346761738366511770528295787650125393352948174398018604
844443681190445966637397131052417983276200856253912637383600020121226595910980301135490764
1692173148873435170034207595455649907527252703995067110852633559873215191284945096024573917
1465205940835495319570269179781713057050036715290062017554712974597285171482476535673576036
301580224947631414412912885640229437665566578347107484387970390158742138696386095671172056
1195085003696156967713188531225454596157888279000857919560310950347180579064200448870365738
945606598903452695075917063327296817336227456145361502990464639421496993797472001306432772
344762229335077719062035515126001767575399117581708636772501547012099301832087292495657162
160311439044405555082320393700783117150700350932183917041372484849247488398015609682528910
578512412260940981811157868556224046775881930365114803130291995203025179195338329038835296
761397654320052517323111600611103865599612755410919252764640239661962543407861334062763068
1827987736077427754421364126984822183928640914252841810244490186496968655519955491912707057
963647506194356715314549929598828181016546011370152874016306645368273915207679872800187285
1285652881376553600647447081595774808535627436740706419265505634327090460674550285654173691
1578463265905710960831029874895090406852508714405420303375740954272809018542412942235674158
1378748718617645719988522683232733608414825067079215389891754258894634837764832972782792836
1939683560784125726224472326219462582819075160517225552357333867266229050526399672720804795
802871292222174878986562993320034188735508845687580054151130005281772243349705586799944721
2024111018844658243898885093179948083028839300023393927741505373561555669051575644977610320
1576182513641610096320962371511320516196737863926702903176714751940938381523921189023460844
225887638463092720379336285425590020321226226115439888446595421138122806461000007724803062
256294890104657377514088301642441463189937804061021216751005776105694049700300185114433580
677652755857313899851543598572319657260634588978639559368834038935692582138003952071827114
52459931326314757310498364258266679389013583784876521051620737479378236424518909669369651
577774061838919168730921825780979684197879325668882049632519712428522537048106029607157919
26870225711730265977179248570498938276864849243603294884910509829666678318312221050450058
742599091764951729074851756274026397801556530896969245067883268317867158227013703921181174
1805978089973819926775306942418003195293706388472439090057057934636464121627781044594469254
2024479794544707370791531566434075779755748361365648643315852911152829223041614283750642677
1943352473739406338144003099317024717328728722700939577580328077034243024123401675124996528
320036319445124631785684261605926114117514019014993754452393691099894866680340150657169500
1383495449948340491696597043579946773939459299225155701530600113847435596375953654723572424
1090275331169552884202142560365910768406339954435946510178542849486485853215955918907917248
487689431507226952298992332317569938328357584550122697245973673312019530411540223992531668
20490867745856934196362269727345841664998531184185879953247329211878881061348640226295361
301064471894613915263037886731537395645497832604142769703446147138746211301460168197278375
1003353331449173363373748790565208150216799526997632439780999537333162024134661916771038994
537740302071950475147851297873525877547213736236676280317818073378729219867143459600234657
1324005687806772131157923356944088895385371110167173140357974741986983762424562768881234946
571982395282516056421713979682700934271001594249855324262090227039690484224113602314904113
1752022507771615271204890215512829406768441738060590600648229007271646383954379327927440689
1268839544463483693084187391675340864344647367578390849189231107542168644814191504691019246
1175314838828034032237762566317973527651898610452823816327356735336050966273842015075442757
946803862219855987143306155154067435406054125193755189918440775966354296395880396091746362
1444083063993358291179522453099491455604327943561327530637404554604345298447140345052186277
1042813316341888148875038184161606918867344851028007122283927364738131358491842136440258245
20355379512671058153674410219018392319668052518542766921228463017744108897005332742552542
506878682184338498181061066038866980516033204422245577045156087026625463756477573222425588
1992161525313843202995394041832832566644660186077290703695242729114148524030684899432084041
1369802059259190943131976666923946418785739972863683370922966437262552900765631731457049387
1331295532073322027907814965229300012995882414006162536528434187348131306917127059336287898
1430188275237137474743813526003126456164454059076553319522964502396950838023100271845251181
172045547736679563495687063646063636142351246127627680594141374144349190240843625933437836
1179992173407979372527556907927403615607859733854673984081387585052408485254652632651545037
1335256325501699962698392268505337213095675214260238372925865605003536017025002696656972378
1694225668358583121088981570242585943884314242648805319017774077077132529995228160182574927
1776522470861920223579723392511797957747135856134280806329932938280472552933298842783954119
1305993699514409758267839278409372262446924711642532750993795399359216893435770482879398205
481491637996603158979457290732182549818645095972660504430457657033609758904386507242499970
1740864622522660080621696052334361972556332253188671702500962407161668137716909688054737751
734771179935007326136065275871869647118864004274061611076955240706930867013552096501769739
144938035510290113430352414256476520268811403108524471513119729479328018298746819253474286
1939928040091066124551958200986419658205749977279679686064496301886076726778407635619944161
1221954748142960988468208078072664120794703214304437429681158627078779298783487902197769620
18289489657875914944377636417834700233156562803495632372034937713079745628527288435956990
1974336347616476141866190328756612260462202697298825550297310310716520390868963309084005601
813708497439347795917184040976745018800133201846823925739868413311921261311389638251353806
58807023445762702804949647704948344099897338283184348869018282264818952531457887258273169
2005248704771288272760513118069973713293137560007962272444114658387682899149669749961862847
1082290581810523960370511353544258661326624431409604607848371451196824303921336035788153027
1747631650503217708916636694762835584531060746788512695219229940008205999376341364905743744
62755897197477314523864318302507154330118978516194581261265871159824535901246630109191115
1887880621840409284299646689768623309202567337768998342772989583672131824447159153663728593
