3600
~
90
~
2
~
1060851889882001520514378734
343310241396097006413506308
519290387901666867316417215
608732580238297270082406484
812855038076722207101628920
797344256440764779054373715
1196069162554468475013452466
119783285677989911130409015
382394120350985769915304484
1062352710870536973855647031
951050888975315297975091290
1178353874216920747715852123
204488245277670029276586224
316543386526341161867407356
645490648952733469739905366
152621213949800491914138049
1145255681383453660239931858
1040750515503873563880971773
441773754547166590103645806
551298206669667640942321716
963177597102133455609726332
979578537590392825345221425
1138427855237983128604267031
442019459442369208726795917
904163657692606837575844524
314612748750145531764616896
479397514143972007538163511
566351277555597631251952509
1056887091967937149393531583
1191217181291018798255230718
552375191756467187125795043
1009342602237325934723596771
512761569079994006649739564
424596127396107918458040645
48202282916024244170147102
670012318994714281318224395
954921695510787175193681874
541953752342692711361444416
682085460364290193454323252
1080916475715188397442049890
112393515734894503039167688
778355224652313462318714936
77205392587833874391314101
891105832565477778993774958
326337322850015366436090814
572765278021193538401689975
552426212209558882989778644
328934944995660389781355628
305069973658444635751380473
613900093159051470161396166
87305221238791169540989756
1198561331031284077840423676
506438995089847427292228583
1229360216108416757625016376
341193444218013492636978154
630027517330372354230525905
240007581051407838885100595
751633335298905549032349318
199466301602270000115575430
832276784649548074886602925
652190993786589818175067244
227246838045556852840645411
554905600992638631406259205
208443315871910750164052374
7022450664627310854701380
29598196575407594302803553
445083117475746167429512247
45855687803382377975681688
987746890836634107474656038
360333652768703272578981430
132354196557646329889185038
1123540929212002999370399429
136510026292024238997796809
203216546703930247173743752
1118543477847521543377669678
766293387588120432323550618
1174885392787498958667716265
513921184242273417397665630
706685825956395865247797696
938865284904636132642305195
486074868882053664659565267
537124473551304009094202751
969372249105874611984458397
836301127260870910608981389
914962290386667411454081886
694188433671465715708497101
248276948599609837061446040
1097645154430497868274393848
209992434826457289024633192
584831575369280420048549655
