3600
~
400
~
2
~
611032877145934959189916293286248885508279037067243696045300687971008844765702868280421670312774546854863054949977524456
208908555563474601128847232163660123800156101816726171237951302796431322164715578954390191776234415303466432791903978523
2183427165054093317064702606067167134122420407950922735967514283287014495134467222134639000590773573308774193734561462081
696210446882670321518747298371681344973039725808843207683288529464985636974606588229610499157943025627740735949752855626
1699671946233030988625641469838834107712775247704655512578239933492251120875242019526005152950518678597618041001857023790
583129992188673234466447908917475706152836622340162697465625021738121096515623828598184470968215515385693646571204648050
1719979862597583153981442810550651891417737249696989057169588478434903144893509429528767095439532519220814886575093788036
208538354687175016522638756349753387081365531116978035517756888205900712804101147539359034181456637982141097762280079643
2125855416922885538108649221609376282397853492779101434981979758851917562697002081214303209875484587939907305373397346528
1979894046001674409789692933348756404254065725123515827935262195135150703762743318156296516928198869585753572108468139842
331543673697067398400531596769299143069215063447073237144614494394800017164236958502992500578017176755819581297757079635
2565734587812133641543799724207718843256800826107828781563045318256446602048135623671178120339933764545830365159895756666
237950656499213589627693485421339793329630895792810119464323221284450903533421509913456663476823013493027816784994056455
95610331899315508862304375014450049213413536519364210858003087545818445564835632422108571091887472700045491967013500045
1036435462919341537037774708441855858002917346631221447002871305450674375410071158215166846952551082325471941897026369902
468931754124209201559670112168663821985274390459054114086434432471240468711817254734294146746058344272937567056352723536
1798603194575319792440849143086721350559903602005107798908171160122740854460799401875714341522665411924055583786158923486
872853880282644195202843243457015113238340215050880593262585542814137191889695970942825933179698876440484623572893570854
1083568030680252968978328741375274816013848724897710300797451279811963098808458841941676428566199910836213932081654340348
535341849934086668686264781391198036374897850578161485212896645760901912665124052140013479794401465052693170668243049567
2265838808283654097078962229939728998092348783768312141780624138971614649781479524447548661790500351305349560500288486674
1425478849426654403100652102722012153934336415841971203356275807659034315373046400634805539466344098174647028299225934379
1738459297594748456230844069981908770091115262259325661031972959238685680648446646213168562022745981905328291174753009566
183113275678397568531282488924412983421052590723423694703163617347246447160504877313019353349191554460795035024785121206
2135545303065046267652933611179517043114673175089510087975022960972552108197135725265479087845654081026677504854566686316
731073018351885622528642608947247812145713506875423695341168828424663604324204061499276969425964756658621766067575739435
1068910606887756044080865961521159581963642041454974130782624003050780229481660227455671824339253819031030038489489475781
2367856879788500371380719252118355141112997634068443449679960481733176257645581021212922348844589291967483758838723082136
1204884968348303452141693916684844177243556381117264797720395272794220367011732042322662310203431443599372601458925485922
1338107015133105422602349719742986187530465568736235511516736339092865643689417966427297157218828548027639449232599253260
2348578972639109223820536784149616970228146132165774907165515968643345258404615580214979028942550563961490362278310214771
974461066139052431620816065168218541636947444699481564750882750606577648114540201148816737203651895818629157613271547727
1529999585713788073454896042621033650433852131241543155197915789508487696371381444374057019532285346279827520927745105535
2513620981028750568450156552327966447457551481681037614935030174358389683133172686079840721957876014429291310724167810565
263783666217573467034967428143631760628887343203528033504194658975387435597348548789120379604850898949833736432335277662
1048048659010749542919659848625956144649762220366402998713008148537098047026819579240381218616582984854998610378551838859
517480184366433803542864785492628273680596816673928591565066348485607712599892509062654072878477739932034428533589385312
1203375101292085695263545394574648232942540339810662142984133778842094298226379482621543282099248316796949258054612393801
1938548380428778383827540850651043118003109104893949348163010782794481251320834362610850138104977403308155021003892074100
1868375121071934215734183279974989843247177837196958562251967341324374077902732192497848012425431978375700816234765434587
1512286506451674834902162902560034033876742310425626688126675536010845138654301262833093551374257016017892145840200427224
676891728963514322587641042202152079401187569455848037284983381341606842654368938731584222411300813256261370137199969108
1022294427228751336226330601140343275069076252083656381904165295209470754761630980864567593733827086476018826850618465922
358363101277653018719074908235330738943303701478936173176635276225484902343242622792723308872562002193845579813461258899
925084077705669166001002453056528176825269610529546598133998630221220949951169317277825109766464839889300027377173401729
2370959746197710173207042655945785748388330100782594026537014480234031134793248911413716043316518105795558903280958481973
1066251555512175414296057251253517937435951218716756408056736938451281392397159279004701924119065130361440097622135475429
997861261737671257951889794209956825557075772947264145118878476056181899667546163188611309615673147452635687440466039036
1016042105713692340462586645036976941283861209663390925177291865957858910445554725047882805182058508460345093612125710315
911466711314732145786642556787087431795726140733634843329743018214770340120707560824777706492427143655764405077814254038
1981053676722839623140822021441811000361168747431729147704346167767403888728265728614325228796075410434972564891547547817
274726015875647943577160020592895983852375675329181327932254454578942093544424812443450820202037512705680803492768513394
1150160518197833821418799203199484724580639596629588786867541049003480249415174726668126588234193525453907125252192254052
2449175486291202809554467577706287591967430013256078305433366344046721203431225008618998644256210637993404553847314910383
827460345175255098940729496458903026407665382115845115785809118464593503411297263022980278763535772082564912661686471279
1781560962758431372895698532967056368512617019075587002260761870894200401795308387595811106129429661252556255224622612826
1667898593690303420001036806373592309220830118030325594190818601725341422820336517637256178982648977604637318082130810459
2434921901756100308614211459238319834783509638443896098139918303131536534349886322614135662004016584494403813341849285951
1678114224723358663223674065889114716611270951573196391609738993051683397418334215901307317072325522130023320833088403529
908986182924830615270102330613078278564513374141167131236457644444861958333334703094432172187305260392223131368340987911
618493516515991868560166550831437353470459132017666142827856554242155484801339786888989115524924624376764427667677896676
1244775377092844001907996768430310419424715949520042416877195477615279112354789851906838569856152896001255090985468811185
2134332544723984501524150946431931145733635288718423283202918259753119907178591053916074452785497004372037313695360246294
2326847083237260072860406677578898536740437816875303932795889268011989872721470371653130002622825083820478867990065897319
114508317142848695994614106946500532149912036177850996666510257829354614311240033376496290671705681033605932319288134913
2196797248638469399177000974430599962832022880207869589142543581403547842057531590841897085767231658335492084998707886245
1937083478575458488286598000665299731070032843735228496538034495820123607003375091508744331007297493173851556394609578849
2073226415435469611129643090741446446650471126047605716370450654629638620058483192733785211947579190859515955952437517645
1727066398099677305487405071162920136659683703768985754026085293375063549512988902559202672262657421247970597620382885330
890924766561005315309869638719242688930613223729297802727464070913046470330472941151495281735481810953391485216199771863
410182997357221888462849558610755645299792587637757063885933785896204163694368211428940809303577959754358207149785913951
1523906251717280925911400846496483944724292106096018189105677412857499705681687630538746483771200839082954572317055410981
1833233716833759386393707078342346878425951476969374314250323466554038262968388167542773002425122066765602674667966970097
1113272600911812296247944712007060675942803314895615498305652070649450632545699576213252067352418222346747264518145863540
903776680581636407425802214595266787777643938743916938161136090777118742549128426075076442805009392981815717956787642012
1873387267258636673744487315551592565013187212787400373202955051977817630120198563090534996675803405759377374831292010210
2146622907001342276667347202140798471202806136119076600163742771181712094999155883355749672433483852434864451091507404190
287681871619738331138143724461238580165112007454519536864813939733891255098304253249223082739622598450673801008037426362
1633820858346520980384578002262955472575684755554154939193860751696182106998240831687471036308303693190005439025766201206
492616960387530011339335184188206789033547932984700894899882666703339411952316875730999575877093528225701762690598507409
1965285367176100847784435584529958048319953286837669427802428645435565287296520443872048995588572025060315799515326866404
1193411626226403620314631318379541833660896145380004705868790408016855200122957828574788039664895638868386066539716473445
115758215455089016915808776313829716028292645833789663621928313115943683158316825534094650040712866918787207779032405114
1781773487258189138046259769880257320620928189102955081491273499482732398144114426572444714471757386329932539743793315080
2422212031822140017711221700737477126401973425290052624441986372449327406206908062372543669342319038836921544953137140070
2420464264332886475239885431649557992999656639774457712956950573600488600168815881981133714260412876218737711068287794226
516552690166936688434421867448948145520860244337041632703129653838927573606262195191355328774814376175562452139498738414
790150996553628546853061405836966444041622855796570818321027338161336058123496808824340586444837598823706036733667728022
1125395800567782022876150459631448646890564608574857624100852755635061653701462765326439316839527267245851823678102219557
2241581822846967922054850923188120911326924571879811474783425283740106063249634336611808507342639069757351311593689063827
2130679292342600765055998359188698422832771430809148399240150004910594792723962921982283323437732997337640753437371422357
84298415011179333538237252761174441184405475166921135929536694849946200194282006828048776244489446330935007948401256929
1171317144196528292320482883250165889555626997553530202781348513923528121661969437358844810842727575664768565878169239696
2053178449908306035064735774835787576344875307607804821528041572862210538391743634953443731192775491768428807409450973893
2523819921916496431247200353793185041082573270388580498796187078724302809306048730430742477708371953452682820125564287596
716720883022407088845174478295859206238491826806764578790903212603897914405232992509732617933398443049740008629153576176
1466159160938689961348673195472006557144163443440566407731071960450943721341874764140753527874142610814659757331002795948
1273238043246340566941065222299820837456349109079540212984624994030180552231219826977292782871690131710620888200031641308
1871050659941613302297945720864810480108532748817929794102430681065203984288766649898250751616259008353312619762991098312
965708675861876729691332791163888936892807619325630900924719524388813091921930343714234310011744582772801510455887012618
121767971915223863524430546030420447308160765416562875675773467559293405338889751259778679299606421517135560359564704709
548942793640481215892756615583338757934772461194217535772912857620225490660052760197483023307804786031605336942415885346
2170170369581664806393070088671730684112358934627780783765460663902610126762666049075532015355491978715476772292338068186
1414751897427185144219157338586228678495497510639700172636235224934358595459702290228357528018939963303155992169710796999
526740079813297641449714231822084894164386433013346745712308014610619982117764345637897906631706314874746967765430748559
819469887179637877314688343766270245224215442197591669559753965836366706011356252260933715756931284832834604958209914766
1106520582631780421566056324387385529000459282812846647002122064378396327381773445974863065326926322940219633379674448451
2379411201780327264591149840814068381579282329158811024212568942199226883940270698071117676690035307237790805392329172580
1268632083670715392523132962614306981093437427819196036380580096047337606355922216479977254389543678575235312145931645700
1972218211126416740390263861410329298499987901277431623336136757689620436493533164538807189974510730355902589645479097234
697445733255122675752126900448088189893541846132403581553788830733744092609033784332074212822026002532836928643661762297
2071756076633298840295168980980887800854066030382469003387473845164430678415111618847754688785240765034915914649436165216
346884317809726769034374414788561448205069353537021005649123508096844670588351213948436591251657243376528587409065176435
1266184060399541610202450456269274067364478070612950410242958380584703006313434253347422667573038666489506266143577297071
1596633101550962202455010799468387135674174496727482218979655838714557300806482677684789104454825827306234762903138998963
1898324836077115972361889232225160579983973642813947129597348172669084153215704228197089720656340710764780515713081193341
703400228450988096267959858290138932234568100391156861296528551911131929043095036634000778657026788261103485605091593595
604480942149709588145663386722911011826466119943020644376168282388344677678986424554494044473901486356417372658723403211
364327577931506588973437226203920190270195613659746820651414615389612268299238397380831257729442288714342808676578438613
565659655522221402338334684708634713516544818653294884524359749972379715342082998551017911559648792166836872683246142802
658365144779320025717233440840072803111872415880271563976222494642492058784112611997814455879954022615507691269481969775
1674225841528239305231695059640846323932407742650240795635849870371637368861460953469870457861398587322131062721516298802
150007032342497657123709509838703012632916939872274420321497251318680929705079017591106194152393563404016771225095016598
1175666716497995695083093586362319152065292611808003681266296934577361170337795390969164002174684995016168957976411803622
1705227363634294848842108891510791177834439029131354749041089974696640209942289007459310796555440410283046022943138590626
344728261043586197036204025828949504981342730891478954939866447556128673572745227252075138153503334463622053704613025362
443520942848885794653628962966183838212524049831079704539139294709097710075695777965156183816081091030883322090621764000
67481947961422249053137514283553960798340872550868676785373406944013669978149531357559844802195930593296705760721662189
2437402031740380553495521570148369188275170741999358043705839013745023290858269910356204005329129068323196437049911478165
2421762245569879760799973416686070232505337509802370881827381562198994571637139574931324518061927537854075810939980516407
1320040431580018749411587909440999375244346587805048455791397820596308403081023183577980250520840755644807067725853271559
552901085393470128002257998425246824420031571565871074906877520817034552578079320294570944425080723112834889407981969553
551313196783300490714795838802310879682806381710039021541366545423081204612163313004171755871595642134714376516879703961
442072094765606138042257715823665025519249847437618097891511712266117595970140582819749671139847767508201916587056253628
664162339079436966063647542689741595153305337622312736111179777421332256260813621866143431982237808642980970167853031402
2095608933229490744071910039063629735665443683759489052551742302903879763237611250087948926258395322894947536841623698899
594998560900419133717508623949395035348264186688107891947976951304343668783387505106578803057848754381287979414751378205
1700613912900079788092453911940592154741656718619611832264697026764863739784420133556048617977901635669864137326355772767
1691032965635686585303303706014549589586316523843097976871411422246867347756883710672012641223319843719954905963542186866
952341183078447403913239546313174221408722990088773433890711375842590419844277033473685245656056759049021143816235643150
2239463883911960748687944661080970734327013591074582811707380604171027851475343192948690685421087518451714944506540554220
12390342638102457422020172870406550678651370780028609636907069349937856257763631612865986240463999758294969192352546962
786408510446158655814235185971273434252247147260549082136543830922463377328210011804318184541943137423532880868104856936
1869595801383727496604816317797573879241194526194769993150427842338886172946207374786746064889052852467831171201599169234
1854596479910213364633124115900939886427477128996724192408493129907370030833430080685955884332389125753898156462768450741
184920947399490252249708942619766087040121359482109083204638934624028192277243263944816096311744894551560431939221337482
2139175184276766396234489563457713434808558613605546902079268585335319330431931131794633453531819096234747840910925110032
598532595890717893556094085840127461053299198385638916402172080428498198722936690416497085584419753259073404709501028090
1379764450855151263991129050613089080778201783123575453556528194038358888599950683486611196551603704428022238368840177763
531378614213009745651491617618067984677044302946641444386528609680496277287217872551840388672866861364617352640003809422
2238154928084187741003634985652914409236003756198850828963727984306219505614804172090685096815174059730853024645553026010
2423053023073833976426666131529846009418200335303526247430040133682350036437312288688641886739377380303007487445066932328
427055767038476351522813919403262787025960966132816343070285664980324981300356549646910238899462691573407743112718017631
1373382825166667181331955810322729749272345274913490569367040942533425387430687233819833749891063743803596202084347668151
2099254057423131786460199195720697803587636159395002774440544003863379217510655428384238468431524629570405011698700848883
1296172282151743404860499154758971760838760756397003090923274864789764847564548942375322151649708303628531274045197152259
934789143745329406071775814540158120345512514704024898939945265297689299661836602104408119070796987959713339653782120006
2285825151860896410186657748996894668163113395448682581724130453770254829981047374342295568231053392646958791303397966544
1573249717141083079852486638238383835113116194591722513917982499654071356722042635401780300320848923293160257840243477427
1446055063840860015044568712530932461525182808179884970309593201613739349701444806264124445235550634681412159789148474121
1099778931974700564868108257977763090005767903330524389528101567697017801360202126488584926361506305777103832611177525803
157524778946408544518613374787030387108901445011518553609098324561157024747060297359625348239668369157871118386635835296
938556516153732879445559241796793364904976213507684541157452161739250806218353634505807513829176596543044615766784647236
792915082244836217246842254140068373488583414897909058064520173069428955425790000999457950788778208724447358637801806568
1166362418057044688007450680134366340191987131545222545395446338072159592313251479508105172562988698782315498678231150715
1417342442363311339564979153501322700297451456379018687218473244504149358769367617992226258381679017627572757059784190367
1827593278302648688472311563560311766543174787368743930417715307815516566890302626712107007954706094869699478274817461143
1966006347426218048191968618755616088417029640641586623993847092730111654610244065741929360435078347085645342311678518257
2315079375278893451672249674060781129256446202635168638697094225057172868591516483533159533165369666321347946402310804618
211742665643307764361970006655680721104483102516422898382177578800975032473517858280863193916730861389835955162374961136
1165443649701645324928327692992432632766282699196530328166591456793122246793156977522014523352835984572447964743621563395
1288862729856131899804863876617783188006405822361245437468405510743850614443654515366388486325467914229490438438830103867
1046429633693597942129128759588026489669658456708173050417204764444702311599496365087415200754656134931652683151945058275
440843697960593575388277304625160681285404948442565276622744044509614243062577013676633326530902107029431420813482791190
1158972173351285394920476215980281864916494144935912077577077369825640991718558725954690708636683785621693504545570228629
486424118510098234236970528907994347605081709503891859317625456417253092784363722628752907623370986753535426842922490378
535525213448281834667065064781059559907641067189503437652947346313924955838581844483522327541799397341066372052534358586
140219804437835650922177960116679824267012022966470095861600515839174799061150929906076455256003998876659050541926421200
1509867607852713523535300780604878865921372321498480512973050996534081787181354886751691340248533666933294190677643529019
746672210789969472364552404525719550415363071436093319696993097334930027353298242633767745124461480677376550009013046762
1621246535797491706867917673834887158911419369697607820727438558938253694887985069954496023548336297369774161886235902214
807224193229659010934523284550589917036963496845581529804424102689845238538621570611305292180660829115772355741338206100
1186071053491867676538877901366417513293960220674740038306769930445441928921833346474490180252240682087845356360868607873
2187281270862229706779816227271168169755710670178389227330439102852106997262303071354676888314553861330339965215194075795
1105229384916753084476636502943300559483477145017595644635924830869761488625163102796917154618822717345575567669199611443
332284462859334051645012913599322636783486889706674754061416302011422247120033219644188675444557926450558982042479742695
2059370559950759835727639534040299367054766810027464768936292361969885637858760441715442375094321841186781907322991883268
1430960407658303332130139456807345831400396322537115136579494754507158658241457610610412894359855434573581897531899281872
456093875343019694406377272083811809681933152730070484313720510418743918690592430436913808425288997336775876509141184403
179950101024204895221510307696759882060043183251640877021667092672898379499571919773388948876080421553445520104810137802
1153514428730676428849359702424834149833459930377779111847124415380882898641201408540451429608919274479840762538551127981
778442380514793038773202446836897144886655836723213401320047415147252435293358914438028720750428411935301773872906195295
150429989941919570263533858468464771877875732241077808720455134663675864319734614890748248482475590528283210114115173570
2376881991910237021081715408291199229886795289162711426245404655007523003589161504242106698444042165879800730083990485965
370527231545201330219856397061286148861851580145960063518143176255910156723926645783461980730163071947997448944457508808
1533704285831787568250410676772027533886463319202581402482413785938145490808671455007251515279780545985961563485143199256
1290121034430170741264564863020847108642531335348106425358302555575141740875217353963856161159738901804613972353319412173
784392309362223379185488277217616284897769882312539153554410657763116742556946251627321713632250696017641159411697594234
577686340858757207062201086490604985252530537796811740393440827104414067450894513604374141247025778981833247438481464437
185412658763278349532025081298203962671996912355114893102454658973586347663866690632000362537889118272753300653166701112
430307764809778449839085997081402994619654304981321190599444690696932328746437189730531729205722181509168789800985481112
261255279234134674112875035649432658113517113577309935284555803995518056559341490808073385296979104989779621067768835641
279578277788203540004969484162530622402723234817981485784504155564448455073183686510868122600789583031537914512950455015
640912671800066894400901037559897864281539295566681680616388795893528478069123947134569981813875195544795917143440874531
1195498879065479053353750257984746559985591154201703775098417072135939879881148092020876481949972054782946050272419299986
103875502202305385643645940575020342256017970440417282614494454855058689572624160211022956679921025184417379784849113038
1486891954522749868235728442217121197725676279057180310937239663862924618333853928494308614996186111720019915304212437941
140007451674760276922242588487053967678862128053119433634702095156167269546033800636880264835787445764699154752873562433
35045260909075134196048223618728234344511060116399293175170903031905285205835459348817062815581920622890623023489483022
656068208078262099777346985657884117116180046691698184664613076671205849328813288746289911847553745171619687852912932756
1274544792363055406409227518602296688481567034070666659985490606965094406391102357736653526892514730326472158384695321119
2076923832992535327002287809665749663009230513716068565537154327931722228014410120424501174825896505261931431046625654309
2373815916964072833606952750170725432728161925510828796764344881286670546230455271729908965538244436005036726471696302875
449944931540275719937553561019889552716787992923116961162616810477424323985055987166964274157420205107921407459993410501
264305169583131152100978574479236490720131800288184350818779327355144533012548334821311212757079600408122894028379712362
1584384894262031935129604460995942073677157889052296059617957066851941967773134127737634030424611412768230645735915314667
466054138793873147589784052513809090411668030194765163315602991136547432988533508966682314378482304393873733496234694579
956594742044330610767240596380941636099105102660778720218297945607852875565758393217157133811167678900745997710682200591
1133696328785437259289264110977483881047209447503684384956646601124110082925705436766588552202219491973073721543594634036
1079146813333663183872652843526246087335750117899428225100738556971069578674565995293214924621172669366325522800340448102
682926772802136796470602348816693947371574246322714625566366974399777906491557330245137190450860040141242215746300130143
57228753571911314921894585619049497919495416582342496852985875024164652714662490957336021550009884301338177527978068471
165654835000997910130649395746418007287257830971581678740530882003054226209919065514894731006320388093709321931017204337
955155953460918122610868524811977889486940243574018263098028688553553398579725997692209294522092487968136184452593130375
61980941790840284532913019460985353120347243949312497798405529107799202544115945785722813365634544185134593236942820684
514512605331575061966251163582959680589801880567356368040758137160023568670635715297388190509113249767339105940947550511
2569632314638415937157691520709826571082014581166074672352329681096858178848028283779436748931460050114031867775619716200
1798544018045095150273780826324243022775449550853982284936281505196929741141504520454387707517401856642842541315635051231
1883822834180063239197001545210440829095686410089967759305448753191278738775963368586517894309555724352788823636296269949
1597916652159698254753483311387475042033702549175735424956003127286506538493823604787886018555153577197917380434839055265
1872497633982269822492999378601067984471524766759397231377103026127079318564647622275345587500881598602782544100214659863
2267654556522776165010536946500693217196534732036700674615124304359327738506355036020698532622757053994354641452889621410
1008084944810350684001788566700170454371128790791119999949101039418439531637857393267056679503268890302955167020229183867
1637630327771876265984491735831752869583257580145621952793647418213100882418261933527799905179326586698496407412358366380
2101560505693030160696139061521624751855953152391802435710800856158477856007110007896006885239785568905773666050498313043
2181020454823340866199366531745902489641977075503815378920077722038422017713997098895865802895238076862152692336250210934
1527761180673741115405638667355957059189143063111899997880363185505947786412355818355253150868503597306987696359555918576
896837824075415931180202210186048983822203859642652180006005909027706397049326430059481920061357930025601334897615634150
2052323861193807000203817434728225972583202697483812437524952558253114154764926897505096799712859991399444540623231781498
2379835078288487202073739018718384045676581034301921528741540455540586205105804395650654484004754942294046448675597394468
1181929480033636331435761781822004411191086913631699899609657994330430756582651706230507577577091561835931066973763810492
1203469167596743153655450998892387077146911060999451107410702628464883364628951838647057879518509731369372105733122000185
1805799750209276256665224373157437404875101723134737705846333888839499354301505649142679809794716423978219091026058449015
452970982617274409273135828450830952101938722083754075930376099532035336734554454619577210674455953192972757558318468534
2134393105806249821474588028757719704695797284764817441956462984663080177832777317294902974954755324108912567814984003715
2246125168291626528945638646021214036848328991597452624699761979261762220845465085454119834714548644544174658825382031270
2358685138923343225191849906167615169161299033581504113241357631562669066933246751327701973565994014744044977219255798409
1637156786785123006218717097355451667903641065523850855129022266172451088587503237788567132127568310323122205120168031051
647851842294334407015303532579663189279046567621224757633043315244548597524412985519270720240678044933955712905010088156
1550376557179350748469471481748940018775779144831940618799871028829136970807690294063690920510385334569530838992993331471
635606858762966531347428604319513204157619985645242260484284523243499387638821104962591018539430016180649044939500599365
143204486020880946844353098094232755380594760924146469799383846790256616641208932722786805400075053007393665474507431990
2353713815838151345033106619430819232000407467256203978619692530908203844804356876951239323505692844453283497954112588273
291968401738261139227360732977646050365974372309975149464988080280703410164758122999778508351825671147170048344962699236
1383339250247829896715830130809373204861783979760411385312212300323207139489980963243243255481891725867144777402025308353
1083522598728934293080595366284566540157618132842242175751865619202187939079073994421488297128173223335556244422520373417
1992088420917240921567050049508897897220591467247646127817490058947570496655040035949503802118154769971540242360383051804
2325708468146183196543646026477222547010763985304793607497271571188760704887589156446641233100654677824145268209053900035
1444556969986624397352284530588744359190881649475483574799344936638773222755517273550051988007093197122511114108019472464
2122358362059962128205491325294579640034298946850215511767951432558251275937465201633295376325559554177308283790631885643
589710877234281696140654945988247633221501115642284390041045658642992936189560615141142031387948578851930068549034351954
2547259752067500884508888040275467662728304808526484068609882249458508563890890117920902562614061269085662581913229128731
1700788640338658202629101829507889479370109663156966556770641974899993636341188437265613720596174313451624101435943684000
41665814759059762405007638235772358634745322847365008980740456289230867672585394543577906669709638214777062457672692607
1483993623084481082724359287170899338494774299714114184705369006690203553124924291078643766219679270728409625606532018645
329297284642517570835064809290564451830514409093165226120846198271624361085743658466072534345563768715283433168588240112
2351822895452962255046270937412554580494640925361324825879942215182409391016164879203799560108343856529243482221798312366
1313489146944168324901700466365240821495305038327781320454414975451606225721187580323677044486935077667584751758815025095
1132829658741579134123067684783646452229827984412043556012061950391143329518519399864105397050996068869946351732321643672
851318951230493003829455638074358077923791801180847415006277069556421013188028545923882123733760831738142262156424075296
1410376845625761655771650316706014228477964196097844169931889958742695748897608923647205626698215673791345956386378726317
590527087140291110555498882159614998637775841264736152334197191683159709635137626809071197278445317500660653494172080711
1224464639602079019353549635938867476307657272985611190435967240216605578916443721175371140889080596267715087076970726763
2475841973557085769088746775381843602530204410059664896750347087378370971640895270958699679582332358512638314629236480750
877568278613829181427492636162724415149939199990402202609951457067429730603978558160806504910295093178949583994458273900
2194424770075695108301338043754220572053804793591979018098975351628264668743404639409282328060421288609997516499277940451
973365721122627477498179653201665839752695200631854468115772708928160317951238151224914502070103046848701559919784348925
998218545783012118369749144929482865129312091805879134248662780867078823808025692260609307198827556513523517204098527904
1673966611113640066195834261928648915675895169063353806247897137562638928462056546855299640712962628923413139205555068031
1903079386639222077866244877627642102977026670409680317012907621621934288506334863987450269176468288965530597004240134526
1107649159383113337893771386100415452639238138462515317763262684765482438046865006759751723518890456748768982703642674159
1424680151571039900258584164967583993204252487590057172072574430909539742187823414397675073838276428452225608323276595523
2356282087790974521493586779161145980893004149410845690880076624996784283492064876562059730378625455327711731327859801979
739249310743966089297224765941928359356530387829782077109394469001109211592010309706554043002755261551679222546857337027
1133137173087761034629142708091336426716497539469592457420721525993443331399983122131739635801805521385004475209415688973
2257017466673976244206984809545033809588141100262256108272470379362860159249990361730036373911900938106033843428564055825
592821186021034915839881482096609920863458327760993318755688103594950369151559878639517801085053886543558339519304546008
433080541203513526332589359339756714412326078627105948202781278913337911949319032289029220557064245413095177856001111301
2324410767107283354696791371649330960733069655316530489847552757402999335227427527402843359052964704397916249051175277945
837722910703978282841456739195996924506240028729425705703879394619105253995283308578329429433471122303634706584420464582
2341793215731815304935012512513217846576349766121406579063632858343481893966494181953717955100156022743713442396152611862
1070440205314743113544489161258888291497815870551951162016029215669839513655869184208143944545781490654872093010108183895
1984392670963375683117710260467364012024034531896529980184357424851763977108110960361911174830258259326301854063415354135
2488431438641323950585310127017469831322320795005487280062116332401310681779231701307612865490710319209502012519649206886
2434592563592344658434353334295293735981237218115245368745851372827290737723943425587880805747823436409621747823805449181
1156822189840972034760040527647841184084599300720136333126611064123078463150542060996764235801673020099304915661668514344
1568296322885957239684036763385637106117608903699589448001199129820782910089867381431193573899596067515573442769172132418
1095424309679098909312659070301772356767800095624901431131037288240502948587179473687367295045760972820957139385565158457
1674724016906673933779205878145032601828736133475568223765922589058053626392389990569984648522170508819244071594954433628
1857783389444211571967452479839483392213035864437166311081222389681912143467181869101709493321461160555153367131706497566
1357857544910035460734851492363613692996661157440917528481121441560666127172724197676813714075500127142495967938252561632
1593627805438926754730903802530516422000363219058337327561640032622140049526702277534983397451065710213160483258318431742
422613136104824457214802733093822791542635478081901277355372819762938462987266914644682366809300585925170255078970206488
266266936430638296205327797551048882011571297219354192337708789937803166189870743183322813640980720882227918018386698918
1836238780019106543643882243495252604897862838818495260843813935646326100326209887828727520397293842975255601873851100695
188071220309626747374267533791469384585984609292363094807744431799575590509598121489392076021771566926335426423827125442
2248758368729263099155531407003897948797352634968852854583024905827953999648797673747936738702956792573279579255561846678
320959301779104175921241007548417930325363863646305908885307345179471468946997164011804748608129507263805878873299009010
204321856097260365729767942558252021181032319798543349641749823212919930816944518730110840343436851934458254135860961152
1544523278281932029014309613206874371486933102061615410370485952567108092407880044161648801772336937648251177393038384435
2032869196176909048766234237559500975430991079889063788183318063389706231894953146128746434015243624596144160432916805266
374231641111572210445625140557450369725573617634613427518608254967576385835570805449534138019073853955415633492853758615
2051620771751236996879058312360650920827288413923071559040071291506553313337019269773519228853848344277538165609866181410
2559942060134456409525878481931071993029178920534038447776985419001749943460983391248953608938421158620637100938460474703
8018079647381813461265137487191066967288757390232068382444313063312258886042453549802915789177181997268681515353641883
2229970861407385463555749313546638357897111661069081118640583409290813462171832818250952653163447810312797141177312863193
2136210789062541730996850953252067546946612672220703882301684315753287502735038085596839501805969006937858324985999132705
1390478513301942016328799501063005345628495530035678306174135793440731685625328137698126131823949261609362468758281038688
2030690708676758661226802131859359837079957624724856261748639023535521055649479449115417407581442291385001435695927579241
1626711638224069873035291069087772223450166127252941172273994575919700905678754883384458797842826780711873124582158723425
1562801182605998186225633063794454941598484451568667246356723028149050436661518830590520817914680262815218339009320418918
1973283104236253430678197084104701480654770962129487251436348160907720319017674573984689514358067959668594725496955350434
1928702089768290559455604284923425425717832131992661508856897868724138797676551424581075493912385917449904040230712692113
1042473562009934020887300789763333635392334011194129590509744375348640899292379103661597357092674959510006489622805528961
2030099011042802253284720347992911358007940091401647794471567266946878773985315475279131301216415317231354933437945101286
443023341879587823529012234310664580653369987793740927036970053528064470743862195049607858870665593284934965015685841696
1854651754950931869058080190115405154474943141466449016851132477349564591580171025912200768035532096884703253553205294811
476636137940774700380621139285456955326974821955493483783391735974093338005315105135584673325656527011181810368615948601
1361600719802115012325624918337488096676318062500023915522027181047731024566884768320499093299530083191460469336399308369
2382872800761970351714281048523254953834060956199064093194721811927555405898664358857003352269336743510061200522868460636
2332946832188315711882554464198274460282037475850043256110927420949066351972630261882326180612356924804032677359864356372
765588067767357694519104359005636749764835545186105568488678819515389159850209996654476985685434989592798996190607091200
2220063529685855601917976431807668032569739716310494871308002957511103861587331122654735124147599958159062292123052750607
2207779939433954917902799063402305481722922838157159770926455867387661178084233295724277825766307933862855083455435835090
1155230994788741097379842259559276136625280382799577737437382218069867992815518110118753138326972671065145279896962889770
2118369037532961080271107727132738417914990180659044821978247452115122379266710160046349558976488077638736378353374947046
2071432708718538022626109079909230444975427814331347177286744398043977782596150721130912738923746338189438955886279041452
95175595039627459564839473836415126042534704212176149035687943493270525081563044872008854743184219475083585437372355495
965080489995033037768147505334095104055852724560420205783754872927786469701855187845942555371019989701653484891469453832
77895196983396686590770397187268439647883630121368136880668266436748581899511136426597567292365822664106767458046306413
1616555171083059236815859419344610941085111465343945493684747843940561659538265281982667228053082053634605265435971589514
776270557933584806794132095147506432478605365507795296316786207996737491404216810155761292071173525901605731323478071557
1175614011862536897854579177962328080949265264351971839087458114471117086014874194151549520656972221300500214984185177325
671218096323499843632228433996789101180310820943420819331493352112257601991390637765268393754091132595346013175881717012
2191735850323379372951794987618955091218530001744178390031336157448983626086417804180489110452946656931785472593822080242
2494580150728204081016918439126710615973494181553142030546515486660191383445103969404899478656522688079608888949521208509
65256641701103013727396052199355562920570882008196449864864608353310614184781111120788568217286682977972257766003079145
1379608334391673997804922533352490123956771977181616177321069812728512566207360966509899404718270468233097612924965573314
245856075164158203362781666808543208604259494892184144152056334148072303887264380253344251749176857806955865303827829469
2142598990900176681293229802117116653682169846759431242279208452403815288908488376280801450193293746741434614592079925803
391800131645358170447834430090169240279971659328257969450550858306114205508627322471216732036493764341025192301357133326
575691111805775665807997279664467089151538414116112888588650748852059458627803348400587053133595862666238271193550558140
1522193120191567365419013309854169088418508443248853583014386596622774102723577574561655653914030804213331343387496570754
575508269553444699751772911620312410994172495238258954537652430505375308702578498888715742686926295572474291509491980000
1633697201177120708517022713352399493042719785814091378473139479363286920191806089002678290182942503659552097313445587108
1666965937136674705010342089374477329528952634595415036762598150730116000586538970531563364233844145315017023787397023771
297849351345668380907350427924545176133053498187062750331522203629119681769707697306248434476790858725790296875419273478
1636539787326761624124802480992448178321065098688789147762450487734940262060661558780183698303768249652008020881675389371
1293901272443980767242428536139083024134466879935384842857015333503749363874974796051369214968427749579102455867470413190
1571142920822608643075633857943120009479648882689578191038189097620463273133187654513088650016445212462166475649094710591
2232622603034613749906981259312601630264229482737834084056278133587496229233940964510719145527491551943233386298389633351
1025075186478356611882441418085321140630616429867419905312670229511588530035863360351654843993328059688581540875430299836
722320651412859589189512097022725355693970693314190586775512057565047412965597399846450183369255387693503692126651938919
1801187293317596463896752663407312299848581385198505209659078620534063125196115136180816822444197596557546299325417531139
2518960325267796443870103881336596563282871011173020752999813197766162745670538377284409007208471790288287234354372798432
477383860283066777403323484785321456469453040061784805634034224502380714123297567582976897249215554148359190595396044635
2505175531202398622334295473658705378829656812588794933661449591803742837412744122769375110821570150060236734811826127616
520971139672710856431039696315458831373492694578891831590565575679497829497071378792776227449447104511659309715370717146
1207584127354124093178206461786760457547922687115437342001880153438035124332697470623560659278851983003931809161698370708
840522627712907765042916063852886931742115375309684550278287217028248190479088747246299414214686123601141122954500449178
60595911422161892026538514937692913073063183961616992843204029492871653856773614189063487445888810913047849618259714462
1560173201527846591640459247969694566843018845377052467937309020560733492421869242683979907432708285406737257227593060756
1246737867293084772332501114709297678890226174620136787432306540243695212347662952580392754286093918185271555585444819390
1173342537019515728478787262720385342452438487708863110921753374563656358640967503939944391077762679467949169718403092626
53253383871053527713784221049124044548665343453970432883524005390334896607847404441865336512940974400540089116489841937
1197817555874772073504119161336369561764836853942579606513142624199046754163573872711695996589748067683655351277847266761
1594300801442242362781548190570292347497977918792293306365500138958723981589946494168803629954215401468387875279466430254
1307540964720968867680543461766361754769008986019439775228316752910204425165726001103727428246525816653813390275654397082
1517006233254222951512311037439682223183342752562517915859910071865378999974220025154764292484582742318392718644647075376
1299852518598761006248377453309175394085811305589125685196292200812194291325176632432477236878047094130502089705215874801
663554425702950599918115789353884131246046591223574543065813939003903557785033357916516514033451737904687880112082005313
954258218424813793066506320762165404117434920366203574232866221673701458774447193902085174154444968715572500466170514549
499977416723140709100251854829662927479355479316600253905828677198364563904018732119110349440279760778939771584918072749
1569276312868357375714978776784304276491195308623642894457020227783528896045908068872990225076820721322619166050451962155
1551874800203063989070834951479635958063509707603395667543573717453015895311867777802073318552278003391128565979615738525
2455674154188040796226644606283548875075305006776043145653772742773515013035940091049773803131634965844992669996525265775
722579516022393140631873941984607632073884331830569033675063251607016350511153476472420791560444153193956117790448367224
101454869789809386184919283237309142740793219449775372788800974261894589660301262301193640099224872763932489950040989593
992312574715818160394227572161667641894213469498976750902353176267649837017644214198569145973925347028846911709410642200
2135491868611417258965527236774117531311372072155734847037733556157946287117411809504452750805328873865414080376773942452
1992514942921117299256241842179569784244476089828978710741366007712908934490586986164318597779754081859893817274457328320
703611211959736926665484499920734775679153512761716598757325816141498511315597892146632498763145226124171756919249807548
1055652897472625934481822381769519871377849069177410902597762045326114530719018110991819096394822194602437109794531387505
1864608051587297841467873888243262019115581478074893825936848000406969945815011651178831779822799108807977744029036642398
202852817407664218509002324201964381971790665054108033081236847625742892752295828028337008310999348082394328823478792876
1474936370053360186185357552305217768407415292119781726939995653459587522014927016933244158845800290849877032389518205735
2373035808364385702149035441532342052257691484573197579675766772487901242660527523572172646816773182048123746827303470200
1491501653555782524881658026661152567528363419289437930170277245788562758321191403442740891749757155764274002158271841823
1566385467603343871041955710745925720691537359058644323286214476795328242344255386488440436979167310458700563813658973371
18608684437718415293581892956192368682870654895357582485505722781554275285202855764055156470203280286323900562841085553
