3600
~
400
~
2
~
612921232049692576147359396207554478397550318598779633609190915620158057047189961225774315507074400599360076999731617400
754696041123972966431039492553267715563673746473800846472564835492584173063140452016523097209337207696841125084691707462
895018842994414804641024536167342159834568660786161609888373195879581840268528524265702322146054541503044743083562191418
995340072203846004231630339289719105209034222051746522041025885686103665687998957884276810026084061331058814323088150743
2546848426378615032962142032302466855054180449158434914192026747745315835813397115148053303062148302692056868406766094449
253421913663738737745452633198538292033239830702180610826471780285339555030123022140750858892895832078763760451412981765
1651791671552321073576487024651030993910260325320391825710354487807303229107887275723833846153379651560383739535149433953
2309800846944181983997529831009009753632980782943961699179226294025511850335314620874196287710007261749445549320648716638
1167755695711849141427850728755727030415298966985908646865515775303055886089762891411306702912133074506070262147836338600
1043552211109614047025879987015390391092800872585843390698981492770953415457893169783080972752569411747329983049928620461
2500418261529681300543014192434631907564941412395542803533190307093554815570779767987913974253218998667177932746953919595
1336808318110157773595537633765990477132067495012190269898399863819806350296954672744432928897872915488161768834059192773
1751250653252888002499978855638497538186482959561619935958896845241422270384500688417757779895045927124225375875458527480
2464877423518293419136794202935323038059992169211619725113176507687412983390894464200363568123862406574999254879403325348
2338355154598198069938384851178341658861012187732972530718228483568567891086394174299180911672734793783964084864343671786
656232517105362551452466244576181552213214846796774760880294260416329466582068787719045600283999947301117779573010599846
1105977250929387507002716905373394716326328317664513513236677123502251077367644780785935853508986858495716924599296198193
1836293601403879260097292925097436241182553120874317944233177137781594211244617506673576283151298710240242797315479666407
2226767681411822273838656128683786960574123957106481455446885772284448268493121802743896640175850920022752283768584294394
794411057562787967095436356541357399051382192843380290798917591630687805741284634205558231301074091764377433244131175166
1807366763248655965188473349600322703215580412242138798150061696827932175365565791062047857284058259275882748956775601082
1118847711910799092183625658861536775886005262220440140516275076264909510134035145597285349793859408513946189907395086165
1772188303365950857774562920731553010546312161386805094252502347386216751781722594057665762714875972632564289689320795907
676109352699338010533286809847315416727070523722725675147095251978243775125499673264105172809025566578911909596662919889
401449581629966759779787763822127708947740243966492320486522271546474316593748492904695052076710317821914804728801072051
205407817235631096050176401733614210157882057643963083119234618800995629515562522439861702623427974553190485018960579863
60419527499594034407147637876026729010148469909157465118812206263985897900298460363783240637031827648083442253408538514
826798383323794598850131684284582533837231952408958874370306107870847290454273318290436988474055825248363083751983286248
1726879148404246654259749285713635043429473443179065234775957202908723613591353409755876579002695019041719293020923944948
785871494452465057688603625504357666273044846517408066667426867338562573362486409532530519115752689556522505945154758291
1476267264525882405655537571573651367162521770614124949957548213303564714436624218611341552954231920002332996812136694517
1662657424647687534415160454125110969178717625287791469268410357769237251922358086790038535359444836966811106694448703253
2525894933767610519639583843312823289625291666014406940643344647914523164614725167403011257512632918745862530332192396762
480850150361613162601076798665322031909181391812620216685258037854722667166150874502544877150448314859573699492260688322
2486921859500564230499913961922789181770560091007289554594098251301352310077548716266622277551571158292696533432636850887
743890013652183344581160632892423819171475025666443146227524133477017473450126718670832532045339743033054835942419669321
266296606672936179706236155875275150727304653767610517383583043927309036778737181807134551361305842840625279498050685640
365631173320870809499118635625533570250344250852025794810555461860756588288324919780312832763660115444010816782602101239
447459202954115702724848667946052370237507381625713505029464723873245548391842434377088256485714338113928173346705132108
1555962456629940959678576055500631439115725169300546927514145591190196080547508466512110248670683655212544493788014701821
1522846915363181638985394185675151138216846703384724103545070824078354718083999856779883944830750322078010792369974697642
1552524750912648067802828474922035929901607148615119409596373967706739707512847471866853625109232558906785374071598295268
2567970847030963323451471542558388502540554784422104888071976432050268410001807358702360136313091965601759909820320185183
185224849200260018420875588878352694410171212736010074848405085619352544006527806186919602616675680724863987423608125188
1277581021317841947567244774601907365842451507237791704812060372479886748343142410536100623994938594156141656628779503519
753527271087690640651655272149488449244003472830731770141454328850049051910373168940783755050071205882450849881886402195
409654427577757424804714598618243246636631707574140250490782566748145124055516583386251341448651130868046333977574582291
81508757284921285508898637006179186859235445678781364223958996545533811482230787214081441591740712858313247185216632418
1891210823763986227605943071695900498680398100994897041763401251164015618375673693183812939857697901501580693668584971276
308928997200869506448528077281461471874868226701085275856449599042095324679882681808956626045698792842411288477042561150
1717925456327619104623655671741057831548810971974974551722623399035754441201424650034946016497579791935513458485260268400
2038980217315643059916606930170151138121142363664597610481444056773373202262082099864185367550383362802180642450944482891
2303217834731882462864709934578350849090110859559965549464089605261784692179920604425600032519182784322679762587765761915
945779472054856153722557090379275855720256480960353661954501676244064192693956001454576246740153128617169454926283896319
826087840282668005257803414478526381699163177601835718112598121744702606755383627318846639077624988612814654190068211330
447675457255574454336308564729294310906823481417597714164941856990985415913809452964602467885664423782000699557318143607
2056173422370016352456999721098030123796103524570661015154879272438968300463993107795973841122438251181541620731589989293
358443256984856179284716885589031537802982920948374688407722080239708685821602408008984877326724887355061681454041444146
512894262636639128501089507602182976437169541688955996220284898549401757217453313017784704025964022496584027584922868611
175354881774198212917498135769278921713844226827963894516047868860377292364590010933155654343077247069360194734127069910
1718401007934697573787140964787010991231721744063792757545839261180819620951595409604758129724473551516340429794226982990
2044499131524262501079348483626607255182710819044223280037060696976436262514711329875061826280321484555246761430141005204
1707414394548021514031773262171270294047079008793466865094512712391533916924758589574417658292584491293809281210968692309
192122421113035163247465634095513260477073852143206683211944948767550899798881643095662211691209460901627171474763426515
2230021793979091961849195442996739873558582908422122374949844034107384432418178740058886385342670751979277846138400643579
1475545473554372893395997740692727977959664014017613295078611095246985668711963308121565963197817155725973685955960900234
1845435885489760104739729926659542737731974004878865876626185742424212338235030187504445791821574865997762121752766747469
505636100491534847440261585877795302631506842078109497632185468674447500976907571766485848184352207294155888358561654096
1832616456360051827746363941553093145420870214426283820877899436197048349839771637076043689445541234233378571692684707567
319276625853185700530276074470935512458812991132042866999235387515424478206461571666638064960923786734927245281226484149
857927627976976330962130063625862834434307377788295369589563721667512568601955032660489804941544983781686269356322741560
1272298303396943802701646623133844692137510743912395861150844478375312095903409845787775124449071699190946237442482508127
1272895227680605520420958281755640314110891481727702601241830785913580998892752913544541551841127890222337896187242179532
448341551102457439380893743371963904857177339666173509288138303492737885201466389182515208692137694667083701346981849575
887717616963779059009469342260307541508058061630512789470937384529343239325796239508394212598500517402849263131797914072
117502370443587571837981122909109750885848776802117582078395385421658923397555135051226142020070518448089970652210246166
1463663294113131557325536669652009667871406368149561034991032134152111312817217604238695800960783639245609163729985042774
97717312480182641328355776167559708421586904183814867046372293965478871854979740822170581516199026489199859685413350334
1239690627781885623383342176836050356698062820746728121573518553030970885932311374843207042100306204899879228137630753189
292371835431035800613711542388052572706272704696160842732458453800519118582627749309712156832771511196836089563448588508
986606121592771048025757221811938643260916996215206116318960706690314431278718304814478007072245422313792101705563952126
2266591031868973061777146829910196210563042742099346284275062274340701643565905231472204988719387974739564740795394732475
922280492193547914697723617660888661576866983037083542469592680485692803304671943012680026102646655078736679812281719076
2148286930733260708222060731252138682234595225410288224636332519175976985374124097671855066149230748861291785827643245481
2155604786628518439535288724867750710153982068336039067031473083493953553835547524976625361789351358984073710494978830423
451402150472588745380247573557076978497948550146032254365155640466723683513188723884863684395205980451531461372224539479
2222708012543826676514414493744808710973538873080355927629228514189786278153140475466054689415007104219208355332586075750
981836933006429855955991485138495071869418814847548628383518927421960325370755593806517558203050027181150475279492614240
988349555669214226187153071620605709456649197305615463410633627514686239180508320000401496467812113147798504241320648198
1481298449666089528159154094384533987822871994850156512209527902689142954007921770764340351333791139039167450681146514345
1434760919509571385127049034484395057003750034736495554596793758838588838541626476467605505726266308569761145297837904841
520399884631642697964489549830552886906218056193760163391886285747352464066511870375547272738236332570675404185480700636
979239261571873080052868245319968689635520450653984903475121044405931286828898964535596707080341316974798713390751258192
800035862974124740746907680058536260415570790579281451016690015752159499995646029283156171213453600977593091620034492258
220857448518818569277852849091591559625707665465570556870652401279859829143073528598783043569982645939109222433985925277
2086889670006945021827942290595685858401494296359017444293214544181963568226302446354675722898222035089440082121397756715
2310625996911056371364966465808630377161027245811144017155655636085872181611426620076876803897996783237812359733490109728
968426178771369097372770882700631563759093618672062277916577121342015959454852138347606220590576824221803186918447551232
329366693209012738868119966525433369617684188091340788034349742184496755552956711357316296445248235604371734204497519459
2106379055214494036030258561327379800713540267592924914566720697060270646859916006868099245188004491591913766153758228992
1958403675906078384493864676619229188751898550739100398408564687003000758571173378188083543348527951014980054738791516239
2134658622719150125196926847711475728616909745639857147775723834379668125359127770685066690763890627555935018826156801739
435534953086725418289154502414873436466320358131369189951959627872864005536374693680678417335617969283453640345772117423
1944708980478259916355425150522380640932505667143812137336753086518772410186521668781609301685310929555392703419499901254
2355685022499190041735552501763081555697612819369717025904733430812884687675973724727232965663714446275257320604567005215
1914897913057612897080655297981884909826806863291792520002533167221796195145054963436070735968957118166062911348800589790
2430432078796478022888194017036266616089820630132143181267288513722465261833428195460447014912094371240808423282082931674
902382492082098035609835693765318023916004081730460989094151090922836740055352693176448655100361753687593322837071815135
1624407069498811459941224402117782800527407492129931011668465293404870362579941248419049217711947748778826055301287270079
133475835159126804655913218147370080975089244887062950793940738550168716674676803688202768642051371329011961051618286276
975182380717200047167412582980703413381676752831341688222517560883068007521931963634047145201863482587340441135345209997
1944485249926122388857120585261759783610793657619486868497447758943862712895796933486911622708456024582768915166253829933
260505705677277999949439580258129769985559918716623472636069048334018036719015369220245410260462181583242234756229206101
1448650237905765040523346017906513678129456410491494789954357447769501797684970487404112457008983742426794950741932528942
1649786530797801874392460167296978926518552924267788323585204916462772179053671757237986310106418341168012412008912674963
113283116656449131665033837572152774671328091333769425046236317929663673427514681437626288768828078512569370411556485743
1140946317449410381728522490089268533785114928772883187008999459306454356366772034866788026077307146864497717748703126909
415959379078719663563760201853799409548421961834093029773061920574279568116993198813035583280843168870962242857664798996
360350532578843122439402948056482763156720379413163879014528356619192284444214466577390742284200928633187236483525712784
721637594020729468011908964830248052699961444176700349776222380255160291074584632547951435128193226830460114756139763330
1404808076528200646808314982300184790583915204190223375272807592180195212976312010330352970789696354530265628759825172119
1292090649202926755542230545750797541075705169363208521201615503149389435959400900768799460184629482306991590245528089355
95346062095707208286104914005989652821477437164133528852211976298086369582303317453104499301451869365940615630869485384
2111324190036677711917762013273517911629863003473896924922399504570866907143323541399295036815522338283525850114534798509
1839925000065221925601619603300318676971748715255595893356304260927654821341740946408337200030218467094484609731587536195
1841736345662135787632135645758532592272067261086413344968934226286908264656392608462262690637146579060812999088151680441
2213682498522343459765420657309241355864810486138829970594672443351347874483049960208740189407174336510935283496919625329
218663977392822165207683590262763878152079125924418688056454084790629700320987812535279770604271381284840332123816023123
247893752468582264692654366184885467251948050018712597200305611367621404808599301218454601557145952050711681287350131406
1837068690287853274871333940223739297131325308159134400626805189953855925475672872958993303610413344439624149396471135280
1306107385470162276085301700972441069488887109117864702327962604553919540871249904289375261015605384954398229779104928116
449313478496007890064913392548366547928168606406327448225338638747281935626334734309734931686376660212102166407086591386
1871893415978038135661675600258253199161073462291341935880060179650161957004571785447535173020535869384656237704727916565
1853160558444316507142128447263032198423025292552394067645910501075405556960919450503831947676449004271283357451456585021
1785900612673202785837793082458310317976601944017230891414472411829306607726007035754220638769057269366602424157975563991
2014080303088058281209759972243431771276159047102471822675643433298915504806378610165376714039660435353470288280418662062
231624331421037868579568834343118149139745891993736477946756378544034441021256176035028137353194065375691963225561230685
2146974646195823126379581864795179777236640657232820695609999247045529276921095419026668095400034241928674903707355311380
332029254489819743396788304219924024028120781677769781929004855035035762833724445827391341829881742405771248273201084925
1361611712176811490674718051139968373323466439482346432651846211704622571888100456250323942675823530751797761648854269499
241887747956880701342370753875422597301129116180083265500376768584247984561597230540113837589288862607471717488893779538
362210369163190869902182669150839950217406566024396264047265490196809909179181229209593532607328279529603827852261731409
532501399689281729620845245191739177959103058107298661622090244223973396760808171104156208364194137286596081934279987990
1748099045061839282242285410805546484325744727440066029188923155942321196870838750017876733504558876486662774009726658764
2057560716051294192149242746676742704953901990078647114861644272178269399472120969616549013984824398288922957066787250097
1867109292826679573970522285228402578435173354273073561010550230192437809561694572149714926178960188445031448437460349807
2512542158457676152833286341699697338713716576425113636816771702018686436602708065777215928489198683468926563167267465701
480327395929870894518172628767108267735914274553007207191969688382751808966824409123000424842454856987646225081327596268
1290678110656874973075327468507056021278081284011106635583074049609317609666805251764204296072668544909451490875402709878
1874315048353455296254695024493400868042878135976287557789005328524622260778355205808877267600308242734431510290767036636
2357107138529448211699652359493921125879661893381841100857492204211794567409322459933136261559053524065987692307608502561
2153160661812493560675882464539850224983899900111258498253497190067941818898775714943533274911664195291455266954673728860
2101377699280752312778036325898195010293683214555518113868262658964485042367337855877733436737169220989194923576331816242
1539926881208230960491395936424720348867482866949225870260264100484990454097446013987198046900263511534555089237014624649
791703845668773588539737672916074873192413410307667192603522821127088635320251415036750482344862559133297623874004055699
682733437344365464552672140209369092144171802325758525917101431187706741747166095830538060679920548410853327353357381264
1530231179962088830158673168780735328853521259264538169864145399697976243495528963680768050872248732761525310423728817830
1027203838483892265920529520396340778371397922167391551393336824555175359692614656432559002509829436824280451873435783666
729904167483382234470366013528974339007894126405464510230044172712208603920175021884541723765330593571242547293076112426
1034511432529883340528818606236186955694429916387372629825630592408417085128810922012133734544421638722904636601621918255
785783544095708227126819931752329028892441136720851801073053742897107410808555493085898078788121995083651037987312849556
2123254810734889644841768134804786345919361942274463061712592861699439598521817132844920454062031853990700538712005956155
2222782841543117907054498807059492516061477832633748319536850521629823498074751446751309993260161566994888414375668296432
381535992255922307278357232093806580487559523284484505790795956052699982208904800964299603851727852895487194376368809273
2035655141580026945298785719978661382038685391655978658026617691301355137120767814404299458901558580188778209936817954406
16106153715901595069033059162060933391208174488611037029999205971234603286961119848508491410373202124898899625815741528
321988526332200097567960713834545219607353547381603109824401471208324119471233060674102693526681431123070822555090688210
285191058243163647071655009766384077320811635922282621984042897197992342216349789952747096517887419437243656795934515126
1743439899129724645469982283501870685985191330152183474148729544776466224341531384852066041925082135997177512693369351796
2121462289995868760702969465650562879008833091594972443361915889255230906550845259094851966165658089431128858617520039058
1128934228123331653961208167392992057655569966013668687301208025477140184877452083824308247188025533786179807362054278708
788660658563196628946958867112315075817145139281209107441986416214021142881202885939199005371399171143497093638090271156
1038946428855351190959965255643512607942431285306527036722338055615570416539929900123583349797704487509688627962394643129
907148094567233311103430921104637566023676834873256855448048952447936874174778259242626192784685833051705011153302846836
1723991796899372029962743140813977849635200964998546222508403594330869136957383362758287265782871027078791619568102701357
2528389235522252948393170741072111579519163162197537759402787615216554623088032092529998730973988891545326539019770880123
1591482205462597748016349348838880878532913384146432039080931658875456621672820837895900803423105023305283615416240411840
1707671655057240257812243053570409847946033537156102061085449652287508739269742345950891895974728896630763343198828278649
1112472581135486315407797087890751046478742050115849451392788869994347164540639588059762295174667910775676767377666841635
157627578794754580982781323017976967235524944108506949261461436765076576908335061071391242986428251105791373510927043637
894615268798566708610611611731398657711407967061398722658547277158733964219424517208682388015620938177030234434328088149
2314122578640303213815018149811488994850466571420890746385319394366435795875004865030877546711240388837817079619081169738
716067439339362239208536392160231927297382440107136638980210860251295321648731464569983958926891542518982384252291990576
1272079753235482873831381431150798566278537045602896699831208128398267000798508600049985467519581691952484822791547245256
1305310204042232137348091334446763104620106778596971892729483390207563832832371509721465750371978578654350726862736509163
810471309203133559550013754183981084365643142104155685821167940045230723809480280716789226315785478444727184129187582588
2331288682928298946962526908254325107162777429629829236153221676772919274913245986448123584938077999862615599374603163247
2159453659448731461565653743919455271502449599320969738675935373710284955435845824471328128859151056983275356132193320578
581051725929281876627455065818490427492066206562998159537451191917112071910471262476728614410323854750573183778488849259
1399909057625236732335010172157869933032701692851025462563089643781613290516302703216498887050269526415401282647872074560
2571301148101640273354644366073631653610980778733528688712766003058797861547270168011742770424795789446950557691436398586
1142595236093750734533703281998645652270602795849677470854562827234045159814568792457625731723069764449174194060113187398
837291771222273589261839899384712455382897537637903543692474727646820192822464737295021931859286714304937521967075195567
1248418506672404535307025309581639180459040690804819076623483482713240245169174870509071681182331877436416737759544888104
2002604529519615127407803696717797980769932045019198984146886613645754779317823682369921743718894107512542203075477923938
2113941319037722501743980150629642417669014418152089083370054237229874084392477114334796576061584054164817074385014606351
1473400249629481307604429548812921875715495065843244654846594567925445603466291868317333731536249696253480021021495603784
2079380138460127949573638778300447836890211948379715081206234250462794272262899099689679718426691351815218064762465817486
2176958679549556199915284457497435696437229805206080848838040014604487778471017304641105538599898012216047143957442054083
69910238046011535821743636181128381626359415373620696939909124282721829856619201023571610719449749310306797378042735266
1856933030128860912385283911266016300988723237705688888339485250771504366051044094811981068363862143931671855843693254286
1853828811019088253592356230776224324423146790558311046694777445423738690717609535690342541807697229200881580323553523811
1595143199612796742742068936501529874907376452898421382497913228742222463488131115517364251189142452705907407399310909677
1171924991735152935449184043872383876497384135279048978479426815016252353469961659374263912120339105038373847383364721037
2071084497250315760945955176120019992560170909583296516516276605046726418485887408406086569902615993609740432507066952772
1263033044002386547392157398639891686805941205839708083512605648429736352857020293425895321166941991268301661867044838393
25067832510895511715973104156835057340206021540095218150866086409330328230724308567403696090566745958862382007535672013
2060041940470032856880170275323965733170601226432779069889541903236753370465315328589362663072625884494310187638240612698
1050219705482409672303696393844676773948350477629307260466157528879434163504089556882362955180424733833415092883157628658
47718860641412892204156570669348776231709527983656785015787650950587093237961691627049555094255691330386712475350058160
1199598774808183739618135775361805840590458881286688884628479561205657013257207427320430896382348076425441973449376862294
911318567353787053868066316746591321725999385838829382438531816955407092568273264263937261771440652874406729485978869781
1660630137244067527901104273188296119267115995976587506823032313293613726838691571513547543684488735349102932549987030625
2255450463357615739456340525352110944540883209783290274531630288331921390604428731253433148304476257593614834442990518048
2141399880891716449041943048273279388367469848118904857646534922638489994972478178221665770321593689281012774068071660451
725389827062301305145476767512992055402924264506350338666546063058426558706377240411579019538043826831374510811050499818
1025902705191574675308219637910505609280482475327279155597757386578205320420463820863110059987649932332890293263306108750
942199401013854082680442791489337397940830376376323833062197932540407452542133678408560347416728908208200338988836638154
2456800972056841818289849360083191367933672090020179880835820884477395255573425187037011115305234622232269660358931051911
238948445703062218281296610802921670493435454367873592759039390332806136297084021266884055746435817284827911034941622390
1481935894203741946128158884841101667175929206018003067007415546366641889099993046292144583964744742153554871824361216753
905721820612463849931267147011279547040298156911369827725319682765989164595026093329177040896548218798551949016334588854
932649629181428084261043149593428900328701516703573607251066610405094908141005918152560744486895095736175207996936732798
1659084863952743664488978734421800976177251902530044838569221262692942658038193188632736497822656127563741875583965284322
111292883875774512093954048165747408184458641579575105781201209462925914567052056700951104986855988492290821496749880950
1133936663785524081106007405311891181609811584805907507536411091954545511422654045436444099932055730645526606093699411441
803056724960740869378965470025524172742784206291088182376476666434781440530786345781728164468273677432607737698572878842
2433294523907313890348846334651409788378828781198051073371701030499407910122922525125028685015136869398494439846683399324
1262927066293592800686961336176767431820306290805028633023515510895202990276468166138083382804538561654345657111806930799
174181899280110664220190335499683819887713991577875119402727117472748998776965405118422512933139945354404681739159853042
424523597965859090941108008996572212953629175186119994939814773948110998283872503494583792407780665075295756904455019887
1081576130687447375383322197526407152902387017173243789706780843199746785931265105199240132174140940266818184104610066383
2135067575526069399143024796087162260212906959034125178035029437809848780257882656683971354840760786356111286333011402818
1917170956339079537656631669024800235228912733214527019713292548938316152921027014546584459703927225571801245008862681320
1909303520438055287450954374145881141011738778302955527741042825011083810371125034342718016308108777910795060337255446327
1264312242380465710911002662181800701368660374424479692856430556340552859173794431444091613562864642312741250220613770442
1613682436985304595010856066951127433284004734374505821321073378836093980837564434817022904874403919238129403857785245227
1206994617236283543328040301555349470529136413677593794008917701530890955838222252217738827154385570354959298656194704948
2258906867969863086277540200925265791228053936658833140839773442673321189335388565020597794397788953667124217359168125582
2117639251736746380785964626497774375045591171149592434757697025143218990702693873495156858047644980673270769332513570932
136709331160144407158340509556840537281774011664775027955243420835890069679583284971925561886766087453598267217151688006
2266548918171130283655704193018941573909630759156049968817809721633517324310361913868087016063902843169399021480011786471
1045622149070007728555492358004816053420045387790482845019440350945617561615759996427097504415313331729607713386515232008
444745138314768720895591171994127391664597673806991939924920702889625493103236321004880248991300232733835475835654500831
1351757828500341622995909692682033567535416366419845896852479510939946162778487023841674997536861465589324374485096694317
1846912767302096686067005333789263617904686820238600296156813774747312997085477676367946693063230570300647604034670889691
726368417707749882169348466032265055984133850377669568235647594417793657421589658972932023701923813274911182057639461363
1911124083133659188232462782643225337130404218465749823594097464876243792242700240338958247312130280222639092595744865706
1179772728478255604194064736592457333286170448353310141400587677614211656205618447547368048200702027477359289242053012173
1705001570214510629317961652422354691682312682114453459981371498949156786012309861450075105778584102417976042388700655175
1573312265827831062155082115265263314355174909619755614867256628789144084962288812526224816685410167333879939028246541733
1729601777625414390425565772004615574691742357874667046467436375624851271752686659635198278077385541315325112684653030533
2089104718797419714009985872320880352676811533727157603559385251828209166562216644705005001101604307972381467392269094400
1807718684055978238660233094686574720830427515957087537617854181648942700521644097662387412308010139344817767980356633003
2308019813751799459872456048353220209553604309955031629339159751825185042079339879618070522225440412917962480638192976002
2072656028126859459668716354795631433779906732416519353751223692307095589018529581047741046312199883926062703783927369971
8440063199312052243966315023612013502940383029059360527778564935619565621112639309144130743926653373254516507295396425
771596156234949596070023405409827729716697267424180086746371155488506926394858224122621443704720160301242389006343227781
92155134660940425550794310591164795041509956642333264728349980851145549469026002380860528571193222109544558597472057125
1135567690182647633770956506261863543793334255724591035321712041476258755394315473708483476633747559074834804248000318794
1268161778802114618583497423892954619389844550228631496496343817249211529441685189104907135783537733763489289471025957592
1627149220778697975242448415832972444235465469402157289543633589374687627187078220797482490176564189829414021628369530142
319322347541527137076600002949687424428484727157817551166138273724218060969107680096724279549165084070304870708797557655
1543591676513478665994733451993580924840397309317173153223972840961428867156972701291792064686343936478539184633066978674
2260133766910531025464844908108346307329607206829513063462812639200913065290646750749391978679456408814179841329808751390
84090978693902588179208277456021743638629249381042733675644904159948001847549791592985236153809705032962659623582115160
1042860993771181181433657146525386914131959887193246546826765489023107229843735991744252054899608421722574428167679217367
643070135743634644392464493281959254901269369071223530409286599357659003031188703895536883117545439468212007912325292471
1884625395540516608076914961256573560156803796822599617143233296033798063131410131194544313636155369880914319385254460894
1972252630391155449626578121022603260892375677402706011658351947963414518469908919086932395531573119197525459091984666910
1128697405157779214533869060026163226645046278788400164616132411920210577016190725319481686118120512451000079900236379328
886121709498687295627262728526744058935902538890817065200686898119999917045242273432786820215222502821175420557995135373
2215681892710528078629576821161272487016746202344814886614071940775058800924198855101806507552630314557891405227658013285
687921793325695130638914469991091822038955603070725294327085671407726766746866268463397964859034403978736221830032529415
1932229061355361783784532305633673864604845863035028051350721710596429480637925139319541041463127820619535695032845220933
2221343732189351051742241271268637059424526459704739526512410627809702479083741317341578969791536987878455417839832972069
2332627124836290189851598950774767674123019874639310382636144572881901025830021148196314229895705572279935015456347635252
577387358057810317074657713683778860981504620433039873523801014610449658750425445101890261918469007448485554632924176994
2349384543933832610353208249463564177860542740476024969249178809220806310589871519331112667100508267776794899371673388177
507024765950129494315338484532280844199245565994051911966997372707504659336969241017513619510481373547455308733437756542
1033497836875774343523839624427792110569915631072189672129604772632218739035166993065396887948614291678145844994186953069
1060930909620784786280009711096315874707697682927273599225303928212096637023702580848154668669824326943280257684724200888
418745280378411026131070223784767861482536572870404748711723947473421425769703933989019331385312487292242705926277783140
1077197816504059231525691153290452283155126538917921188589715899825033209973006629915148513335519239745348749461144793309
2380446239509852325036755472965627581473883478471358592960372518918816788692324002001894492110241736220998486952714631436
771368607164929227969382986292168580449925998415528990519189874428842588579504465445405513899130065388007291371230056078
1382195431991151235537468074273610860485595643536725207550657832452508521044560496045591093712232450353648710271444466792
1555736314559483407064320691198665648844895968277773967744426531631887079143690353023207812284967863856951145848429178736
1070143805629644279070725292445062363948001341335460340913628013684445704907225230167814815094847533526745051493082219158
925876469993549620070155752616999518520378937408998251109355214706563427892377995667918227063638587742743872919921893985
213133351214050848276093361515960849314020850452306419045981204512126187987446893683383859282343254307380004214804962715
232997718637379208244878662483902551031437642776462467719191664357229114926449613388375897089668511639658975102000149996
2125528545597898579232310924388506665756681523616742016584202196076944748647145775926408025010836947976850388013980128320
1402870926596725370096545680373782325129271121216341594746538187761695147086711165389875804678609672364211329984376035298
157794123029593213507284860613927169906932810661213332785088896326456435178146521827225975295661325829625583387179039205
219245702132573934086121245975781548299021456304537075602474706443573236888750179419988727225505156117627463593041386761
994583634894321102278248737219250862509281721749162587594247556410923518375448258632440535177539585173062490814228486008
1028607818754110629540219520913562502989638822000530975670053334253380240763360103809968928469774308046330315919441204190
1649968883037326032500735072639913636459632188145503848849278787185672964534885892209834497336756079409184580464151834365
1134949429272811725559074982745626054542090539317698577209624218646049434240213558278481017102610140417165468917685124827
1649442334517822831437472518737711096870137215948766843793911351998798409987406790243844425758585011720388131679154226800
1063623679341010780379545521025504301199566062490147305163935738883222751519575811162304873242816882106156738057472386085
46283994625348542733660991344779353954813563338948070365269657420466675313808691502244401436260645180181404651593819903
2148569930393257356551303371297646503820830819093357507030466270635973698396504492688593038460823019950580773249748782771
2059779515440581474443560336726962833934131072804422816785993740306254958709100930481498586038359541795443563146406425908
915821359127204552993117171044950888870547619921003227721961969936767553288251990080762841393467672562438702598997494697
1794393374614562308461628002597546285029671291859779868705514620073782053428366179654897612302333002945727522973204883621
686032659827220222371843084008908142825596379300498773641182800866740236272312204586801769239319412853815339119627362971
2376388816971810143441771796669603839768294851057598578185301216717216533757119454851524087606241309462760657804539981578
2236731531470298083211911261312734286320834509576144763788538760902104262818358540587835767037567491455391726720456725507
2072186862369873589253797936318836293766738332012691746857126709670899529946981561021974163280607028941455231953731396082
401825102388872103559379479636677728519661343014863539420190798161507380595282675391049416450088168344965337164782161691
1288415621082832234872462685529373259395366615628529635783370792330755440591100960494770814324681746535770554330300835453
203645866100148033384951234450200142546043171240486076878446216903607791993469392596025456795595115852796840456185622624
1623581543222844884428552383027589416056116304101948066717353676314938306553802141997726278053704640433221253795991055923
1511639085428595335999754236277890510629936185939553887950751728651463299363345850798769070260073571103049694872036516671
2004915497133315077830466033321530931048476301469246239759296014946630178109174129140306112547897499089337057210678814169
1603305066147850240173783142681469963402123690262801251322878760707014311197380052298019354553892298437653858854984975014
1133652126661264305324568523541937642741910065065857800749015514647473357651282779950237335051038499044988859135313068903
53086974810217883444463345307571035885060626846628691931046710288898358686951767314628203248399474086822819822198810788
1850228319494215251556264188028612785126549934063739426570133355178313316929634638625549356050837729025098041899271184617
1774160679592028213552339238434373782796068307677516918297330656075825196887502415170657820103596780257086041542957489001
700582275364762870457987738235114818662207061057856638306012260154765935972274813792416625192710941549760592820122007073
841016838487485820690594619887296702963331503813928001023502902322368541149126291739569129111059713803624584972230777608
1946413519476671601109275121831943457729129957651185607376485103428312874232072302686059208436245813091314278734847261899
1135027215081720053581717852648763538043723274673414884748907547933107771152131297309031981521386086581454864077522043368
2402982026028966431078665593165765974922042996520800535821633316646710245152144593280517234099542631169620212615019917718
2107024865596300175672544572491573020747732889262064252713290556554244279177081987065259931096148269383192163460106472311
2086498089159402856951044866347574323855042422750837410364514520251998676628574617585724394741185534823320826078646336284
2573026304313723026848498656555877799192421672570968423997146252594598598790203634102233657622157254382250184854006120147
2146707135433768930957960593875657135107994225177675556062177776896415855187962180139088006198357824041096416609772709420
1691448779530608023230354156643644078682220823300510050963137820724882151952408533092432418756300115678851249297795744769
369645711217374387951027368396648937802956167476258324051040071470300442481113314893507617605597900512567680013242784161
238899291061718903866169192431853363768055020492865123066177845307051090449359878215271632887126437886646856732077025579
79686564784010361712008596347505824716087012546631904385466802368304598159340366112043909275543433353770266398136143662
1415806704383994162547914036714838201458651095003406689150592494192123862027326194293160404009108051638978576373327816569
1929383457409832874561072359280553790468405945457732165179744765882492641076480825538352419415853429533518812849943074743
557443653683700857846872035827855865400034981759570049488630649192666076891506284219082113698110042731543915056963444770
765396923174352310907142039164601600847330576875433082955942587512050654276261903760154871621847328894398514968826194167
1576993737077543308827406266014971906672295507018052133465580041729730268691577905450811821618563624598340468449245300017
1366545202917359723669821486509662275625688933125525240053429619126208812979535376197456847042367676972201804772372579952
2312280387562270311995673454166044440710759170970140243388837118966535493261699977139771029533355053462089497467301606450
408906795752103192826428815570127992072592239612304630866184810845698198787417667499660171233439887598470746246089271381
72909568288374775398667978356493681072067855209116885373836854563051465680383849555140851025151376843066113938774562034
723602682986081614454569298093279864055911900847780390728795339781441177990544982727446965418643329175191672820691755568
1322391204232614729507229260177854290359192301389570772441971562286094858053494568745340630284538509480201783502177958425
299383606725122196989408861655180373729259373391920194627074015100075639203170106501719459473698817639914687672813586554
749099041660183907833990239677924572543640915865422229860513421772010706076644514230626492427712571842336407983464594507
1827148503447115928711092872141818947965422195748200015882576281357541916104058502265884163508625413760868409240119714664
1302825928663601555152658159128783428254217403230889817167384878866035395219510761645776894813605402847309452354754005312
415549523880164557289698153301346709380154382194792099588988321053837840968556210142822068107493211235843073694814819869
2498796231130880241800893885199039408216236846696580792320775004191072863476935206571290742666001484556030497560666684226
2247226861195719784043488055593301309759024759668497619686200304540386074068885155104070682810442626683438059856970458724
1947005896238210922381266289866144957095943120179909080525675765275401622830989672203263604545169928875714147767215112019
510587894274822862705742018485371168929037827966366110627037411477507873366029595275959028277335428575074820054497246575
1247255742636068953378585952812448273940592860463855727816388403413720689887652170228932062595316173688484935862632429712
1191509685700501319588855363894259272820632050401884843339369436008449089205483012107888967066635529751884898953184471003
910227395210909884084036307594829590163507351267065513105338106207268935819568950120752793648731822124905324465308942066
122347570892134069558556610881188252586799512469494235247052675485572608474890673450971509593834174815383703675210893815
2577726114665340641174397859015138860469527066193529633844002116003126416458451715392185538542182208146826766296037935708
1837346910508504724557964783761236920921438056190316746607063588739118690014385908724474664311650397986705930769192549411
2554713820886738320745280258724708144111633900811153202711980446055690697417131334924296944059591449286205151686149647615
947737508647562757340979385452463523373737107759875503180375304525633754776314480542162212281954671801808563791175538367
1852678781464715149863859274400438919316993252461829414838484081149881522886013851457419059721917915528382391831410097768
172767086972102342754008221922362355836442327387460792499307406220321852083557932400727477158522021677906343699023360276
1622690126814244712479586987914077256336767071417181748611621710565161679606308974880479036631167530904230023387562104212
1568141179698462221907439985699951743322245618926031765518741564988369618558170271994729753914604555233214239056989567948
903574764362414310416531973969207290794516924358973804061517476654654419007072681315490692018110658664325315251742542831
1802424571306408018914604206116533234234557439501819121533841617825026682732794586880070301502695428222400475955520278520
1588796837591980846453376836813727178737524391938779595386237297828111862318183995429801988410158810610544607764686284573
901516084766020793723451743006931953860540514577852689723849106759079888170512938612264827733173491946879583647918514456
1277443085529642994522908460552394579053669494742284545435730639860568668038116836155602059525016409560379603647548643149
440421046977519555863538318971381995536103297207846360790298396901958808124084823600784755601860314377470500558834253246
1787216521044186299971216868823021295264499498966634245675821903218084118396543391023183149327344359069912507310505086784
2278425376296490575766559208664568184478296928313079259347071381248628779201710331338786770057179792991967876804751752447
333060608000459540952866449800788531348576567373552405283755551029442317944972800178999443644666635115304358535701012841
36274225613036527384215564981174302263927995194382442045457315889886931963100423673531698975721822718443675119336061370
2434390941363819582951271288030793345978477716745185706186599477896006050040684694971079780071176800711704983574326823438
2221027995881576503720804495658558927281304752019722194672413384524741126744879255175789931065645331174870197429520326406
921457353658460794667484718356698171100118333972794247077641835297892789125509451544119920457603473798138421058177784907
156912561993822019653631182869645830618324062084219813107641485738587192379291787551523076863462516328656949567989734416
2460212312670051207774099830749583660863600015009283974255663676654578350726969663417799188360920200343186897512493768060
1885160340525225162896081214084178008825306348271922827171196711186745150201450016350702714598873479302936514941503482832
1887826525893881416561272723756710624853138718789013723440251226045082157616823377856152205047073378724477982054492407334
2116208134106430054675370451526666263620793527498710527976057996786984494287079425823830411189478572450636333648861168261
2130904391060842024808675030144255047341380813045102543528004238014702247746238948313718406100075534518148385607972838750
41325185418597653299900804721476851221943992398111403000181035683175959044045931688450232461790682460307482818089642525
1593368341395082954501843739996909365643354988529013624370624309186092770513028899408998320321850121639664140084003729759
2045534980065912051070496858177748341125616695676477766952929192919756703329327143211010615167117011416201413006342019184
2135489756734448497113424732643465345896044568527407019075678902413504829648751496930184290102689605280341825869899423507
187982541177453743582209702852786181311488797251885540375648329602940510729572411349338630426497741960925060407993304410
99817906087025357763074731675571933693534957792923563390349882195856590612788976768124084892367870980445743457802418047
2490343628444402546951758630845860648762104275629960285293988314036160536514407096720494838852708897674264108951510542390
593750413595353417153069348057053519213728790284972724858041543169314198376946525432032878777291501159174095553674870581
1493755923238452767247410670762871566758659787924646168237641689516449140451162056399689964471146711328599566818489312361
496138974563856870046889044718766486356136326116066377557398245765679795408715410488589073131735962188728941196295081053
1890866442217029286440456256918426165823138263260651647897406782089011727608133577392565075804842418911018535824291151111
644912702926829893854262617238758772435222375725893410266702212900445533626079021732683115616252470637664435201962744527
695088910159293769817337971043061998542439212693547821649895448341589024647560157090008063775346114105392008715151864722
1562756691397857381477131904705577630678417601983842035206688771618369697682887938146437690424498981724449149027940498417
