3600
~
60
~
2
~
1077566453023532291
605285440378026673
874123712330915275
1069770966585587074
621076840696237856
934915623371697274
66762847103696859
1028579627013429321
626217170321665127
410122519983114769
26213735873210250
583525992313339044
1006900582741275033
1094707431534671393
926567322504107474
594767603092408664
668962491713299181
281465246368161007
512370254840296026
593227451458734275
1095971247514050675
120019826247442113
662972777159483785
450554767090087549
325755378894233828
213779241928608241
334496358047146171
407067273328660061
543709510031780241
462346065817547871
704425269016390659
545464839810498365
507338812017973423
884916333432363812
556487490111780389
1062745015062140581
272293837799608926
897774122076239076
906963060013353846
1151391325657624725
135452889403880445
669119292361735780
834633901875417439
408676096437114639
522224953486084656
12382150821886424
731385746232622195
568200041299614234
28690384075237744
717996318657873720
432130270737353732
843958158850402510
557697764029026911
923328353317754944
869854984065717819
720283532047770167
461544840349598665
575940480230275239
210303495082530736
140799398543273202
