3600
~
500
~
2
~
360647796232136673155120744774871108076413245024162476008426650550017007492768218983490320475851282256982730012038911353176004401087661380479171560623
3137689131031707601728735753533309982661062771859329842614385942930986369807062728868673036606039056216169214804895994091016550109718125496891703688273
370716134111510383966381417915216711826831234093539927694343904901580735071479067149059764018963156430504388388576014963114376674583374362231891343940
2514761633610597109179572348614347248478057245364353223527054479860102487365842232208253200055190823343673088021512533393133843894192750509789182668764
1553988112554708783465681696146254459907812565863214220548326018314411486829977276090586785201909022158651399160738457055223809999528634503051819726439
1858527239733673503772554350126218482189927213853944911491765706401882902062604492395449368376014871593775885703651708600446638367225667352164240779307
2003311384011258899144245319408657962772067024553510870269480809539058722928620248693858134663242181130460615811949860116466282955583754662366261777385
1172310480906912378774951611681732243858724690712605486042311047862132147162386860834033365261801393891762370323494818995407806426151687316424256287553
3127841360141465516842962863602368091469697048764101239304117640100205163027151694591944148997497302440776550687685549539018481879659028013368573815117
844147399770356577119539800976928923132233489768178419130951177569233718748806155382419934222451121821966884950004718085478244401131793426742534330754
2333573472878331399458310113669048179122068697270068719366182916308728178653157507850730706091985686476039411684467668370771354683798638537647293836031
780865491298325740755431808257514941481745854787686875820860252181007898245545174645432171775397466034212580254763595250097516308990710349225331600990
2070558565823886462831088687889406787610898287776805365671445341209740704431935688875869636089531503368327387560430169517066158035252818392093048238514
1024482318833789956416973466582586706481554718734662030998870688155107456996841857179684424796424120339475528593296408185752815912664515160583995680816
967769357773942914445205889865171221041188927793421045361017651535573298049526710889965553175137215523294205056439623095404265918042378306231971915212
1909743981534044635310289911496755838820666083010130655223685915002494158075064306429614084604034459547304241004220546342315108773226746790844720084255
2707497861118641749989209977056128905834132628226053730471940811814858042252851537008573754133908854394655197334016741686911351635713732579220007331215
789574038354144241352448225649894967145289843304141465278293904704717775995573076853088296085483821294819694616326402356097966088838024300934462623154
890356779422323501500693614363485859558859736670494820872345097560174968523271494692208749002757800156672936969666103879401530932146671883340856634431
523755896070300941542374948334344606956264657001919808076554821403021872153331642785751432890016995601694763718034810608796781293251394369260425245850
2148672001326716276837447334523084511284027335377015043090610358660332843720312664403792327924810501504490297037815522456274409692614413432322902208130
340354527210452561084747799469525545972968748461928469684414692602408768249402072613802390580952231023252420516337404456295337183965696489881693926331
1753092648382904034127766423647884911696863433531700636708070004940981821510201646323146152064500622199861767304204824409966973472696282929264943385130
78184654075845859134184177857771321117374418348973163184715024706484692409334625006909282370743726824210280189265384216560544711676832296737191931564
1831978558879100576306322334340689050396984453617125318735074392938489834416577136078678350979458082918350346523558528390593347202571498695896567356978
690219727175299215769287885815849535984038147539456994373019702953279512427652177004459428012417908074857352567498645351051258174974585713592005916818
1231386629552989088267096730715227983772983379983433920074613492477875977492995708189883753587818038209972162023557047212021272160696454334930187621493
667350057495838716473531308763452653525606011833603864171038558202930923901134917388368690600332349299700346925537347694151941865783376136969735110869
2565967363411166183330506618385637042343512088087507156376501475630334583257255672654607160075841863227441499263462757010836013572022531573123648130738
1193743972542012315503796959618681178207052364008141818284876628014155845148015317130372079711844064317610810682108638169545972225030194132608615847225
1398323217256357328465774381083867923589474051186422697053006546715929892571147964659752208004035155189879347681489377817795676426457833342713625258601
2377352874258682343591867136894122701907955785702493295360004661263440847792714671324109615240717340023033785809323000606479492594009634292230965833054
898274760109765395721114183025645255382549679561126484390563718730103852152717894161190728856364451388426753244918234704870659173192634929945659476035
40516928608507289237280057540560523629155506528975247566305442647189633657966453706682786982041641853831771302361149866431980411949115479359965043573
118943682049000550172066012890419734118047439893288631538664418805249171520570468917707133128707325719942346526567776154441082773573070059069622793146
1359439529577674605348011613135036163345443089937889505219568428341768748136328566276899539580153089048478097387613196990006791453331993449405936604554
2247578362896623180162144978356717405856530960876731346615496010162710674582991235870612244928864929610649163345210891419589720353059134827406374651443
566988987826014412579988121472930289246064842183266864601132827402543144261015317781899983417989336981176671193810145231145210346899597714449831033079
1677823905283197249861822388384515758446179358882351562209749129931863108305035452413798753488050365525293957458724886909068264283963410669384793537124
522924937854762106937388162332495517167278656613251709129281755827376160246534245007905240629772927808500431499846350644764369594040370048753514399264
2892461689233140200921359852088624223947915277397582742291226746680580309802912072478246060479615808901000769756465717610646652778143653237720585632349
2842866586069245680934973316514484490819448708077972307730135830335188605938180753838743477741861032135223459087617121326317231850272685303904041728543
840155266644551402661083480121511622458710890588541786666580157944455345438000863654010329643151343554021173894271708700913304500327244849554420721868
1014550384114963906486808277224030068591603436540925809310577570425875588448101895781081475203046017049822941489238639608555246519546673554143996529735
2847041588300019781253659934629471254075344387086485203632438858959037315145289461571683666838580606869635065376369032193305717059773678912988981004123
2978261315194415398579620242084431778056500143689570890118786666149025155953367865474811565025859431193303695817000241928905175016624322491992168136473
1085595663127823529398586191619899958670906427376669237715449657815771982115786673608608226151874223095871981354385305641664510618683720884408351867941
1594523302121406925483000071560438175530857635055689910462050832201053195683421652651734443515277720576350440355470582526196070271791620243852261562582
1279868468417623139606524977355713028532168847980077810494733212957231292465025496825141404691076858551021653017965423239402505356458978239270633653662
264572795578471728344096816772400379099392207731331560340318158167176172572291763885927036635409482386345146416488452680859826114104886590345564532996
983166564738785357370248617779075683754009597860447484952645002190159662350460867804888191412503487146829033624844200769632553101410406134017441319655
2905751021957787773943176452252642935789890440065374065983538656110904712736296103459540277827652516840361666614672576565994103107318295057939806984132
2174714068561711012919517640170908454165804088222129060650289271272754763435707731112144711332713266522606248317254840892769639805544222869747413472388
767302740615534779341007981757398466919141942316906019537782272396984143962585945611840572653662043198397897721334191622877173275935756170093043783125
886922655764701046571714385376861338263308001962738003465839355022265532396107101793195185953511284943219102556296471386957654705203311094609561495875
751123251384448428298956894472049855065101372196156888149680236977155138374238933447816380852224371008523613553503486453374675021962567595914564326737
1003154074078202149516526150301879163337774493534750811880509854234329472995242001318567157316850524425054213963134421690229779168829219789568083752868
2142385200464694452196151326591329171821519530796185042289314975573652232770713588423999042606338037914114061788539491392905976857425502231305911840082
565367009098824566953380974394615935478775450972685062660458156296777346102994158525075858514698765991157467823669785449121628045970526781515315315618
2767857157003235510948668556907681210526784462588613427173109010249188033941027778634400708565485770515839622913929908153893499096917914541940644230907
1533820938144518051006461134430044593815518475470435886941509619825455755674803625016542827616578524536336713180932900324084374876804707768218461817424
2959686689624520585613254370122636901236982257840508629801740495511641093938438909092350999220003219117920579852897520819588154344023029117704583467938
263790598196873927972934212264784940320700001236892359044641904724486803232083929776390958494817489044508536159225990268758701321534146189624134547240
3021192849016490291109191743213469040706031837158877738733454387328789645610595126268698263411104963140176651946192908813787905190917301749255668492903
855649889309325977767097424582470466549064790926399356574516272322869677888698783113878192100575149277107009081928327291517492371110172657683291511841
1470108637353317395137250730324697393773187640834288693975161929814543112020290967204185713872520418284081344521733760610275484908504430305894452302821
3138567297667724502887270834760806736379831744814640151371871390578127889550348706382754831788365860222661280323718845690904016479449605820069519925204
2748471618153509241355131650589116675454719835345664384272700716352803883287586031035250060897003709585062272722794371573838900978474408313005077199674
871384100671467279150152337826003871943489995145307699557639492851586968630623151168724483442506319457999015641747246397712065780224399612468304596068
2628356873733828644617441793743282141402687788434969051379642992929564827378129525799894370798172417024773432550497919355194577355653075238253944455817
3233511522051625519061551807349913675611839126987904593073475119538414404308676593420116524030886669598697545994058577569241096322439545709122897602571
996871014025225864551964013615595419000964877294236501835913322508322469441639395882568809039024848478459465465142917952555660651852755695969450817047
2187968133348759893681015862813623430297679206249099599405859384799013679889480148711311311877483502806282932286197289425741031013361019233568501608633
281530295952193422805332669298508468182447103942017878988186782112417648096900354048973065622889114586748217344773589518807180613591990660483128352878
868207579680931197795318917434163313035086452393354906712221475001330954750037590650461019747777995322728402345872580059971404457241030226189162291583
3034204662681508490847921984305757748743017407036240200871575184848071175333364842941042659422557543229328421999795059571816789137275386201006923900176
1315528727740360549940526821636999637861048063722345665580834085808268840501546360530988215684520131293380266307084251478449006149198055945327596094845
1275526391439413649676114751625530610682824480238776215191095340511420116856974719260948141560173164152131283886234443524619001685440508861044780180105
1441560742643084553193739513394752384201312963257581695238713243271208036634489988704463459080357339210053190819717909018179029258494187157682442978788
1856424557515584261492898931199525213955443890272448004996547372130813504280502347314431841134459324941532726779215463017112601808799858311860779987720
1877125872601222606041095543950488312449911566799206248345219167871628881699368256624463133416958700657684813777812995096298704710611049343202288708078
1286908507326633163517481083699158904931131398614687912791542422397203199410400525061783818058133229184298007381157260920064061554935552125449198610706
2691853397312948216026917745759260657909628878561640247927963638256971310088954231827906549751075748429900876892380043100014065516358596817913931604981
557269396243811451449257881415542023173063610741170760519619213592764979685765142325706020516311220745002631013751420508111541311439888226029488609393
2339129279074360405114507834356713046795179629603284448920464855865761077523075417877871075211718538496165349946209404973280618467348549622708119802991
2689687218597102969742653268090504923289158362587752123112003534159005772934806180816303998461214592802891017943723297324650085051616055436317938305856
1058736986074555591247652302405376471277410642501801761155052642676652201199491108840538041709376958550640406874588165869446404831517869963516752508131
1625935070951287884246510737550610734043756919768858430220555166936417466802342180380207924941078786161421576778158243785837509245271989935864585514900
2723929767837771272885796521615473491517585290228615068229210333273073297025389347436868707461758886070621600271297186244912055076190836439970709159477
2126792845299596704368304806452700574985656353432893554473989467173970384610577191935078391998087217537874990590734436539629913620523527383487613293954
1740822480602578861700355132746671559151433944570675449772565651777566990805408516233600833965460901492826557756139479690368801427860060047583937552366
3027135098317729663402010150032514488533350656230237792094591481714188482464810193468945547048959019989874675447547491658502790428164237287703120163769
1020672208632765934322106631034467208249098998671631823193034717249920316130478701076080771882504203397496561178900272230970410231323316879039306054682
2140637035579815378157461595453932151248074411632705904891869157774409996645744532676422164389574981341113908081086667548844318748860584127664654457009
1989115565539460672573690255406098889375831971830964899161933329783704362252764050076092989550877200567831172695852839366695066966270132515848284223431
2623742892394349510343178825735103813589957707539671142741801579690718927039179634407656400995286874509105118767508736999084618061211711706806599910070
2062355458833412952895895079435877154580244173679874270708086751675577616614069495881295275006623847171874591326402673021357431684774740633895717399666
381469100908926839810031763175570374292381777131746360030718361029789950144839294161620756752393235244938637314856228100184096390395458667589109103015
1162796079644516730959159934970664212996085587417571726896412248745483924372538279925502436906364823006304546683138463327791241022365335646792852167478
161454800040625235818457999557537813055886864135735136988848539184942430229067871748197025566739522786679510547477499735249904719727126099113465827586
1968743585464521780593318844589936796187490625178150568714559029564972474894764755710497492153989375887110909325596616349763167850976049223059026976204
450558326279775102161624910893767351348028426746542198039266655184282647522002196808773611571252851310221301242657304454216922857355275646078235094104
105585557531761924130736250585334896071931199250885463791390543350247158516919431224020123705719442047855065111066390945301750021910323219030662747029
650941444909387931284404292574396112796104764044230108300306510566629438813135877423029834536297952635327016697378137242919418734203068722058085194219
2289475557187057911531562749702577888819931142739189006541443556488927991611731589490952524100522613610691319328525876359828010918712232910035692131439
3057250574217814545431926616493485836745415597727383723138736849457302629371851712734141540419405445926760936469711866955875034453039158620192883749970
1505689275351231493374844726057469252830899515858500088347742333895470372754955009406149412305174125015263823354367419349866889181335422708611155788099
944966420779591712236581115553992360177693800669377932934645913642789907006623991564790537271247601470290427211173819210475838852030462343213406432402
740164741417665041421088452365005764914157314041425953116493596447944509783886533366342670714410205125327476469812420536448886185583324551745431626170
2647402402426283305771397723784197008128098740965052536983946433698918353328250746285772967503132039908233729740449261490265252167332102635042921010612
431909394320678423550779785639436325474562763642023614392323276046460746314916239374473018721669274468400020305945910490505010290794496281683069036047
253705984762508060066551369031063503099368843169525932532738131439311042184696768944767845324566588867029384102555889326154479715660417422246198479921
2179832157757184830369088335869675304085780223606021086525398013982407400737603935999300130410841000995089504003956395814521783384629745648126456035176
777240115915242401400908349501920889823889227792232223634339272088896354897886674647422625237520879351189942778630370640788365004536568349786044915449
3197907166108937724944477141069302934817449191747980292869135546634094532831040788700356632816764234109987008181608480422304333796402251099008358228812
1273379372805649514114924782083829767878349657105415135917801236820861941953683604156546117968211262846236317688181814282965323930026821549101850231340
2338681171335656035626324172100900143578957288136157421298747012958655314028585612704859702572138645269586555504424214987230842181760860298059071681940
169202986494966428960135106492630639674199346714639045720321158800787597944557411981908487104797211181522802122537667374272600623819691280349821109711
3181094129920448839708023755764300650373328960911503730223428002151424608230798969012575398074132741082847444368633697739677519089985471006023590813723
501006897192717295465872991001794717897942675094165619977805322124444589491178999620575809322688589546347023277144665316704019319137351015999052903002
3161685868489359021639046125572595790077767724742703523820291832962111393120651514596890790456485745922652144339351208444830842650574331701255550419837
1303220816605813874990108482404771971612706539881538165302566327220003627504116285437356803905570624699494643490383210039108982218246366984925807463592
3111972118215247530614401651699901024426321658233513628751668569449975099085527855084570622792655903287258233627117736192354733221926311727868994503024
2395639061173131291725365877705443394048880773862729543232955272981121946897593696962794722478425186396462546926389962185392752503036078931234932137479
3168014053557861453898937650140927659922617901331786817069604593066624609254193512842511720676068101308596407092136081316674300588090652579565940690446
3086031000902472509452415346971365453768270847291560303835443196370433176160166582012416537557629045939989285291346365294197461323164467200619372963245
1258252541434106285513526375228565182391064987594608990784124557897054161322043355592332583784237082765775460032661161672888848494583495595738665018061
2739028473242322340755715671425831141851485649446270606346471321506287838789680697097728515633257378867707717850520409703693101040860588111775354217873
1288997415515608893566957506033645361240482214995925479301064044794035839390599371368364704437407596887727442896339602976934699368611054825913180703141
2705689082716350714906852524533977472967736573898009395356113512973298025633957520720390185491348153730820991196620868620340369371434226566157279598717
146426121692422362505509296744967788341734656751110542958520403842478902552244777205549729180857387335581469256504573250410522015175244244995972875384
563130400024960668822446270729964368884497671700781293036510564332714384064805696993392188958891534214859846832623515780208470889544863364332402417033
1527538342579187043723782215985426899747819807186160442977122149520010684202637280669370077764913975432215883698872185313433405346678921257663168225546
2056063365890240842000478459760631923454776171799535273217300703481953395166438794481773636708724236153145840737078469496631022310533683053967884462436
314051642014692789478755069539019492717412767288785621203070568536398276318571991264311571163511945808898520142217234467991466613065051723050553726940
2948360807975834322225462212670430624158198847185021557317083134324669463118179890192092990860569825032754137716296949788440118913626457799014087313838
1696004499522128919699530924628881933199693080292288185079055356200675301596863319172528675114849274088484433168111552355314577929502679891122338293588
974194977907211462883747990563519254378721549755501056642201259143237632758602879214106962833577898269164976532653353238379540336617281122263077272967
399388633744966294626207652758805378552294927681313706001377526497117121441400533375524898580151716723412610551810467209007546318271607609946877581053
1301396440100605166370603950464081309350886203020661878806534489058874207264825312539636176019118011281623499711435004109651363385760003451568867319453
1021181370748338765599165288458371352367500391256826310996601932551867190228646150037775888440140838781652614836674143754749241850505629740780564078782
3240134949213656866768955600293682795008677651649785834997025226233672188398563338315518173075025158101225593430832721990111472849698398822695020295259
1982172375298065811002195847885727882938648608349079333925644448301053068731131273617470952961194638838441673639533470729308331455726386923534242723813
2675976510896683850894088353014891215139548609289014166993842324208097385079205122428015585406486377105028858887708048069831439483827728838616886860207
2311183866484344980977448944838738864427173235263405189811969733713747331928919768113710585064537153084667374731006842617502872264789628399952137075356
2694474630095336891147367162473016057391166913103269456974953640632546713049737953809556597482722896381871480616226744636986326130245330084711897738577
857054008906791319071631727255727104022136424939003140807120866504457721172963374171422182524443802465963287423341647295840775667613853985967361860063
791258937707844663004477775081785826994913136054219518121482591998273202914580140324484192638948848531523551137022888883401004042024447529796125281973
1321609691987549451669077142855348530567195597775808645561514508106542323838263539478897856467056718253491010024003716343940337286563440204189588066791
2859155206553043627297354893779731629109080712146577538025375739771975639654270382842810564541722280289039688990635143372129292802948119551575059928953
2845488109049949510864666145874628217064710699677261477165822437313914609872563188871750334950870384651716174215100348067159257290067162234472536011485
10305161349440309651757321938919880634992206178140092759067082103822965926470803312808650133507291078647988216454473440886798949374633013500608937875
1299230990419769870794221853391171367033573314024044630875517114669046238223770376767601742108581804744292149345178996490723926824581762358085505304398
2397366382469720015994663545606120592866904637692980790045391579327320956599805526290021519320594298535432715894762619353463244309342936020306955278406
393576578236228627784313865573371284138112272975125276635624962139181951478914002333157424008700576865709302034112436189012886426375417619937347942132
2052645141464468901571445624869897840908326949777047159224143073895341501745491015495743445452719907147773694153460697488092937212206831424673136603648
505697535411760941177190034288625686885488475845987885310735055596923335150025788987200482910261391906555770505713787983617276827452653838551731624253
1518390402810759188132392734878816481247582477922313922153624688548566502439080704366384036420519341872570521317173463833768603756099529413565421537175
3144933658816808074731525070319233915713588783841565039426172869925602721553283089308389462164536869428913218955145361053870692968563585363509346568982
1997617428434608047056908068172215540675691894123635939661521979910525653620309186244977934145695184741857482533966864657440077173708256796887567253740
1976150726017417273350142227448420336889219856305768136227994347317500618664331038907580968325802389934013644978286211359353249918152703621600904992355
1056171675171930114026122312806986833649260306000829756136257770372180833066162354488020314795298383727341248152740343639134540617562955881520530710430
3245425993702264981878633926291419467895597147510914132079199443529559411105987273393917632651313397398112739573198263601678020481748471229383617199816
1711238660343361749048968148385739465274125646471724625997383687068081871207675418726895397934557949445906367633571294958844445105774285651888335341616
2575301764725550421948679581729998535768285021364302924035597450573449251322831614210328867304529393073442991075515417348586062540506288600422035452180
2736096849085969121180534752318326074631077812301001528774533442027129661549119711151566884657860381907712717001663799003717519705339961205152479312562
1526561520732564604668436520838030930644668217947460704831606401016749982368360168732602339950085053527248467892733581119608352771179635875551802549522
232453524069254668426126872295739058759567441372507973712397185317314115757150508210305385163451306852915098597880013429397601618776424441511145785303
393358282216590338192759576135331783506616366316687329492241992955261060748616664123871962592579862998469128403782243522264366392135962888611429497291
2371856477904929960524651038838180127497907569552555665926039435847968235104168818299209435222454187704512533723789793666483798944734240296070685214900
961071452810258274255730898633895918324071068518152646658330398315944421271468153927703321604651921236758674138558322953880084245642231718787856175119
1605769915081719461143098158253723890377104384026703699681723033487323997170582910917135171161310683915941449876801283540553047538249713163481380075647
649684265475557633894538090141118402270426375712537200458519984607046225503667539218787423320377594215673980713075079341410726903179746498803363192608
2484184500394546398150145951353688941627965254088223403487048744960762972828802913625475741404964370275961434661471741052199078964855148190139982558999
1442862626803143715508491831157205970170631445444250799767677416932316097691921730554201862816460380819274085652864692760180444376223380829221871634841
2402400825872026846087717383116522458334835701689521809254462913015652297444256814986134864018732736257495252356791850540629888999108793451902952603435
1593333642041330108250104896575562354303151297422162567713998154524559939456077504481923351187843524807137169464186622868935127049454797646088945229488
1753432426335938527270788286480866107296963005588599510187791767604934844267300408544334290712179997900054652415415759002530994107966484524602521456066
57026134883066662256607291516586541860555715038108497535329072258592248324623320279075054019242928698601143384113806114401300065920982459751339549074
2564394225249796664920326045788413610378152636167587850545928070377201521499823073805024109072913550706299006154423074998261206294280021345539320905081
868717269173485627990082150450245759178543426233523036071267542921818908797873339723017287726917559435125055024155059136624273186909678347634366800036
677829314729119845182701218716843685721821577506731936701026956708133148369785892639752753058793566775998993898314612875307572963058268636249437555704
2602925180791176418064959538736682889956204214863643167693220347711081157065516073288389863866674249952979710680451029195386921035785372107472195997342
2624248069782966683767477141395422879861066670273312324253860707126459301089304445828984365473940906867403708783228587164471324357604086610293135572677
982137121981114665757218222476902093318003125326204596333537511655694161964513920934475406940859755617519346228348750852403429230325913075265320301871
2663092598045963920309042322323074085696985579431773929226438659433245183634384541996398593778633142959449144797624441037497032759294797563621076379151
1955539914556543864409910685157459092731047621961835256145847918373619257887873306726831228627343750889939174407550156760632621001398093905242824547231
2631286087430891950795739027716845125275341479212071547168234755375632842925953562496862452329965192031897142152293230279979254103168678419593391957529
1920679395579747697100280138184906750369724551379713076737255128318777269332829222872905239416324666539789811603928986911251062444875909834303763489988
1813269692524985681536820132541179715691692998498282098808662564703572127740078100742714718653354141883069195468060021879079590025501115842789583732671
3151025942210230404369488573597912971587194808501723413280962420848678129349603091656928635138639075367269270649980501614198362188498388856679409338929
591813573823164829661162576958168506222393136769234115589039353072202911509629193263416099117508606742406918873607180599248805785609623325504823108735
769669283731457123332550397418727218212839255237601742086484651191466747576686724735561530205211819686284797241181177337067392888451489274671086886993
2626068121331308927644473501537081786924175456925744719825566444101577840949867441801675163334097125629163910197610149109473049399483357251254871250821
807482435125954876730987109232928019265401891996302571755013959187074882168766782932571901312444149872230533342243647779027930521980405008325826600414
1265017817240180030353128717413787683783022666586803876735170357924252286314564313782414678506799568615709118786378022126692695811989604778021359309696
2111833083350275394067192670939068009129387879720864432569165226597416337435787054852637047268572709881888934236955073098721708162067529685730413989216
1972744034057592138346191461507109580898141116738851542963439493871873770761323130598007667870370697605074004902895145527344503468696093741988782445018
418210901381960934624773049754561546441881015625100550091341479258005108209941950486026140694425655619901313942464030919226071837674838056299716212124
2547512131573780853987576782852825197004371166882846555599163319352830994241489581666349323162217891094201022119827500685035021720127284110187387632906
472775410924219887147814221541365804135474822154239713021339232159127589541422128366494023869444550746584314504721001459863507763831790771882554610987
1794504540254739378876914888657695580951786870442212821701744204390675243771601829740696311015091058071737494391628913095526975679828455462553861721591
412186512255517167845433708198850568617920659603119902764873402400347982254191915098354950998673209674604391250708737482306266251955082117413677006729
155202890825225812312531139206760235915528112626357641993454309836131060742616406517775240579641937093492567957397068656907870114722505347306286362205
538790006615427653666642075411707087761054975817342409631417058816174390923501100346318830499418580402310428557407082567913293334865949286490585701667
3167118074056881890425235022567817132315832047313810666752353172342459779211110331678310676697156267152348094829392139681854696315968680130427068433144
3029692372952412233685676734194838681300603227532746433627500718731031321558342556530199510186960298348539454705161706113073821685105857312763313138116
2045841232604561685012121563333094302162567684102400479932158816358968625369380214678818586211909963380101076321172705739026558395944721033265045909319
1416994071580594232196551398855259847818715700708110795492551869367320876967196374353044812681094759499882631000317680721109426748179942207265602367197
2270153983453638012105391785942749588859298315755673152243283732817629800774422738051801174564366094153477653493305745720479873175838481207668562752732
2992598099570800972233039204599555600539950459188952432349139804551053928682476082364045994633316547879098232768035292360992802305052759061261016347041
1901913124364986564046670879259034369340271409304231571979630562540797121313451771657971025538024511147545770539920906389635742388630373040222888364461
2113911649002013069039712053869792505251884497588025352896804661061385221753024697540544876781181799867934014328687477120305518460644504976187145278878
2632942169803300828592174682661591345869910108632602745576611080992185575898611027850648817074462948824507663728819126853460924613551654445083215414657
1670429172799190955847462998762709445942730917629269996362066836558803073527212389153257348732024227589068100389011765435526643705464900024258736150330
2467636708020855181912824117733737465789881066790270672313622705263408638796213949660430933343218143491948386104349295028530281161161958372531655021252
2596153059286826640300692754130607987896211677657199913454709705842637629925636688686468696655818825249058250747692949093460526815825984932120076648074
762404128445999133763207243723368497476704026600014816243622243211065651265844018885059508302538291006855988934872707019764129271793228661143056329262
3125860203889115468891870106746085629649863292387120707620394734051587119136004238955465094338666620642481283364880085361404487151284396817170335749799
2348279224189227537533582164560934525460240314849219807545762396817356658239480310267715901174415974450073814376325150438155754899194360055286023347627
2935094140984256332271767830186862424856561546546999127638719607796095909454175916180154411453585200644214975651812185380172790087463011273664629160500
1136117469923536250543959601351523289237188856355030810679488761486052152344091961374205867679282564694365534531206327553803290668352750661437519076408
951266744623686276348449389862249520009351653007955744171447263556145603583516612047015007095699416413641158912876261903720957146156388076441250049842
874559856236451732200579691591663713155609850221391335466917505754179334068567225174768979295570755565468439891320715320815865357446843220982830463576
2781251049572478132576314872641164095181773249960137862370783848804593978556056176685696545924452892780532421746824363566674680456125422068590392471138
1882030497442774965768575094898213801790104444803135113404572367593257992689134561108256680493855457902614427964170571824236508849779289449455564923402
2539370668601483219971879288457905847674680184961966668735487872240550596509124904543753048086129722409443504312040135097219355991419180573772224288253
2144658905747911502196461526199904331693018633661831739126574175441925182967871903077725646569673052247958261215861776201557945653646980091808780149098
696550235304149073957381283768386255541547697164433665574035733178640286928949350746794438923068589420307417600591591278229967200013621664326460971928
3160702476651372248603182100524012679954038903894627884253854363510546996268401779415710776236403612021457531443170514606903091511923703704724875479365
855081172878756345124025928902863975826305859486851392436343209508984529774890798492664829248136013839962207359415325926584673806841408069131062368274
1292088655296927961853375472623279719476712100777322241407133241119544585056811877827083799334416484979713781878696475464827708163047309099555889864714
1633334235465919287700708600533626622348570441900723699324275890327543774995769225615327179920129176359211599137512992585870928342237540838891420514984
2872412207178070231358301158780958834966844200129148547979265686879597237954094214105248283873766949407065650215286132691692626586875515559881107671871
77300551573259387931105827087237504817037677557654829418814537277250359222232540410648035541964273190261085790099657627430816997100799347661912724905
2087067049946992910756950346459230747308248742893952519408442344577419948297522523012129408773684312252945093577900713425454879940925414896980578356014
382343940148188001182914330543393658699056679413769922330994813911376606817909024127273991663606698667792979711774182890929687791449808047992731061145
2382103059675604443578073797544569964430676239344790972887032479768078424653211700767214126627463383277597988668637609408151676688623599216653766859814
143574107492784886894761261401559927637755639393440752410001676264676710822003574085034468322485723695655929216889768751013096047536703905256247410620
568098252510062540827903113198150268416637731293738825292086777098372326192289848226326764146760927027961705988484888629536952740904897514344878413598
1763771365438542732224056656096860570983428035128749006679844279178667846183721348340881252885001649699038357415975362150568293799505884951065484814426
3045754727536690429153224201160295856701082916294369056373035569918490670835829940087157430382335538445078483375008693000657950797019332212413049107449
638285400533919677992437695168371321136649736949998255737834014603244232591689230008090891491583922152470945299697658295626413660882415849296210817366
1023374847861368838946907023507670747268332233055476661946922841142591736271522517252749814963882748270108780266891347865614103159802424113028017018919
714710675974838356740031463593751370057329969651914204674253518206791063874654510197774516321294264319011808978685936235130841581646437220197413498796
213939838684891419587475579461263674343785923086673377040233698811534757389958018877406346699928399721681116350515867036143821439612246870528346229405
1359794512538449156192412815053572030701702635998156853723702588318793534685727471789285241192494578817997122324029598653952615621647738463299084496982
1032691401569113006990973407205858664008380958980347410188514540738985720210971819060811667827640871698318167061701378798243261162696834243088336261032
2811676052120761734057187222561967150017798880478181879092868081683950002701280048919203600327242703302182671792499494868791943450774483992595068158689
2876316096579243636814311441227833875149374377133588915520634375069023959262489101393996101763702637307968848021767388377701569232911537296458495403671
607722444323257115129161341420764680702397797032544094061720975506529031411599357011916871778358816050845704753936084769154076049905781159556832887402
3226470239065868519736099146546252100902967683593047572775808592059647648818088751499490599235784642435460177394083592603303065066195359806992498637286
416999829545223339563115813746876428294126329592643213127717685707436612403977153389802426400303410565633410234525001511265105212640476509953917848332
1681125789781770284519791495162629490338871682554962512226565712748875056290809980287093107894508782284064808518507297466086572060574518449396078758209
1870591570742416156592402601130961349166863919371814842508110496265102947249897007502480966529742704934331994643314981110300182365269500408464000704133
1953806072648244730932069711591576840782392516899899350792572937976897146312790218538425809194298566139499485973745221500699494096850573163313152501343
684796039308335829883402388948030954098806704263574860412916997889446494858852136899929883374769887522184686358243137890446658418666920794766269965177
1155723265515956737133663222749252007416945367459114461571346872087332192342320790328349194895220417498068262723331338318344940803504159069196537900953
2803059056725588663545258921549861529376815906996251871263653413348306342162062384933332806656142083422878069283372740535883362785043165941596645969542
2027389256048487931635628532372345237193447118504037035502806076277676504559246786499830253439005380441914841315512871330572596962984634129960179612848
88220435649971823842695419766026368644293468088181881536609732400070646614277731025908719904012086063994723263630931842593644919937464222306473023016
702705614855990100100296426686082214686132900771666248566804042487455721709029049554006573576185498120002802261260259964894977177941222216952050629817
608719443573051255804037802323990940168645462914983001956098997042660702840099389092825049972616161874302110378333095291467013268664535811322985708547
3043983448035612445113436865368080709167941148675254186958649313281299876195956499507200513671774570825962694617433490605322217444822077381665206951939
550862962302880693528114695480676895673434511269932271786106479694296416556994760107044214718462660154786057165969316157034286091569285344018587387166
1133944996240960198727221025952718581484218094012286388331257104501203954598447070092559475230738924172928719037672434256627059594042467218802329572690
1482062625682503485004330321721039925220616354989077295877544755431829158117192013471013451733781687852701465046688119323325520040683237087781329060358
1661992843712460542335356192849754226334531840054280400500090122000237554953473287795430731710568163281610490639422570033500101124323507949630361125992
842731149287963244851072114557342113750381551372632719915969584815473604787878641969549890780206957889324384913606038940364282079602473062459998784274
2131109327611749877086913344928280992688902491122421999463574316214928439930007185833243995460828582418616732565386988789795298856375272642582685920277
2031543515310768190560032704916709733955524960674541022831257081736041719827443734711866356407338047517610411677436685223282840903731351520696022190188
1613706683649996699118126512768683715421933127356409495857557437726360545952194976824287573610425971453327634573169901189229668685914089470116320799698
2003951210656985441708164039933700553208595559792484087224480901229271987522620489936150967634522396388673241254567329694768655401955318614232209156594
1280511140175638829617430146669702883841064023468058985945025014617524530776563503411961894002807927355207552324920685729320595572422688440744679190847
2643819454317803079377401966866608209280630292141204269358965932543456006913370256161956283974730192491562756544186869221172425556034098926748221968599
1904855813428129182994202809889151464087583151979983105942643412841750251938181360059216578666558880083091719670987057242316422690716280002793074527170
3202003555331908903920451879006556393211269759024195349937229499987549518988626127504662894088190997283652850289259902534187178277998760834259209115559
1943528677777836803099902406900164045204085137811052908098614405605641832704559923707835243238099824263142578700885039345322205755278570786976981042524
2729360955448554080569859805343052466189775157290138309890184560592847580299595744664194481972121307252099593635010870187631972013210722334879636131954
1269511515129743071461986154680334621861231353970248993495577613669772446467752777352414743110003409493721283297519534750540604669444356010071517099992
2799253582508446827911371360512101599047484601920807151649910272386771248154523113456503387861131070450282945304848568578421358574685556393684926403462
1858936059646285211773521519644532806667505381149275622074684812118156323213204650817455777565387418201901970830942231876728427321741957285541476171936
790383989855954198942493291027567020898604208420798483763410957080414852229070046399751876997790019724909803107316043764131948394779907500544574199940
718756086941836878073948402292272594586233077196144642403136654746365641839056713882116356141610221199065129365071515330962625074151088351839915534051
2504752910579684416244035602627754070809035786016221523906287465636060076228295257376616022468948819559769362947183534477575048976985024081242897547849
1988184017151878047259730099218833531520192633125469868625269298745270222491196511291590587695143701901748195014813578378727046715856351705921667721748
1418047682116876495005523739218945976041750420446362964922921218607279293171175033939680860960680383136268846996537584567552303944309363276031666530533
936266389747779512438102998957442906276538240629718102551757755229574214460546052861129547532501286794778410149633229482570102679683943030774305720434
8884398067708125833045157690180397316001618463328076049141517963798071478347781195836383308651179305083969082472746514917944917023422761198722102618
2994306227590657329652215840329610676382053461326516327062536859691081433705676690135158984064408412579895819208844366178435882859089104483280437062940
1686447769277809593775008287081692324224556635769004580803844485007475381012400435547459880052343759058240986828805664429330516975406358155189707719934
76220685791432903846270632686834990408704719021144235850750696132657509522025617001284100501332251777305229627477214687780251807237153030491900645885
2948316059375501395682201243245303526027741343381841087448914565599279980270134639505988083997056929818824153785572440432296781171328737205152501647122
182818957743003921556072198351732688587908408866530042939260994547957200110384798910919709694441164289332814104072939764751639845559638819998560857025
446282064786894964148853603710613161961278025541311807741426024915065824569983157853681355684004488468329213082066272179289651229605182288782852095472
1047778092629571755864993097284729760157630613394285459778954626294980204052991672913890295696132576302453270341494855666340647434914987471545852409262
2885518607730794860537869095959991255231086983353398345264220258708413378170383174383844333527475596203799364271013685710272164248052094512339816022797
479972933654283198357176004331916464639845343865009221677716050022970367549900214488077807923070501741677487760548498717624890600860022496178938672513
1730235081898912894135332805497763210123880706818895655398033611573732787429586255177132765249547066897701048458007781429406564598625173947104862514058
2478448742715697395195557153502154873321517680637845500072885653711878302883753891113422358404479944319011744121235181678663334334370264966514205425439
497778777442648441798818738047245849322910357072084201716225436113122944573908217429166200608956237263862745781785109799394841934974481907149348236032
1081407213147061908628455202841011681781992410644638770163568544202441849718036998613558743334827928095556727213256945663861988679434747141845200805696
1579533295189373168395303842863849954529513110877758148766946495177010183501281398908823427853751523998180794457588306872841655776158648449343694489509
235407668563435148816193330442466524650510611674170493581049680681163902397840908580715634947062384152651510007787739375679022914042397116916464121023
2341218763447318656935906070852482592558454500206049901706301482330377636199630224789232404256162861625796864407409202633996419332579864912970046546
2075936214613875217562173568805842654500094532721599471742790413304966035123786916766052802823186479147595710039051069544172451183502714754212873166263
872500609425654952780778401569206273323697170399478635199599371581770585657989188033222838695496882238546447938510876077597707467562658866259332588320
2999897034026120611623334568825926372758643417589442747130179263802103541094596041027854917242138390642610662419306112161727684438295866734025987345784
1347676194037548981592610742027018185016698353759360852635168654215010019199101435424232742312953151976770315283096166597712641410759824458482712161184
1111679365137788168869832054755811545507186167979135272994695493721467049522152689194264248646374800259175667762127295130239653955035689168460128536994
2673492308397561035867989756338424176129093418517051702662710260665090653854588397416000864942952514647120538430251418448071962106814405330095431247955
692665119863271647955437678308553630062370796389657298899747765370899522964603836934730108707177189990819863762500441948098469457421561965693150092661
1755927097587332426302870687522742175524844797102604846615233083156508036523738271068738697522856754073139891214709054936646387453356144960947042802824
1533563644110512351779790380942207772635858061894004297865516317275199482944906643451659322372725518504583671629290554028244612552601314441419689999507
2006146977708457922831486610751348073868545157158363814403287052907766667472045384279269522232792575648819837767881720887294544523436566578437633401490
2108026785657235633702246590646594859539391644337501103452958849399463857506211780955757255698542324047982869133329010356833808019529350443805277270484
1839735945920247631196107291205014915397411980215029302469526547432386267252183166599171104388310595433184643448805720670217060697256577996910012687783
3017056150905595534307209393194024280862783575523919971924621669554106499007458943313762154559417678813827394181591898683203579030159307090673414853202
128310512238650336387003284559797221019027005529597575765549262001513640377911266787555378754266424669630879148745290778546353362449935601609305027857
1549418535288735144519840988043758060166796080298423555394693722125698591945895975744736804452992124400729439976316889274275060243136569313536259057110
560426385214446610600617704444275071299225381570202068701419108100644284448348675793151105604499127773340306243042663222528258836428755932446933520491
502804799629373008746790867327634160753199873208459625648268816496195428393696860212768700538153439976529969713747135998571024512523577693325942354507
1944711655757518980363431078628501606520929028515855227384670733507854674055137411092401043872695583867496613998889986199589863965402471510104176892139
2596835636131124816965983941615104894746964272579278626634171349952477640344787285989799990734171516403082708165861973983813141620405962722911786244912
2427198981758848259284777098875981848477845558899105445632012135969955260857004344918367594648363597851840379040301421044024658578802340840914556892125
1720932173453087621857944591415169890048837781057531323948655717334727255349637721882126659120348442263026379084137220981036911923066072398649924422058
1937437167118798340819961000021058216318790247821621684524371478524159422628207717615832557457934300543582658397285752980719552781802939662428842949577
1483767296707743242327095282727577074616983133940070238229904069762240452368646042131672891355122842945558314362367131172953282237397229772515330702691
113345146693020819935385180745522815245518244893330806831819839446010090107563014650178919771668973844255102851098945049785788276033618114492268737601
437120092124017098409196399347248519421833967274595810761155694812422246692830183699360174147954378754303547814523341310899547707459008418305466478147
3182750549836093246440926980076995159881704780664648434020006543129861011435616421720675257185980478259035434885646210572586458712629200583904403808383
696307850572143320480062654529210987429120368669537560440330018324742255217723796859893343003204016704098706329969946810774411719742011398884781498877
2551937357787367139322570154214735581865367287684469014076786230130235755703841510067412401852030696380220981097471146787012790984672022622991995687697
874877759826474761247249904754549064925734309111932293752020256027523340558483011172777557707164208467569612718564692432511991936338508830132636909173
2908944469292953097815148252714091726387128823029500798272355537998052394355521108069884990410586634881328022033693529576339591118610313710631677489909
2896882878692587533104000782726437734892269946183850403409273567980729168116546867525579862581690168640066066925946660336212823179751030505399855618911
2591659420480968426975389855320358812178298421440898781097328387842995173907216459562822218180174171821401201900258924740422055990956635677424672693190
2602533164687436233762632934587652389273095575874104066605271648552785453951225085715241968541843092717625391567297196670250467407346617392217496351971
1979391843423268801371765207032675588137777276359047061591594818701569651508819465347972347810555267665837152587297193916567949049902218313661850389211
1754278906869539326972786209637115031221753669770861930217764937107189782529009460912011577267182677159231865071508028039345445875141837230454151585300
37848901022391479243957005299268402716008622094111982899270855935737572907314982616004517683169941008512695625183876240929711371075183105602959158707
128202006023452730576555381693960156613214982552529133345143170010782557720635596434947812985830254169553438412439975089977326637433832425851070705692
1842855300855587148151028167564234396577761686146156319663670059332863717359180927902863998249668994479009738885562277276693939343926016173469203208177
674068497857027614135043267613222723242965627000896971165237461339052515823148957343302740633901186181249361695585042137120699283371471703737462215637
177165937349642398790801125353898160834608333963980682410912521628348207672298349828250048256596368720135507986483028554340540638105000133688688593884
1913342966124714556115099059804814284325241876232055190148112546978088034512918196927154909046915123375407925430241705961710085258075237532368664035604
257871950281147950047452799034568385763252115436774667139561672727317259174907349599433774131713385331588250538648296359982966520747583344770210513664
2240303393296895372256997808330242499443216092157299407546485427314157340811686267764903876136505521343326531453704878486830474321560414404102398976145
435594534518694146286769377126557800034972566637208617234162159577338694840386125301525656223349792786266690561334242475901326636258961486988857549839
1136144208662460642409624124940777129230136584593161829375645527627982098463580244266914460115602849612492704362245127400640352358127489264347015505013
1426178255229846363959172064144930484906832010034550653718293216519661827100112057131521584493417456164485594003126754619943610430162214474477700819054
2762068805707485819248050059235769641962029168850815726868436212841508640660321496926650429410601810723712381236725335253985907283198783582577628255006
1101832158639449998637945157151817576595470449020549616775705585201978740513328551652661270348534928824182986625601121021013907219102650433093182502165
1021472458878045229988384990369300554560437983356182657967994348611682041606294705823492378477887801504159307797611725405642957583345454901317958615778
1584113772914332604432936218551862648079496329751237065835601382795979446299418864329452584064264043932443030350966184125756399710448290791065868316603
1431721873448733811684627684086252187798224671353001122499230352171168138014398351894734686212007153003244371039935870790143194510521675923895194329520
2309884620319903318644278993638993624398537166535565922780623431731235059724577504927608874894870616512873932459357895243654222531803867428983525820337
2632965506929236915570217724349989429511479677427239176298274531587699743971495291571353542635937897462542867481596486306076037322505191098326724817742
1249374180038844599444636578952834960154078391786517676499696874178621554203989863835029828216737233689317010908945642401954208923207843927928471831846
1049889690439563807124746461533733075179152103989781351320815777554135612460247348295264829200022589111846023713509249529544272767032105726015008342996
232444766571759418946895289789441022487887715820664826506449254033187230841736031964839441917553071952209255620538917869646328576367424071930822216951
3035387166385094986117321421518103222541928321620520160727903525969458241277586954569295779191193711809013085134709242035964741590038185099579756679642
2229249119946382849971104791140916287979329121932161683282443718485294679298872302959501897034508593176893546660846682814322013275966104623698645985110
1297477084774615358116748374872919354509737567747703132410066905019182112558817049683674955914536284020645296327134786871350413127275236687539783524717
76357915153964833505744362052833439308333977898741402448201977611758078054161191310657058007970592829653041186080763249270689254189223745879256607666
1606080162796273811120330515231609755796451352670808685547778166236586863457144708583589913157859819164049239033878855480673187378558222938181037972206
2901480178133351219095393307056118621324453353994809200544305543314888722832785409925018859663591004599967682580689930162507078666538173134234387833250
471103394761736211100328199351741152729395761370910823757635134449811892181616368631178659596913557046838496357276750483534879008851152391838281911377
3224462943665655234925564682965639602567818621358012737098604207975718809941650180722114668587866714446930553003390607518165147803025860786817001121907
2620200317605341804313581524226167195753212720250671947211815784243127705469373075628042305641623706739558032940320925252359468551909717411977358141290
3051179932853790234359836869014111740962941440573469607580689167567410219343625787677798284600653596731651986670642102350333681807907574672305832819686
2869883385957730481936267744254592904886791556514567207381698886401076089095617234470858914560190442717284115408105668538107093635679159071550781711294
2144701148151736304098023422803509549806691353233141308329300341584598611372180021512003058106871475342729849987356048999988448327968372685677409865509
1079031552728200132336730876575762559799420902184605218123648639120872127878118976277030570471778952719585873329855773074133335633396846027282766800704
1782427752370947802160250584664074893853739908786265203004690068148559799554883171055356834269237807267658585092483951063475502949327306514087599672653
1495493443918408324452466960737088192435148732482346448473698170984739222683734338595646662777874534112482047914236780172102093585946322189518107728889
2207346129630749925096749468393333645001929576854656934173370057355429388425829180713389510157941600754744387100656437789082265453113709036903868205696
2299026999083410153995164305777451837573187019964886089508576354102867405231897991966450499783962401695033709593506433474277066226671604340126274121287
2359689823918562623387620310425446779737881603224268068042192558760734368189359172037130180869074701013189900783441321134229273422696603910662106029622
2013401207324555146318053477414077168261507061540349731679385649092739000663429626645946129239881831451532542277666327750299478607217475418258572423104
3174189149634665432171434462219038922355544454925479615793711350605944553769277284251279041426557899434393878700203391754440246579136194994788177258103
3159944750225274793586912789020455229818262038426014431120775354626913078930928617104027173104996548081721059984915099751464578794984984000319395176108
903673995235390570642251305801495188089954575163829054618476050652329772459923200389170511482709141659375267180413546520683193563079542557656542711616
2313025191778528499066894575612055011233827370003107591250394321179817872776114410089187931920037322111895322367289740911801792781508813602200408793031
1746568529822333318449497626924924029343433738559197299623247913765506672621976121899509157894167096722292948764830837131114040135282326618273115619804
503039877645096130154066596762297788551813107274734126743393291694602072178047166889511510574599070020990087841780941897415632661355843642896824328544
296342577046017214990558341957948514725561466338039670742393002681883913704998415009706373689461181432396343574822316663790145257825440164180839943203
729415011498124611822441086630228384937933574885995955511379369454847317653970078235216265842360262341676865257637327858365515708463213324891632785789
1282232795387760876432644932743474872922127528848334958021758742072823626379021867733660712482806352478992165162258663299114476406165675964079630476577
747141638423198486040163094319081193660899267955165330208455032735510901858796960634737205434609095685072825403419160098347588013677526331815015219044
2665803898313684579369037586531794271356389091440253203256202666602220292616332992250962278238324053081929423443766173976012291220697751092080440067961
831219883785747599615027536648304255413049881808547520951584884680327957148219075462219122148172833446332943081031960970400607043290115839917888535138
1603933196758844577722226074763952652710449129672271020346579053208665432997149016535247652238699478485598614323151059814386357381518179350853734121046
2546099848234833530433768068060034603588168312366269650498852698964756168707248833646546856414985986904148514419745160022802563007390742442192043445028
988790551499522698305345379104267924602747894696583636439378188925229299792162632060525599263508663817917474709544451706430794965289389755933192099147
1572976064511875093425165765129784989603206506999759292293551317702629537352330138232539155929478271155780320692355342139448924487650922774119235672248
542818353704202136138668193355798383673613491720023068775148603784103929337873690337375362509754417208075724344284636570007766650414562212209182020459
391070740548467567050958789595116334867416549998573654304055003049578195516989810286354046990398105073148033346478578314238092063791027443144771279170
62536225470611134057228769051310224287566325062702439455093957790040925126777499777105669918163364361885421608811513716283779933388408672128933643910
2367754727932030975146322053211301794241945246736301487844737943151072062087925251783122602988977294682454468049943528253936561004877449509375371613687
2995609483835611522576174651264735620276516479929567603298300078216699902444733589943166835500149935506829486851967133128459505908919161384450096863981
2249056865756062480106465038818442931591830101978266246468526837452746171107392718123266140344696079152188705359284974584157246785024772529429917323452
3136756717231601165834538356511197977962937702959961369713264025554258586078536946071873394427911895655010594148610684798238973889003223708363234516778
64836575529754509082351959533743264489932107071942280780868563549708064653704750557324490231680749009253510900300801227106863847402680332535730689203
2962105163060511261062955503331228848706703730489855191959437308232493380672342813583465655764235767570033194959019787840759516489500664503254465936564
3268103569478851899117400198544662276911729421811698562242522315250510655462891854956485257013968072381900266207908985924731406654135249779819132740705
1209452255392606297260139704983820353541174355459407814243097755074598095718591653226567543149954730631694546901483161786277677662868234862139136013718
1889355189933425805622760721713893007995357652416498152894878697955746334684375774077914371950227453844218375405257161407391725656948799782060574997214
239031301475599302176708592287775475211632534356151827386046690052395583481986104677870759734147883740556592080215931110224445941782482467171968548716
1558753207789418420528361784897875320443051927602483067107897245014967562711321697250162873427544306755545969395683582627317422843582521732555008754870
904984115271249724639270989540583973670660732676613655382226806618254367267519121176447440267207493655100285293861500474949633016702542743230170386970
1391009202128898228058659516224859745120967535755809275263324918247618162657711393933144710707922369871529548907813921553892121404322672078221777519526
171773666445730565042647100561906719404599675101569388754004203692833804284681013746734747856802643268299017468684576038530167344388517575763403567773
122786015102675046111935776591460874712686796418545574951423412471752748665051528048034431460906950712160657474103259179566126143097499837974489156853
1818455813613641701924722367349889544648659636797188108309105591125123759010643684535169407267048008820062793913286744844973411315173685172377537701119
636548237863518958138763806185918938446858837722890484668458520201562466443467928198160849659260542135169079247499000188545437731885263784172261018218
2636794445269757988528928182922021454897146053597403385022942405496851771788752867338963837402377926686157010103906731201585790046199308639514467458915
572603720652520875307034208581787113803383234570725929998772253547975496925219145666984229582086914275066593398312359803913610605156173964022183106812
2365637657669412933481370631731002578969151156623240442010757860616084494734433770182718140625382980196462423089054224058233462756482550880713490466176
2066958407325682206167350299352150640918372285536017563314243280385667027221834480703354711637735508451920159348788515586111821064417607204394768226076
1756409852697895477141287370735583945724977529616694007433450476947821072518867700558689485463479135904629661133892793991286780836726506407335163274065
1681482828973230822584485758949302469301794292469051740930673163475537237346334795486820950781299523037317914032905852168099742392110188547845166870178
2949551196168270047464300155739269004188329532887903717849449283189705469093684202135807834574425947809974616462864795876896386268927042696435683200915
155830254303253456236613153722015712718855925981877963920818890572811534280005464283908877736706351055522616800892574683037135299048682959936162804906
1237005471003868069012816070806528211831231114789752560190589606759693636069656507356336676928780501700485935988829128804990723493541132146491275420183
1039939965791883843560877043151749204759705357304407734099433007143354487455882541808750199603984579490617595316857324946361132147832319898414190192570
216052304264490434070465934078776496490480435969771868875614557062100742737879714212656342093682271988801079313510310870345795801656728347324177056086
129223729485157256438642505856373194040982970467371233770763448011541768952549006422330982017385499993931711789754219568456794605308491422343453152913
3020996752688042795454718403751771014252860217566862987645715891712224502376176640851516221930677793537405481961137688814794523653568719576562686891270
876473348164001040435468858806808597172301558735279840782590125192862221756767692825231215695450605090341876385369300784868944286935701296361487198682
164471743884962433705700213515755198552176083079342074710022737312923540892824423851492814538935151880817924985787098444590967809346052695500648419654
408383431849196918432118550986690278432533968521451205815551154128075666484242268590232959168680206325591621805934953504229837945662839892418617072570
934150776853459321158522885364841238343441202636560341455427794387319500173203789914970228038949363232987463360102670704981779306759040821621545497720
1150071037286684340609929009358144925438520894353827306839483971553986078795828553583544194447309986311681985555180419204842392683809372529726642483592
829942551120787619736558621160233066992128057728367450941542165583952523577448665687317817005719826367051449680080708988555423877544018135411001178108
56719657100220080746894150262028529575398511846731541103719816860005795616176017381928425277250563107396910978585304728052522468570155295073590410711
1358448753578844694625588773524218427867721276156961456690969994148696607441409314568820858686281770982960004806645947053524028765431584770409404732164
2103500367578427336799248196160096205265090901009761413748533672762660569178156747690059006276827514331581117508349827469747580771652399214450393660693
431088188208230999909062836129199921734505996284936673137987583954526200918119404777985098346916883522691967917383738278678747704248230672383243994901
1042030143560676673545347319695414307912843548239452895647308152996935028826744161994791969906021272742023116897393821538113280187296193673970544224305
2888616775424971643117217645164826213770568037364309099752403732416306825822322939540742312192981972981547499772538529934595133162582429826460031714442
3225879575596882578182760831658611353821937002901368710670351606167680241037998421610517781925184409046857531401117236210893501150393011747091589540179
614988340585857902520149064514412517141398196773602290640975564289378807118877687871268977987225241064101639764335734340062404203640216783301186176521
1297124057791835254453778990190161808192754412841564191627124209359728808566173690135034579980531099743771323909929707186051987660904506055952975700359
312495733660989063681448910938096392678458319453904409682302356497864340301475489607048545446704103694771697205544810546862589270799225665666468093934
1069310270771098072153183272108535764211063481435382564211793407281961661989165249537461697916221305619048437949679091115242798442378407280803184920361
964950232991507041479177547343505495137482176031731932061331070116931168567911362868618216736557120727041518005256468578046990482718086904769206757956
757281954775867312451978882218836501568344713538037469146883609522815712016369288288836347868597790135912570754227378004288796390004144906153411999943
1230668133773079714800070353252874336662864549718835971031832039051335527601213021723694956504093141921644741390734470035079527722983622708660582159768
2987725856476094248184914545128402655622630564490251369026482776417378643277599777220754853207145070928689065153174172650477812119912684246075071905902
674541741561842516196140011149067217102330954622822687528611577287359790006475611130002902098109316980945549927853167721335223873472849009988622244290
588513546548641192023930818101093598623452398442189847648809954889840407018454117037179342162430606264055464733163316210575306766402280194669034100065
3191564590863810104371945726534448903855123102885041476069766273582067292199888496937016825690951419204173109720704168982598801385916906785462754083034
2119242503247479487860625834250125374653333779029614135501067298166751065985338371383064240352777710648999142888226129868519459560653252384454246467392
2907033341842861617946268790480610707369825912862788709561217963227585294775431654267319628225554764489621597391718931512628156078140549760189943130981
3125360546672061139470191687889739543558390744449790160994196285239084827476297014321460021320621169312187256036559071691592973893083929058855171230266
2251769276772495519751864359018490230469505638987089553038855053458006243735403877715861718199188449024699579399505518581824070354725981161303545412548
786999543272286549126047419718941016560398061600994644044781238144697526180510774921519390859267336865875028009583038514738039243967315898017688069841
997839705117720977610333596981324683982204131654637798244669131155623681346098112862882127754813948057913876931708867793717225557904506655204332055984
1927255657692780003598480597001703549756588772452613926277723637867818559404854010188699744160413634363466983373122823896458507621847283785759423824634
671533803280918300135070806086641990420137655582009901032069783458490828801099239698314460821386424328060554632956352758773195727751410302900459204823
2082076870749274915459031424885840137220135202624160504813161293311462141818175560429804483890002623703256966022004070921544098932588400523369283547420
894920506391862217391012060594002790290838069140149009345186681364902908304715858307874968405924959259954069425687152680162561854169810514417374038098
1326273416942356296438295020346289753910652508270288060039110771821652967357791451596283642199803793299269228375243740506045320477584571214262592049494
2148727496284062188295861693470718737473034395979041449976114150767280816791102690032093453603544690688758789915988499239123789778918668671013421223497
2348626902996511340423343880823608338791873246651357568163163034905081459713894982323192083851855436562199425709352674479806399064941698668503831977440
798918388760971529765619675072949834602202724888886624304157721794627641445269205093895173125201568736810107669032066399785105778635045837181064632141
2281045300232858070841388648840623778004547332129729992641423440966620988421719414205846023161064518116948179071581858960945716500319029783215617394032
486790533390483230412246925633298789718626388745153033300015480449646648750092937828082280589332326336833460265290743721744181618673537371217776873233
782020112813176640398131516225069671970900560496343381668611459927926217307414756519159611161562013879377587035898141578904424725126919158228830960586
1389318087913193573572355075050340215901439310786416274642958184179616850204110728191219733712166382374241266344440278279385633180861228417722449603743
2059049375097474932581045959907137777281786322775359558873125207534836347964638892774050683291233995797591667788461285557973741983317028408972647563500
2556356461132599601452054221354812343272606073120074325678373614667662974368277001941344559634662516776574492761502937832892526303098031886044305327436
342226657748137322496420317932721528579100268012179554590067451594115524735445436011437239196528204866932454005911415446732099115441140963016105883633
2591175025667887208835981600675907652348253300555902877193261362320205583204142006814127081415840455605102340666030084341363834781635919114677870501895
1287836932772144403176248564095602137606545085508706367896833063037685417481241362242853566573157689953252031955770645154571579023339542202524757740142
2617951419220961087427033735008613577457469473785817840235840582924821695982698326685576054088353409888046276359155631837308506126254948813464913284758
1779262007467444943587792653654272615506649424582232364110153289905970543367239508888240881195522932897971040158931040233467359418595645613868208752555
1104716234650747156662316988882816116155240719074659813226535829010746573000797118601447506520102381054760164830486098108160936749859640105383895270606
2890536677148528173681170290601871279815861778316182470450005800739729198407050997562835820108428334361460492784162813598711076207791585588898887311182
1849125980695327848400386933294627861573791975828448473154383913293691341561000299746600125352382337808861269060607160723034434880522434134117113018468
1493575797504607386280661950639634887420430519087884698529717282834495810893625347912663759645218495835052184639414653860109278537070126536357189473182
2286328872254472665830299060269328481776423895920465778477721785220752956254876783264472137725048196994061733975393813978172408717794038099693809492917
1199323207307654912144532309610420381335221971224748683635850774907037756820906730202267709564134418131603238715034828654783935561006849615239281100697
2553598380564395826735473382289442121807644012271652431111113298345025288480168621338220081777108015584638123789000979738392255316652928084735453034403
1045098255435669379013448046322815248777698747127550441364074645059578258355338268941788182713344535072808771266075484248958558748568287129016493728859
1001698668409858478789772680582466435201541525408545453220027338477373363136167149047085301763631636250882863863039783816524901219379888465652278883379
95404693707725722276670374027880715647388876138424966806917496916731886787552244986776540729554234520462938175194040065204594531343087686222651210565
1215816664425299815905284648400165209289565918059524343363078926373098182801733931041487077539519007772727639432269638843635229966282937775902013861776
1473128283273584806391494670724122709078124685656702100369707885955572212706100220569300352227663315163064752804567459182926367567307735398101607281763
2067609238881468889179016727525251077769728640717342962429262267983918505452787907228059890381346839623051575623008936559849058005107365826505450014952
1489691059049018853143582920178036541251943597277404295778035423379207875830187407736704348484232932990780874819725555432081965404355343436212574214978
458110863376558166158999801542133994153088404594645789296003002979934517253655494304803173244503348630981129837366681111936099192039183736899060277154
315271985905813130917848579070841222358338640780966126632899180327094270023836168429507853725937393207708414760539471947400358796493307169787273940925
1687571107161221833001281150920399069883326572638197868654907284163175165607091379151273275248274676580381596498072961519127484339157715352783254275553
2214111601545060766461841641332350813766506269650521501905681118863795727342861248422757034314014536691415699267925060333225305339961091616475531046780
2731202619765071901582299033175981990271574425457640309050649201377486540048215191188616231286189471243655394597132412806695322812587550949785525346000
2715265334833970158719217458026980011339306830781486398041585932644010690912900193591102333690558351228977935654452539850568308372830581383049248820032
458328902724312042499870156355386719278708487890581724146003830168518029524710646813397005558125961757782308269796899086473491910636563995362727877524
1929591255071068738759869629906672442726268234002796634278741860218394644490183159030749412678398505333366589005761668550195499801252500936126940314456
