3600
~
200
~
2
~
1516521125289446565726896428330307094565125420868749250176220
182887739126496124488773960222645344280354078110808505363552
651168028340582404813620309959074746190492967629840912446477
606502838506329280288400921499632074011906574595901457704869
404729432113122452272045345207378514706487438404900293951409
1111413431423749429570296797739798034553381581072595750181483
302605770700461367066288665629682380102688513739724298272566
931862776945358494906621339931823051194123750738458741283433
921095644639286225001319097914210134547813714214974456388765
1285065299532689035353658300428318087154923387250492901199976
122614243579888618246470026946970763120294787995644663522693
392532956427413608900795013872353944098759321817730434673635
74904671536661122188285466728904608158973969856848632857139
1239304325155821182157866060006548174392355897836807082638636
1178085391612487034013336379241051739837467418349885261463816
308494297226458221884314935899628554909075257795264158538868
1014450316177080494875116050893020548583308614294109581288042
1300974946039959099710947183094517187382788697378921358942279
47990115876967202459480355444912837375652470215417526195099
591206351649749506201946049386308362079561161369329677647400
584984885060601018439428937229673790187386022188763530891858
20695041396312264083297507180486748503819854619144501406610
1100686203035458408936553548191347419347307505214614935603752
1204467401718063121359852675795505623408699978471044198516346
1492673420702268664915934888682196367967292847848492382468176
313979788570609991307523100514001052355959025112285584733033
694799398970380518914061460193398054296337850928381629547001
1498703915031900842633339242641651627230683511549270259348429
1327021592268817533203881988655866650421234933188850783722996
454987620399010582357321045263537207130090623743547497402418
62360260719307639008735604755449008472423718636006228095796
1134962648891154184545643116021527315498613274102248240154970
105580675848138096268220881960079307867776850067316862886105
828562088682465787835211402578509186498505553134641418196957
610341465119311474982441566215257350108402894502991065640892
838255447159769201540811710783715363634467113685820616333068
402229936230649815975486579962267636438385651477782729459325
1086358411764552165950028594940773425654073377429094916569811
1111812636933350235368666633068485171216209993655940873004474
517870698541735618315477221305525975041932730858114362752805
1171825714711923326200634479184561898091894041166218314930166
32852016436734438336870781345152133813699145628928341356331
1448729627375442757862000148618174079129303650605450293763446
742160628955903036081151624295609298192618796736826135662080
56176330922926283400172122737140025435632126959879923448447
144751576101893631960661358363771590023879485422781527438091
1257893049626911017906272168342122335096791450090373034007045
949739474856316801395628264251131323517068364259763398526030
510471570081605394882998403753704763590599885025445093439679
731015338636802317631194482289832792761581010558340836044416
816339163365186389014308431720041959725054586533056038953163
837188988115276675246126467794935864093193466397674288298719
714704077073520256998725682796731841768250213316687961632185
1282718452149198096762974862495191715626722001711844566959397
396377871931128785607114587783456244007406977954588780422231
1368847518132875779446343653418425494486976901927695558365451
1476408043523135585754662170918031677511329623215433476049098
1078760612567097793201702967843180893101777028817781350541190
1333173387227505831969619429934152438444191947844881007563753
1469924482289885075075403477100359379427147066830923478088723
680776180896412832494602550037109983554689542356024802790247
768991280660302750803583981279738192226690456746908451835246
663659997292551261171732219459353334723126977406407001433688
539606101507749497165322645120061307103188616700688553468273
1512710518873630035332066539945642647389026368742099799362073
450282263955453858720655163657402752668920119068410457695532
789920893850877835126699256335971626626701911413270575772168
1090450590481717559313029264986914977858104235850403723160295
966001300933593704889000257463578658184738189004859843169849
224466834983562076807219771646872135568041556341555805955150
1183510129514118818772776864526742071044081543143216297146390
1066154571840443854698301375887620826426831453363779086525963
190923301901853564189678847844145694648531460472204831141875
589117650009839642030113272020028668989863214120985121469963
45359430751537702710930577114130888835737597920879535516243
716057509535389277712361426920145209137401028180880313107714
1133530128080036412910085402923755380968721096550543950186673
1194807019827261017816349977176219226513147371042579343906219
915077123348532368339925764630781031031287214825489347789651
811529180900782218618641674885582054274338135341924260892144
706783241197814448195827301627909248445499207970380936752282
1089635363605598909294862783985027418435442603739324653865938
934748685546167985650945456055842463396438218796840380659325
546202761031128809086080450317792565159053334551347153774879
533140722886104180380696479822825368845586055668907621424911
21829053722949912914684435342135500565607488013991698008817
282375675967873979991289895445648550285462693013065579844794
321714980465251016659849056145101140577434929748027677065937
571013379090383703806859181066244397318043592674872754902636
293053726784118116274739676658056094180972345923560851925533
772260999787321554372533349692134166546772972189052960425536
289212514287442045702398390396379390338746604787471842260856
539424712080694934581672499522306713537363576519758645253666
29484938213720656117284205975229600292373069105635701059952
1170741405135139064922451439187220404837651068056256081043848
1543477520248058114469066786693673007611742471465510005672636
415904297447408774310846417914777533467704429892155622023635
808123509231428595309810175899074468099270367990414469942330
1287512553166784056511779190288569440609324247529589800537609
506424808296725884061021916051452099280558380086692267319638
160537411061098002382478767820953513586966895878203685373003
142147099506074795293335896170289857400716903870160181979672
338405642561320179513617162815678241724268704036814113006862
730851827310216331023226878429334481704935747078127105077403
676794036331461761535557886121052479706945687392192932412989
1226685467098007557239615265794251530376449816459311866419230
1105212590158041926135632782025076528085612669283037599055217
1125814478481668235842715737348252160580447817291458984549749
379438816374758614427262840129761118617693543936087315982970
1235028897509274097346419041466582246651777678885993854763228
1195859359320600159072169177092127530785948383839981919610064
1271526343429550824448330698090352932705833166983776781217012
1571440011103380292687934077164281208846403257494956266198736
114678760089801457263883713962543971761514226180896155168730
1513367064319521484157349037780621362967125168855033526745080
1326660750670335319129565683062403520977402383805219213196873
5886230385225714889642117455667836800352172569199860208287
971650167611653050177986833155327134916094190402794155958582
1111478482697509902471675669252663977551930332734514526062376
1489719331951254403090300658997992672092156977613712988364538
922793820773026979044598642582128341883805287212197656098790
149526401279286512680385605271182245083815883615243102454713
1317741074516553476969385919103771326819246011834331054062342
873172600941583898700526065178041725388454113653039183944893
265899005226880780276269914159566985376106352597762614690410
1521145362887818018723239614263711743468992735742611065470601
492474666338895905847296680813661167533719048174241214865789
1209563832482137891529846563409748931204215075187331243043207
1219922942957593347194684056383652053033360781319185807657494
565842130154970881464718214256083291737616296418836989102281
1215090259798916694608953048623586854170472891388102034711767
468931749986640853759589132860031024331346412126222616680794
223478253462683301073275243847506501861333828221286030492451
1275940859014622092773346336770920033146640678019361289007140
541929902140689918950667813406473124839924695676782077513975
209650909582774227640455677109439399414802042311030557641617
719464883747933445331099511533969939946019443936861432649816
976016386354049604764489802077366731355953663858301024682832
1473427734992421221195069599827967107999505557810000168335371
1015273650496457199133537948588723523452160995408098506855618
793741556652515201043148700655749770895485626751476881096270
123899458335028102086716311472393455535406693447735103664040
1481317848700163316336360629466696190488719632643626864370854
524796576102615025752650214814941616528723090103086404340914
925090333075566302269930014112472809084416859111683938175960
668075174621746050459386000001545103451524732504488976946262
197866725951689591726469309913265904782895736616762783610616
301926461255002839588470378653964894023208307075047790554779
1508030057459886522478602889506790151954732125216047910362535
1054188113028629439298761598367050028674981754885350300916542
682245821311758570082186898402365290594155088771440752122130
861581608623624581610881070086122228247599553390665351388512
836975813996075580786862876008235137144385708012037571510954
809552046146924781354021785281928510102894321456965854870001
102646882571830319819982646488386417226013237808173965083050
890895078650667014868013807960349709908163851597017094393989
410856527861220497617161110446031129977759654487873953060502
997312985557268100709669707488884282680564920181136587132084
1569054824812143310266249505833425844449567555651334402247372
536175834926414355835489458424777936558795817046672177853160
1386736457234902275005540192084574950337873984641805708847876
1396593069115766451942814453813460026008209877290533709343691
1227350543195706146524064029818060533706399480479805321526686
1110458136131359427751526433636289351837393667934840407642043
1322326877899888617605181177370359209510514158424786202400906
563537554403572259860327854022496992691660951311745161213903
242305399407454409753350098160628584616286269857554418338590
78469890218717244246973123497576511545285671355013672473758
1366133984895251010231247096617995864266946144989541264098972
715539285301384558313940345081248548259045985590713256697851
557044553093575835270545469341274837745940185380304604214108
161037823211169088826869836266022417454011471176531862521971
592210976820326324352269349575245145091199437349558343914535
1442191665549034294948526019275318963108856255823809034500644
817589987697629195446686562573058391588698620046123663207445
1141913178648197362429539004330419381213635538355642385699407
1469469255318935099760951030646488172079268208035068839267469
584774020633885432392396513597493143675497907329408805044339
1429014360143120047271544285692622879786394495716707188484814
1251635100344232105807318813703089753359909829051452693753952
206442085121840910650762270703036529856480160535733042729380
1122065809168253081566446196310137580955852697188944233037041
1250944687193559429842384617019410541150826080229248398330091
840494986013418366280525852730584403670817656648450300323413
374192909910343349927154282340238789027850787892515647642419
1085365442325983824163580925491587276963400769162951427925894
533304530496627141698907436913185663990713236645105486098707
1090871805079725164993672937532013134984835465457318378952605
1307621800773561801349901108171684707888965383384297756150886
858349222989691728925767436319710430138955849404784303971506
1410963252010209897736894582801588420818069010758358108534613
1206333583171070488829937728779926925181664826032368283183532
1078342008575190797715083996776008631833741308777742217211876
1343563987072919570551282907577056568356361224854083044805990
179014423852389982951988205656562278897006429332535889759993
874764906815037846615484346782172150044991923287811867297117
376125851805753317898443187051523772675740580187831963499133
715941594193835827653108177777066384595444218477231163499624
1519342843469698959202791232992421770245502014505812557366021
864007670337659389722247078318741238719896629956562796583062
