3600
~
50
~
2
~
309967923551486
12683786574214
552092051724295
233782495243149
309818355917185
608908604366716
885361198328341
222649755484228
872949350654424
636002398231321
290551306182820
51229711410285
134906647202188
600939666899305
450580243808822
123575459051976
758168865433546
212584484737775
49881390477470
917510500821062
733287472021373
257236820458606
1063372705643850
642317359882586
426238423751739
924069526058660
294451319566061
239104015344168
358396714285969
996540107406646
607893642464102
29853128886940
1043371472014800
271388080683180
903698663260423
1041617554797353
485047699438793
462898103986487
361186936741184
683540774086591
52749131435452
660007002072405
619375754141724
554115634863000
1003927022909825
157731854416148
1108186944785247
959158323646011
685878829013389
1097340538947605
