3600
~
400
~
2
~
1135857977635382214088127167867670814753968190397733668913582029694513373906810897290177651541220772467404058418812334399
571890333091832783509168736057279382037015854453885172260568200183957682086176266298640022048323663426801394080214687928
1488941963282814569641771210876791541228795186685678444756246149018694336029221816633667613448713424555759340417563498929
2029829283143885143662610664094483850631715125583526252086921864557760963361278677968769814585182829318627818586301515903
2352627592250169983273212185257377295138783519946455519634153659772800055981384123102808623430886810656985541714827752153
2145585247865400168052103764971574526872250599980098633949479520201005825839344033815163105622399192069507048018044071794
2004286386357831945584561086955708624844640357759591992628438479253304928728089078903680456105836096612297231255929545418
140245577715443438427647637072925283224460706347420480630601126596998195854084908739434504811598904356104547211337152240
2025658987206400175870919819173859476144067190188442408163200404266022275924659747147865902196227102629892382987020451468
1951116125712885137305051699326246990482973611926492510018046526324761377402610395493878929051999994196765897183080418677
42926602427539373403083938188092769882004413629579865762387159101257226192727848285140858339715245782502740008207340482
2065142121881577975989362225856543173110749718872820597158741880220373042669841249736673390857273999047287094085918820445
821396453179076547703657749795869324538133943473848288204289515773069564299712378618905315701490380975531544333979008338
1541019158816264825521526288892210107433799226576747406107828478683219999465330038680811972022692376792286136793982486837
2027282366871172137962640654523990379307339124176056597565589992128634161694950330834726266678358435212444814324208419232
867488999537485883347984866294714465139113915578291953785825676918311737586679054033898076309159884089935464240331348643
1902000638186776333800528742470660622523079004493877875472648050220836592724741635734393419044701808909104945498329858911
684747108936610771406064899925759924632201064502872709963654470326334724248836757109298444919670601389344863974675185324
1936748736627367150767690016490592390957945986707823000303740721861848676588266894695904436837976378107752375543512150688
1658736750411684962905864020922821119164318205757886114281634479774743262290259614419662748973386732171325188845811496041
1932936369156773197340804473220803743043801188029673172948438776688051057305720294999508715328427045418416443755276528218
1878402540536217353429935069628954386192198941557191191228910063097513480871366764448497933098836644978131718215382264297
895267157529798806755954118928291561833990093147586323752372675837433257103630234219388779279167362090904692801333565566
265183888560555229691352810729102918569469945781448452242830045964499919406164993115269716265187463244912041067276115949
2337506592898708372940748637767335745814193607414154687796962283065412763018663828607108733222337331339122650743140649360
362014203064021747876797631759150894315526942689499979093566541909502612283795384191857490753091707124263260295650813664
422635428746657532544810623704973988822113385263706115632377657554892844733841998628465491608402889956935461185284333014
234604698168128436134951439893630240636252269759077673945809778113322400849536169846303229853113533523033683601345606839
703511152813924363098367613175081393554875686746642023027420263265757414901595970832014129576016198259024903003749432748
638863899535871359463690018195650401625835438135266774323268242254922190075487262494774735164712597466035201031304373495
1098147026194156284397465812648376844217564953094844922100370187981253310201092189935382817946877067931971648035198874198
457863964863711123288781139917735014685111771912812514145019385294363813572153020991707156478374960895920942434593235290
1278101627375463713189877417775349741321972557295200652489006758583987340667232191898146859824493338570151228607531439727
2513496726933915333795993935367018958235408787912603269132534001963274627252614147859720314404009232274456520253488944128
729125408013951213289752873909628435483381126047943699503024380152733345127319019990927444551268235960991090539546834956
1612689246764322903029609163959229736010645039904518110086239385771441105530511985587878320329823289222172239778746932277
1508028040046412520352161405394885512334883759478169286846696592398107250613736580171571807074465996276006390838145552047
1942628067279748346593538273551296586772165569345784245137630958833459987512431180759764213328634156160920107385426291211
845805557617899312143367041841781087959979840662561907069983973274072781112670127768773538759339744358391005031553193961
222072180536481958749478245905067147371597808623824103817986508615193606299625462008941211054414647894335537352171882876
2030269250032090659930031655729183710903021876703991206882221757524179275562252104916460530956753383538606954211222238974
1933642782347795539844991221269961914215302101394853200615422346779166137904536516628718214719445853981920347266389669841
572655258551002677603784119434873410140162349107670238890509599316193337215626063429617403047755059199599213044183627760
1424731641456335337105382473141283999530077900496000683863681809933074259878122685625097977106995954069167879739170148068
507285874357830470928844452708160296826960979429142516774584842562512829132532346955567938131738609955756957273593949064
152323469092347294593542320147788502949307839532593742164570108586405990239948168995601261232721779372147950386227088618
2457365379505005518633084726674654075254005745826909856653989543513023796353450322881370223006465584513204332072404763983
1820259115829583540125400774624673470047688202282718427462344539459596070824021462216107543455158033699153479605166806637
1336296000768467697592306586868678535379076322959587333498263817222773113862931094411722151636973197497031205732148972430
2064428847708315614580826004088099019190885682826210091135110404174960338623206332365475068058029800741697092163743271535
1394070868943940627101287381400650445285231554028646935481256398143887880354193885226984659558654393792812591598570371732
121839888393023243055604331048792118774647245094018954619697061590348152505557524674495078332928537194083398932435271859
892656885856488736863524192489410812601838157420207164524643634938441196087619520957337102098968125149613741112234128638
991294125661451447392990939612371599773012382664606385364176046021491888007848247886668641808872087146831098996261897663
907842625195187543223610630717380302932510293586924833030458686267238879998932739239285471275823595645801612781801206447
1559599389116618951692206111068607795524581325931224588274872298434517323230233722475728695589835243877433765512944295394
374347715331519520976748128524048024262299483313352288465676384497576476123964436733398651967014981584569911365436051442
2472242083089089618534040698607755146415955809770773799000411644690012952510298545683309021237253740159708552367569289100
1159661592813469675309566552101202280867456737610382736283791648809208762380298135711587055074482589234383580129457406563
1108669077278455169108130497933546432831129778588476194442704442067584222973401785576551568018786412314947800361312909073
1728547311528619275572362159784972654450939110157100680931199751893196522514467584142379236098347989746011461083576739589
2011691286976561124602988059652149296841240681390671170367039819350748643801161758146023851747303530501396675780733158095
398163068477750699139215043141448117650624582484876388503573682096484953386545541235375151078021651400781940246319593060
657816850275421445525035536490107659810672421299095958320608363312889396872649833230665003192277497014477660131116910914
394879572590814953566394299489175742684900938810607307051486333227746715964015197736842410437114025311290665201017109301
1578938443197937770823931085926942476607842017025541400408911326355712991677042137617332071123884565834169655332255456582
2574367427737791582062939312607574057111505014968985696186805468689354609810734242293375345150570984948721486992146434037
1785666276515795721564650921794250218958048926930647280241677896504357946128802366622622734411315485163420092822072948959
2559862328985059794211509338020042990027017940487412232254208769141208637772365381843307559553081337806679221963022063957
3672783154108257886918767929768536529008309921954500816536714866718949816058715858685470613829648754218348878350651630
2265725337229370823806174544703827042809983092431218169828109232618148860852498172787311636418703075198811939726781056781
1190241705547123759034544567212772659969370595272636067995739525457570129646155210647527655133501430916983096775781866488
1527241919206612936137429724033242959793758433075336568018130247291882752503300863235268718956694111424199210021354709553
1967398502796211083927064628416751099050235330403467841196910684401203725028714951105456067486472670519980790327002825608
1588529176687328088322984229058431515316698814740775635458087229011018909228784800920817308769705432806409956184305422562
604210537913867750336468362135485463815494479424782166572351248013525116946225517380273237658300764272870983286699780619
1284890321246198239492612965375492004424155166453932477073999923115980863662795938952603845040017381281786360227009925851
486095083907158270954636396478776458636836433713903431210566501447384642195498893053014769873302399679845821763695836375
1713843202952224196885403923532827531815935454724629654907493262873214461747587920709905773099807918809291453817260592945
675344159687125540749468809383045130818740502823381924970540616119056901116526894851653549660391219440494669932307490093
1606987545763030326427300495746779261686536910585264269168067954356753521698712478718919389800661337454428862195452510759
1606219833546068343252405515538011582530507508733663779667457878247874222058126027380278784537941589677715719407142842729
2478899954777922543649622167365477850922498674630119967728054400766754915438763643323923579469847719194676575952437429669
2466964417482189225308119887679841321560942244625837032506375597599149964456894873644059057047262538358706742578114245856
2357462654336524155928322534876356691760866877357312779242175808431334606407325621503597650191323502454144408992719430381
1314669304142450457436952082775012552069101798102183939353317338530590782840577675549731729657720397817847031218761997622
1406861104273450188038052339048295818065961084137774425451607248658626415100876277475786972016204224592224138880776601830
1828768083201981321467430857934406296707447318989879300952773284827466573787144590900104140040958644312277536919877692398
234439443877182595145898331896583904820901409002234139717777034455536702630972511201107075675041629940982420619080981235
2242925823461089307121855448474672361982284463237497063496098610230217907874203134629449917188342995841121819517877275727
2398070635642276923770903482030259743927960964549390727247981622720168324403470664349800652817962568598408742745139861910
1837842390611489212500797830514144657899371860952470725534995844074035561329889290680739015661590367799609172251413493002
1320063908289296863767049567233705427732656850994786124590816293586050597205010787896581143318702402884054694353446374565
1080268502748221441756851820382433460068397291375018083419611103470392471682194982739808754042798490958524788842434548846
1132122339924654597742455282717799462279637927584363927851009604996933326255525020126816070331045822502836678071157689470
2058736397704204193491280141348527206606081805134943521925351202982483926653933670954916258895037302964143104819356828749
1018393400849547344403996019419051348726754866571703461733281856263266748875015345258792879616721960794678848840850362821
964010049765596378001631961518836998986192016165893227501256414858125883419548209506477648858131474953023019833800741027
2209854182004971883429435337872449786347668339184437997429116945854671231698128118681505939137356655049879008371049096403
76200966544221696571402327235661292594999051013671335851526385237960857214429779414598948745285098417471093222624417317
1092382926244501236169620147527901019154708527915535536295109405526254011837469753587292280963812152326332082093571672495
1046167699071183363149552073146085389872009405153101419290614020463374878964958714367059059414317225940251131706034872975
2382715040725355636153277105249113619634909518754658227563862556347020763882339766754469056328456788873997311340120482094
2533230282355891817256999546734236349147020613140803920714754556475458588636976041461594460830148881070534221642473752526
645471687151824179643143002204873565393814705422240220640485535719119511497617918403090561505009412828664016590064847957
980842824703381265811850988674772169571041772266640819400691448008512672456822453007257310587040705113364341368663127482
1365167778291744785698573788076011307328337361781204052001146984924444285136026065885915453144316843113725845976301495762
2295939363431432837513579672643674399620844673772083544384746763726460034937025749513244905758626481949080672168064354737
1761970742415082765502860873468300854551913838835642832542442515119716974639524397285526045603698620782997467390504085408
553592702422616095109701592598910220110244554504946190580658445061206618472852763147884537291632214604974300675617488419
1545384647321564828736383716906720613386023465630696092489127194800248527243052672932916501377773551123336475864464487641
2271008893837102916155548333103130037358367223451815844286315393637566183839588754164412364173994467305337246146896874677
713414546275391187313888016053977321187927230922546775120990812833444975211407522469277108179384171927449383574556300596
1582769235018792869168104569454147196237424396612204652686910192451842650735783160595275049301698855977872333042750051555
1624885948659994023255944777472594279992978333714236617187349828708483813544717857908612999231864010046341537429710770328
1479258151564628350690046750411243407867137618517791429630533803485225703703302998574514481343515985591904817491223328135
765990460102357594929537315630380151245201468156966645400374537095623852309273029555046525894388020127074375311219265688
1571364443619977469067852450798664322127898639156055195858814998023004073231906804876256869624383377828704418059712757949
881991127335381011992991349927440310048633145097799030163874917902591019296761917747346396392225006240831622678250493035
977588165286251967456389038519841415684393719299582447037513627140043490440519515022414209202968337713189404933983059109
1351901617274179475642223336464784289832543063118835884897798110964698271401636297276734738029395007302431982624376910382
1062691271853343039643595078394122479209113493115180377066259376914224888075841260036540766355944533514944148786673907911
1025716743411530966950355372248990643904360885629400246394776567284254945190376678982842934136532406275621954617014006337
1795891653864164002241985087934174643785009792353818705041359976975433030635830991759106437259118479124673963482718722643
891350235294333425752411723546137183130445219171452212767795003624974151760999400961773871933093259822694195412387173163
2436208510146137938086970578980170607864278016885579953631131701759266318430095805838471442204002933524665915439134092243
259721421643765457790847904644624978357181615456095720136962165115282210704714042963368044974215607502333974337876768181
1910186061890022057780908048077420237230449313802109796283776297527356696563075363326708887260624035685198805177957832989
59294512537248252522309860494387294632529156412419228030165934571270045023140009487103147775519919497118505172618628351
1939718756568708657195972533026848829830291914034049667993836811622318052155263927025373952632479352381075403341321234910
1325088194272907432508059897763736081627759278705755099569224532800790809015177405662021608574507655399964305133257439364
2544536753278396197043321348657314708808633588118529044113231653891291881307056889944449723065752694510814672605598806138
1604573196233384322607275807679959202315017683154330264822738477002183306668645033170183854498509323293225979495936437702
1004689740320604328963967680012537930386688952662754156562704698622017712071991620767493634922053125663669738422382437987
1356317735372841864662979714380967792394522651469197380736904369736020943369876419096390502387469005607752938144984708050
1979052162345445158897784490846202709687382467995378177187687947281425916261357554990705961906403890617285239294665506222
2043951904980500781019172009147419630251774914192189978541161762121189322190351739947695899146385430579145451011125389201
1101139287624077723901891459217141771747018618889928419651038632298318722118033742368271526593332459928641733648957916003
843933630250272417916308983946666632331073060458125209424542101291037458663597275911438025807192235199214166106866241656
1139325584216943942673178462673794855250456556242658057789279171805516491000789108848510999558779525035372015829970677972
2046328077832087629470650775030304663385099311426442100908435903777022305026101506550607551646231807239874113300062395825
989117619783818743348375534989980781203503808035022822273528797537324033669324678212902602078837688313797245974035422745
2400034228491140172392203351833328253619565364184810161788496330867025910923283236187478922732745625314277241656087354884
367051788026169494490948884760797964856477040493155195301324358998801588184013514999730488374790371362928869579325259890
1482465129360332294209194470879609713911995709275660562670829832230333098986054076526759286489589672797775307390795507337
2311924521294676171553735869532021284293951067109608228149254637638076186544418794216280155301405332777500057904058045450
1683915090581486829043140671173653320260117073408391187519249822291825170444305237872046216887420343281209080920279470969
1027358194095982902070273215283872906333574363171942599980638244691966993365667337290709942538604713762320947090100471177
1303319684699480905272137900297333616784898500775944852330067806332249311490605017032549440033990039700153226710062812171
32479554358148750278530163548424936625608929509505236800435134283893304283324763140260344698349833184979570645224766446
1465178769064526903350089147877002364281230225514088652235361579852165031543893636646798924137323685715308618496588883303
2148789825669811094743073489065975432494062508284283180778735148386754646575884473710250640121423958111893329817112675376
520572649304560031916971200718649784164755270959452911385332602186131519550124172967568572183448514672488898339668425701
1885268073590429802805708968642345639566391677884423686045155376718636471490009448160116252722731745662485423895404545809
1133340089548143915824346483829096125537234002963850911505953891727990382446882124697012475363291219267177287887750391001
2302520893957022087694747750416475544680246886375224858695208490565933344474192997284964978582542600586769009908010310799
1628006605211818326569444255085002429047906231788216785476646376466369847266804840291927595701178514135833897228206799219
1095676538826309030481234782197848126312129104555376801334274187116400290615520964361907602378439190246436991949171512069
854494786085646624654469997818357268376027966941584348887125848484580777497343151458567560703917643607211558211550300994
74574107627376613171327358749347513021317810243624812538824883277347352156737477161007075113483379639388581165718649357
2186660434188376197062163492622706451920423093909972005221254083995028699339110812766315702450676882734879308382471992352
1560250873959816873047220116047382357987168841548866272270342989180302393049998110086034147569784056738154595287918369250
1528972457157687089478745504250528620169685889466564565158267116727479137700470235823962853573693688702088826612997611878
596048968654416482082428106917750252161746577355599527691740752570360169892953697629369951617848924641251440949957789439
1221307739752661334798801194831113188998466067890862562005025270637750460944680295414952477064838175124300865444714639438
423502678140696487341650196828360694627353164696027119907704500000984265923222539470068578752398181406594437311771968387
1915209164373715051755932435583064620037375311966674544531013584050125663837086261362199147565595225093848969020267646019
2513852166532239137498420581176230513295564000073188569513469193697225822265037750393736274445498836160165444100416900221
706814851534051042400833454690912303229289449770055415735071752611926467972572158381441065021770152790082931680437249109
539645555138720693681821001728969180142779833023624267539133687159230995413572006288893268268170607421938926226843901038
99786605164614270377316394089487925432993909187089654356122923875080043483601515685254531548933907923602978001671038752
1857590666237485424574363547122682762861572100032966211096531898734053514751471568199628357968917089907229278966080834481
210953068907624766542451324314379758208854387275606651858659317859321587369399104479291359041051757565977866255156546910
1211645186009233149261569725284710843281707742449050328276894329110829897586563200354060493654869477891821864939070481379
2011556333042526791885237461778018591649285724753511494739371302816738036587967444628812873234559367085399193842888657184
2453081963600587110430071981502234133939472732393974101094082579001236660209954555830580348270735643520177817968770938139
2115886763717211490496130440446826293901151126258224501449070381458429373037879571193199315467997747987549743319178911724
1294622553558225042319938380969578132134329612124423307959258908276646096070372561380329642849962088963439496316522310533
1122995718762740967666550927371722672402899384655967217493856897302978595400038506723315873341670681390850899092866784418
904435599651241533792610380913042330539731928411327961980277423583219548382605537177809648747567855678900515237423413522
1555189907651900443511428231544490555275292484815298028715878048143699922475426322682965581700715644627473816644693603875
971098711866689440778409867978591323362609608334767848059452813216264639894559919596199372465216418163694944130066655605
832656944400241124951716163799012897613790633323602442783660187870979148977861140709609893979814077175707625641334647569
663526879456909452818284732595687643388698374190531986560062480067105435740180396385484901817546520035943128976440534405
1168323644221216911711069484439233440692939992898268541830102790730162148998332284980842626388620596149686512884855291484
343542166214235634768763599496101788478470575003299178605201019401130057160301898030955681338683238480975460781417837263
626920133554910206661822202225928006764451936045219802057846037143575196776161418870623690449805028846530496630195383149
887980239121532728944776271856629579202935435203166343795553640850498746592170778224389993639684999551574371674144514571
1406890911271373442002778140875197019837102381942850748122735785290654132008513527208931601447333089972308026820706971798
1656319866547341536161294406579959892580165158501065824207461738833272727597884178794166703510648826468279206340062705179
991077192080861393644051902578228877755334928171506777384005050149049390729551775424387621111002900209241756111369510548
1477194409413462123041919637004056685202541223339053360668501690964212656152286253818352243342426687291020939553714119503
1495065033418533259819142388096554615922632134814363561084160725216049285251784842496530350608068342301141582385414866864
1749859802396260791053636850388517987282154521855328839383497139369243988431192650668267118438525128161634810129122117906
2243086983400143711315349036840084387477981907010661423879270759305050813874188814462997027335378323695377475880125642210
1866500479536531380778209995073054808666335250279252322897450328040965854714794987905076000437986756656056948332811086073
1834495126743748940170115728451487269366615655878336788866477373890291854479337285382292587768315001225381079467259200563
467366331676564200384896468714812946751805239144064679012148402053607184725052442066622840611968435862679064273909396301
614079273106071880259342811643963277511030696745466891031230681445081724020271141967609798172142885264582882731780830169
2242751745023759220050581064743102825387990500797516919077444336349152263862842992802409608467218817106032585393218608231
2236320172309966076192172243160650537171157100144300779286739750559463891643152160878732278311128613872615017182577212605
282720599730692208533528408463981249358439607559497008564973559058665402840056851451869836609012389181996983854642683300
482154470107563662032195310581923015793195160447612205441275174290737480309960773112733488143687367639713824628194150764
731674468378341943962227926953447974551612547247634367335811605705699075145748955173607160902410046895119707615515909654
1008731351017243884313457969697325900867282033661419006147827942727797280234455727645611736935799934103623743592855378058
375209852263913913069756948745287271361420826032027030409377466106473248475267385996164565745501680874751554836094574052
630072699867611419693879971260861831182719711224403428408528814775335243737230680795394490357831231699131168438863442051
1905830183944704081182653487746374855322254062581746659388387282157446072697003419037158862837018960532203025742860607932
574616491254004249648402377582052938777162353321794669678068690465157926542121979872057417992598340602370928032921053401
589300721106641535996670106760253579921244936435003252899653373479084677918361426971614683720028957125906939804558645523
1130345826046875861047264557627347435859745821650280947111630097710830477892361408744913719173089053951441074660822681512
2221493644087317525288894617775688329990333954842375701004025234706841302402171885917939334958624385361269367949729835615
167148613030301279908657510490884065839207014275742025491683145083263999457028705458482656440598177299560479671746826920
110008984911832178356492732740229227922541446783331625389747444038730604028766157069403318183923381457933621451959450144
740642058221725042744395306173440490062884842047785748051397057029436522071937416767810088914322412586906417450475659064
224731907375940959792632652317191526276664551974198756883561800716394236785389747005112818027375874117944163425334523446
2155292449992962602286254661084476103624190316410777438943915633926318122490964218672920378035795337287777462036075726522
2246226534577369682760648667675573559504649647949338224989805542286460380190815643117785738464845971476493029074642167064
323896665575192071063112797142958907563666357354129003032716514657865598538372828055937411217396377648221177769622952397
1620873762829315690824346798757569805847907838179628963717159469656969734286275472626988393521645344926529642718012774511
114701931500445239178705313773715579688446001695058630978846565535566219908767827311303133880603315234147485391456539540
2415825246963298425607761872719711670185166440861124326625056427800984205185765053827907553109175694212563902472324842886
1562305486338913045341055916702375955044157891840551677711289114689328028202241956868683050904885444677361513156521023067
2319969575789293794114585813609375123484366657316616650216089636008498719771183416238265750551270300031032090263930656845
1129767648774709576577633347728944390666088026482883498934166494446040134456609951815789369082669670913507188838156985353
1142248927374952625614832133720919542661810766813601649041966449271822242118498848332654651345133309596056434936242672637
1548927179102831146544301112902551236696299008188239867145130249798753353735132694032937181226303509765765386162838779931
102857321790777645056140646344862093086515982191527056791100799619271856004702882101850382573597134319776109604185161409
1842599795901446141219493584480756052766145923820017099276102856125628994714251420994417206437311990502012509312741650158
1179723517468121250102464077445379432560399298900318831696559981692947685034179822927458175950275203731692336624550890450
2281317567812158020658753205850532548969888353006681251771831453082492928479132160993111521141935865519015516916228963180
816354456807633462838755190127383219763496504649329444444240921101562374719770281900539573686798572793914565495570873031
778539854038679422002498267566740555638355796775046565368647814088958237674048809496098274434594409945111295014340076071
802837258770991716490565347214842711810558591651701300774788056500934321441329652152709294922290550331763863200229275928
1763285251607292473019979191659035492168690309135338869842403393609594014167429957502025543172960863201306025663717056439
1608161675584471828160696691705497010038981609225285748425376483974125601906558360847434865667594514854554354776322111930
274246229087444746568992865047691233363045734234192440924055952181113102686650250679099045691753741028559831356319339275
1512508047250669590163120212217517631129414328221683695906649746804297394645595020502842146249684553443753328559170365873
1105732189793908271924843777030097727166989607724120178257772044362359072012539424682810066653576331839979112189520517089
1322058912767687230641433826139131159382953369172378802562895967248093176830692135489777348929560946594890928097407937548
267202069041878630068010421647918734022892589504681066627188253407199920541637547692266413315646409822499256350306174090
726388776079572997478619918955741677035083913551392474725479247593155769173816227986941941693204058540943491702261173946
1457987505260751525522600783314356566384252687115078555255318240040134234324524287356996626567806962165609407301101674283
1448575385806784855214967271481689201867356874409995784218394487070372926390938040336225158802400645710774640242513206929
2211074158631458384702731394888451351751934379608513031722089070985656637800558787947064668088136446096990194955815565858
468386250864771035501379331766739284176896879866140413006665366413257754572616797362682583661072410618700251770359045573
18372595645050495638003152028553484969053581894228523821021787417291823089111587687466693067534722048119332713493042152
2359409294321448586970772478834548684618742218618545530966311338212902648837298557073906869857192017304142285841218625329
1239772184406877272176996762207218371715764831750776292694977855827658747888378319677354737093534051773950738211199409930
1387288000771369581019650158615390914290856032730340596647567231787736237705456019313361482238144977943231203987580966217
1278373203674580909230069485851573172083939836691507557120146494293518354484266979440647550239788875045422287425544334808
1648128174611522077862216366808605713866308197852021306648983731648540125871658653225769831921703022004376845315976693797
1229376194748421591354421372930334039167242369654225953992175320682946673701861419630687171932514668566745031978974148910
981997505594293579928675840646907104932270726481945988463811921258711190961972709600578563762791548696048108641608502989
1309501737955811814965912468782216853089171509646784512102780358636061722425033203169817572086075971295232366422936601597
2405363372294601828282308837720588826752271113304478698830299016656797575561977337895568445264619272844039459254197170693
1023082239782349729611826211606623432487403986026535248772657065243908860532186279234566274646017847385283843692361892310
1127031804991751025687631703081098421710306980950653914097311997848498313373838594943998054277908588022394252180135042590
2098240223737482188013468604854393206015454411425133385031487356857240634081951650360395462098918565104840420511953125612
1004124164054135522669264077677782470594257654118033011838377146547126113666040856627524885889591843944853764068731630378
1774040697046256694377404898558497635292625721591461355641969871131291975351098261751968918766841178203848579916152874323
494960842022628831381280690751990614359036936855572597431648402729937857673880667387396069647938306633101868458061869369
861061584909147602479999022763070871424990569838548486041333550356046599705520182225831150969566574467768942639509033888
1399034363971142367811267393914807725785028756151685353503763687461672603750395687820366205316198798724679332296101202401
128971281164679047858323636531234282854141845306467874643317185741453305604476093677340029158453337959374150708344623780
399740364113268498644380042821691206591299712865251018780607764135840960870567449900192336811398446383354308343110513769
874928442134707798968651470999091496014804213428318944443754542938735921206307599241986225787306494827870310058275488100
486574541950017159488636199849353314753420859229551641554597775331164719423431888636013942059672682162345909171777915164
1143367377495980457284183656467213030016431828530994857294924436923241840891990943985778623486160683233409916891886899911
750044714526581234458905257027985877094218520273246251869711838784046759243867148599197568207505566192192478869134334877
1592652946947580145289074193279413784555289337585788288450204105509561870255337523653826233881644442993386473433506882730
2374901741270958024614546162330006860868873565569728181930981132878657316067345013520893226014688323727849962095061072439
2026573284516816604393696727214797612790270846001748133030873334878217811105342784381496841632622994558720129113197974817
1722800945458551933745287336814223294942448504643308723948993180848817550930277046151678204580094795219903276216436208258
2302717938140564349481773105730773424837184673505457937494102059726588962479471638066646096660749078493372163438378609289
1582627596663842532776744692236247040547516598206070845326267104478261506471199837739297255897993737708386814908795568967
2394239878028031787815710640128784374120416444272583021051312556244128635834170789823062844478594478164016579989253102249
2379325142449627177681973203017805534342439004089656654912585534939304127397145534769494271284332652209206254057097737026
2291869336448809663688656621436002269719601201142891776349223689163211557563595391260981883418209936422412885327574686097
1533612004544242576641545501672198723637426644010813302987412896356734649423850172505308986711636784918310537260947307444
173965921817660416673374034829240537095153338017706649294259766489715327662422854381966486061392933880573436276179448227
2544371820537330689684695944054318802764110975274864845398249674811201643272170065884620230293103108110038638769305648862
1229044661558287011763662709058260110821392245918232630447988174662727167270573454994865196969003133636872879100868618244
2550718930741274222587591076340795438155615497440099105237053143074597603295927433486720381117304610442430522864657191333
2297631134360926430689078783153092378750441161812068553558917071607970893562492012571560333574238613310134462698991315847
2033314831359464826267692963455685533053695417122337051557074582747560337184132512238951966656080814986020046867669115646
2425611365097509238087979075583456617337413015033556834031416275924208557309655402597116274880224625616297178929062303598
2201389077914286889348688113921009814629595353612340254127361289328673168101552933320432680066306044319784753026233229190
805664670297473288666398146872334780560485065569339973503558272570500959775189345551617541072625194180553273061150295359
2137947846922920734271803809315517442625844870450633844938835504218825910900046940480096798704526419717074700779000662335
865984076632958848992568783945721284487622704456145954804027416802096145281497594219220267499524598968261632629287984387
98064015737161375066436869716917686272728304681653439413150542770659084436724776196625927281621522587263220374198746891
2293584643304538979708215639738025170680175594187487947029684972424451015821854887838154250151138912486100047451463583137
2380581686054584275341099228251214990497367198855101924192431709013267166869618001685040014025726479908018418584285356666
1961215031757553233521682049458967703190264446312410871862663101186126696591826640472374946597266416792403809010818608385
265185593754840387864187982718441022870110088199183116738766291678158275735699662030431346309070561474598235373204947561
205331828575727477877699210703546835655220010961982160841986996530023168834056066826678964199956196074255373366857875425
964330448559335086551074931002142053268093367789195219323347234074911174374946927820634712269768683925533039652442496304
1127957320905317976231612368258082734489821063781920292389728953646516751724100321406773837582272892723932215181712326159
1827394133748492830788090507399624253240148257543093964377691730088713194073576319746809768535798664227498656010030303318
167121360869519101473275375340190056872853994977437372087664691034604588336166201532923369148878962591595574313055682152
2305149929529326373782051528869281197521270198778086952589765489550080112952766027908466407640971833291027179885096816305
1689428068273782623646492450362514595652533494105169707450748152360799079570980398974043867164965610642088011259026904600
1565569940790540942066962567618924854909544791206726460488273220544567530412091291912324121955836678112083739575317427956
846146623894630014629140744024256298135295185313144670060878490414954414214178555387889759698001485109139504762621461865
2022603859033658382475149279478555654524771351003359989229262999435964002453162522486195635419205151578061600561281343923
2415214165426472366827810258172647290980984976967547388064642730442568490665570530783538040777174675737032144876221721438
327425970346831118665262374475793342731531344876813944224407823099921152759659589730763260671448446575086990209473194658
1960681072948367367762110484856094146572345219383902215868692380920663642771457447124121311112579325329076104869497894299
2076538676951145339226800620569517995293922727805240530490275707923597138040327218076300929138452248375536086248572647672
335724412613645233977451687302473607850272579731168230653992346092571416933896833842996237954383015902538287490943336167
2297074395651720916394532676067725407992814378781003238769469797884200710596393819894770364185616280690075297308205327471
1860684476319964336889705200107349006295703898272981010930237966394057744646380338115084882841287749192699971995694114837
2133860243290464804576429196908544339624938089719147236147261196298897148986809951742093798087564767275957536031936771024
1983813147746840120027501422430456798238663598623488047368613422515146881651770945773228062195601194586699606979870675394
1281578321468741064404026210244494779809587830375474266513399131258393260676970662838817085434879872983398148558665272622
2446380057482966878546636641238195489968457107294665423709836795115179848006853849595320215718604010998917673034512098673
2438038041975959548070591451475536353698035644329023929318915429369276139615305052482035032745570060737713022297562514009
1445201145231206756173432639548874286568538552740106056296282864541499997067161179861734348117476154196897500907775086013
1937657208651221258601550648741662726059016541587965960842433632015544489009393190961523687312121764260355347574588067080
208520690930793735883106666713527395731919010626759811779969447579763660705204650402577832912797623497016770272907498354
2176087629500131342692629904787861663497247916133849145566081800371937859105548033622336393539822566710978971984526838804
40083601689328350156648597519064670522983277096923894721829225059637889235250020692901288163596366855804388223798350831
619622229195019426825513318832143341384174390989968178175643861743738721372847655659157427954862973561539073551168061164
2316611531654476937752455737101324206992374212485855829758287070560648522918372375341474931558060877297269111265494174265
1159572156032026714070532245262410290353540755862451376735636297633066132001211648887413204420022209772784674477814374029
2422959019273874323712369000551065966710636523712617497486516742963436001897600961604869138174521950762936739804465056132
787360923458573608063909824945726438124820899555382343796482927122539822552500185003243540489258424469199406087892373889
2458345499409710531680148732680505741257360025239496338385131234915199966381441539082132929051839016624644746398236274898
2137327059742369466740241719345509164445516537786728918842053968023657732597881064781834754409273452933854096874284042504
1957195564146665862972491029634702345089859224168308681521497151893170598538975386895420827170234989075188870940823453322
311629256844650233161326234673784429763576485203361906202605166794053068542217616361133649723593775319000086512075739650
1017171952782671857584255050033152862875329737449505035282988584117600515880582943376665680499812439865156003464196246241
2470109462527063452211429203196217838890326241900436325791860171261714329772277955442154286761475691684260944194594355880
1270283178499069228424472811671429873558835325367326071145863507942385765534370085826573512448674868311268158127687119602
2075261415381067604611836455852423968636907855539985028746102507739303159076768499607055250994922212754067097765297099103
782635369914733900332670354484498238381139800449708212806113940473397933167063378980143588491294586101377068666407808
2462088091727442301241360030496339240630196254422484077475146031351632782833299658212547686520352164514196863642324161664
552948509031441619049179531376572261612947251667460091041584763314196869256419399861987631181055256692555206723726158825
1809607070342255018851567456115762297067750041505835224044520495694447862447179418274230174186615370936582078337599777965
237531935986292022137201941747678313698224704417837502468868782476656507815863863771349211343033861852298318007310330912
519302033520130747017041349753651318460788896574951583419008725653317619630778105895859590803040996035822575877113936923
380484744398945256466426346374132226953222349477745827728427537136905078985217066906863486815902417621525850768267498800
2058663431295311070984745685331709214807508686435200743054411546024475406178268167311413746732365011618996142975373461232
218297864657065316702876245112310476632559428043954426203959949287966142520936812102882411199345881783951225315107171664
1256284783374516172296743224870306125363454612985558916293390705233904982243874578038828881192538971593542629390467868546
743112782593643647444489859125432335781250823522950925117350701836602555447952695722564512579396567210990315916549062401
609274938220199152995223664681910233196100133552520977403772612868623053745781134921137328120791542754670664731860277217
365120280581385732109339018684591306504393389008979652489260800574433352893766370269848039995232657892011648639202381112
938025797632266137200659640532104021314138230533302327557219305187571984247849290563600585433336820353283392134617542887
1804870837683938655356036596935313523957386840056692208198694101886985314848779020235772452716427044456805274376835321990
2381891208117331396124898783561294208798578986511858850186021205231739913823961059810578467071341660334877290434094949684
107912490861696168105492357335727777116930303091418071594832552101158635370084423502199183920974088570177298879070854984
1646932294916324504437283072728774710182658713923283619348737805699194670443137404992339940310995120621934296330150596010
649770167020332857689657576065192220083560310268528214811567586883916716251093951541568359744964254691593137526893175244
143933961587495729606623329384017843310415633056347575154696479009364074855895022803509480209703322587311508111816872328
261723156347188402424116819969375661549407656918640716959151386140751083470109620789141421121420846694254676253220799027
299483242648903629689934394378446753728345400379760837031894172330882203162690873197444719389134037266109569335605842857
1193078646599699541987939291112104713916968135555418268808180344435667519523009266632492898323223419596117082062583809974
1878534247856005924671681187885028303331532161435729583984943768084174052441984969146735386352747673792548571711089393565
2133060937823882379060553629435580606790809908486763075243474920200618222526820378319393818162415105184336318594691976478
575234542865261576054148577364188049633890762127898209550294440095495760784681817068555110044476090753100715721949539822
1399458409005573525881783903210642953907228239049082298937042304463640807391400556625118110386069854326750474551147674554
1441708204407235237626130600417944763534374753001631102620057941348325386837324791315160246845681346686066010143161186589
984972270925141704489031327856296146200799966326423835543003755737480693846771918031038741062698580017806606239915466832
1619441531778937999693329680090936848069594658554920256471218594165892555878498619723000057772980597026373387857377924614
398234736040464150532808661050345994007721978554716857677753068720010827430104799843703282183747287138627218787836969508
1109498944049678141440273108673926095186096725728742053641963873987564982245622861994700434736065918299448303418465281201
2231903728795964405742617089753142507595013578154425380764562119678900095793479752855437780813920407065725033801875780097
1304624808827866779275097625176257042131119108033482292091857290314285480610998222675620381720649211176998471912558466185
1291897012823373237136171722709304843252404609918781908059628078192151150674731855505196720388321662836440523510681151892
432466981673471724990813504967290988398438697728323645311105018563667734869752051724102597637027716791414352250838063491
2395371238199701929677231385051998554346685990459230206273390876050757688610263378041174486889125608729753488895904030734
450895342933115333222106663480049267793275894090325638612600014883785893762552486783577102828338734557589741693362308429
354257142423775167124528947036603774303564752968846730191115892806323831058236864877286665015410101397721767297565695123
2389355925229214285507406187375825642676711300547444120086707077092152352645818437836714952009611203819043659121260209606
2255200665965978212058924522699980024383908224361946777616429191567220909836256383985208446189996659792780545409297953928
2394643871075951901517021126471683542490660614415477339138279428785016659266003468205702591859070988428360749772575891764
119020864944254451277241099870817772760763241557389970973444436222599199245963349049522025821670956619385823886207052087
1893412597553032898684113451903770482395056098121906500459983797290557273383958610471426924003924179760963893152444389194
1602737153732375072901555319060596670630303619004132648082991729253054768786373428711179854017609792604542497545265016646
1390601970689327920734044973973724141954500602436821498756274730864025888624259325491789338720334105355507952430679995729
666457433462566539994981273063690913453562317330246611467016977989374210705995909203346608186546192161482727887909885038
1393184607149808677019822517443503664775362505415604255480361188927463069399220666078293113987056620842338104876079423931
1974862795526589379753251991884208689392515098123360914159632078098549290404810487746815849753484611873722139770817545147
2499630708121291568935078850646495196957613313721994043424176177591277334122235216047661819947706308217517504749632384016
347098850847340158893966322068231016249681611551021805126957726659535294946348728537429622620025475462163017372934918408
1176460450254917139471282450827756448239578739857339751702195218752876946291306343018573841736789363178496859808939499392
420619785470315243261761139614409254986508988844138485892248165924066535427056418837723289539264441374683702368313220708
2360457142911076036396928237369028179479016727551922131228162625534366901258185073825612489798548782226591744871296774596
376236907845679101664197669369664001543925083278574926008663685661049381728042428080753093061155777080348577737500378391
2283074092915400350723550591378440649732304110473371699634062788157325762185571823597932901371149012612073720008645100917
2012829351651042435844871895437057877455986659235670732598838164073431506812642393732307133075349408996626237549443919185
1632522320777551047393375012345428923058374940564351816935890988587023921351977722701511042775905840193731508442758026305
1313104528259666742154313509217414895896533160669350261039258183664832129798104629002131956572890065222258301318467585397
1996018859998278584895624069888444755285456500690814742781476282615736003213400507053140905007445797106576953733839514297
1873637521421060375975985823890323906608686180193182203720848754811499496738794064218354548662171707959188876432957301662
1243283105650952478197193840414272311123128420891464198182007621828801612352998625003394955959638646725693176975235799233
2215534730021777212633775947082567083376639729991339971838556990239364524809416867717569276677573079479597801606609118926
2227338523157483758981935717514111875945447511525704235576910213192917829237713245297142305943622495658014664813541797585
