3600
~
500
~
2
~
2587349214401957649908937207877987875578277964568348875796030158566699358415960420364187876287729006900291964475695570487559133799235564816792161971896
733358392719087837536694844089442727545288900132402717338348023419051674795134055868934635670072467479038913096284015362666252854134399084980273696147
701484705333643245371759974065328429294371964165645729832785086854933263606832519764337356132420871005514067534274447483095363217157719930657780051960
2122834655126470147340853297727273756651385089881638087175379580397601914836304744624303761432368776793579725891142708127148856785234113099734649681229
371076946356936087564279230999571207253951922339335256342749227890549534652278290372576461309749883188995767293214235749858096649207944820865439052098
1397907834131836737450183206152721982241133552153383469067862191043786248628122156809366369174413186954236737624291486042532849137218315769579830437265
837037086463593196369080153255421774481348397251390367693859141397135983901219926638159449715196169136288528039819049026875913362977420215746548018671
740638235136521228532275015145862846558722241037026905661910479176111343438154401575426220411565101512924344119660924707403424591568859757589241618124
916321960226136486937665053992145827442360253661385873926449694095007919165545531398967767768369387294970350946860191707250279370816848777838816673057
1773283397746578379764368993945730270862407307832672489990466574395735597722846940331859664407888110625870226502983053094381558910689677981576986511909
291133672557851195688842765837758697850036179035864871354270418923984096905256482583764901134459937346371012164135083352413167755576639432980069906742
851701709137570188325852168581820021534173752387816650340376777137545626801302592036440359494107703996308248366854682950411458837351275541313887393122
914859203513392374900472607493460936757908107223989411704385151289174751747430798719226237279396621660223923237379073049566326114092956290331845129101
1788399294441707349466122812857770080638553540440367743481466769283879145788489655729459322903816626373444129069353402763239622167502501370206989364439
3251348918445718644852042009304059742073813514635864652747959575815158678460598216108863598176039135668215252676960169741600998572749169411886276925560
1159262111020415540353609142841214838439840384763056976893322979554742221012346546595400966682918221258776001753923500647803684639117222003159090391554
330339349416813001980335792730974279319362582619288657147949147523010237026460107133259326427900516398218038621979359824807762938222511146681712390428
1872316144271297757422069290158973965146163763694387286052695846740696280393855993335673943911854222712166973159442381882585160863918895672719363341641
2667896612931499930168447724468045091174981282673921287662833278899994184262190206814309210734275186343151357328750277849465241289860558888209365070664
979277110375063373781453034571158658671167766242556683978390643179272195200784182324061259387127480141112703924933188098654264675770987301073358605625
1797671133769543817712178060270053406670652071858791585784170978791610815691861194515281544652317781465741231365556625691264251802765398928755120082675
1853296508570342511709502124661249627756097650760727850667696938452421683078811707191345020674334425510220662065621801841411400026765880836092327294524
366936879926513314927060726090869324860347214307804326957184276652902986677509428310750450045819155476839926943660405990143414428982185074640280218806
926935598405733647909885384577963207659559726437951934076580012535859103106980542349878094225982614342724911988650547332333536456256301165432445685948
2060160418421628503026757486379431009392580978280696172036308884460186191056964542637431150774342156124152722009195189727621642450019109580650079616634
35193003363624407795683553370745393192693899134643438261014786121549211200468757919356876019766882750948328046052329929877372838399216834506606059568
666456349409718547979428665300732094777432784553299328395561527757278446420742663211488777328948806559934997755815060012107840235410337228045992187875
2551476553832541841341151800761901684259061252407670616687399774149720461232345402211785855672545343733513223478820704681670723546745456987399557305825
698282617488960250800336426675254617426112474007146555322303849212670038865428363822336002134151721615002797997288497621168053523384822108990997048848
2735880381866133603804763457067756835515312375032213252511077265549382002599785187316163506723728512404947373569335677481244389432373863635677671183864
2098984941350608184183850657596116768779382375025538586694264657302946812792488421224691666871787840377148287753099737716375679349377158250584313396058
225232837108413806800142512720658461145105082884107466899506515359686848416817103608398246795615735069510469520683272641537779322928092519817913550645
2107198645020117588539309755464080780142431825561821404347174645334111165564056241483595703398245134057516779464773954914484127180676089482937177284205
571948534839684430334910696347181741733309041984160924601698520260821566484856211947865786642287741818915224701127219667617501127501459888121231701599
2735347111030957587394422460250463665295011217284625592372275928387769281940682404393553943100652744243097374709772432188875259854679230262716797689226
1028087465654207655555504476258376540455692944482333708928723923688025175353035714279191054782628247062033818296429282916783657303761699644829147012406
2484139366052108404269816894971573102932412815701019121617811274301756047171163163521219039461207638614973102410837171198599727508388962740499659779752
1760256192266431907445505800032327445480995176265899021105178900202830222205406768950678880719107063273569455801611952973749781425268729892693560738616
336902474717954078631668612684738955799503632081415436598248537602816714547821703713269236380514091503050176886463378486620319255635029016159252465770
260668964756568209878516924135744311775622499430313048638578527978486741722342942902894481344993584568523495202014670364187723960453519498072481339210
2286993798122502586511491870948109500993920587531581852575104149205073709744421524419230908631227002310628730984331108307546814686257859104731361520568
2508633332569224872651022189280274438057885236684293331729679002691503680695805635740525524485515006952330161925171427560198556343696767477366858342939
1638055217631508448215899171751961961746342041974859662405885218869179016601713181264631628172986421467313969827813944284267243485062362863162997040946
1691989537099038121822952576071043259982404129522326958923812357427324298703979520470003399163593387030008045263922855130574005162421635711987965943349
1902723446038788693704815166571066594157052756332132014123100402668320863516443303984609333627909398652409664780083671188772680774979830492145197309269
770596622501805055780326751266379498763086724611858460817269945332563755732751638910066407997211027135867594105447665022186588354887678669748336393462
2459806292326450349749283957861264126621218811146200533841824397813732736915278069220972475382233824911198835933736344121944801921246359599232474857341
652223930923546121531851270853769062415687907091930408600125099753751749662798298474067630885981014855741801821105643328617178616190195276820114852583
1091974189978973704164900878209370638717568477792413648947972769839690207270201606806826572463602020536440910605357941658426351722067286167330018940533
728569844654336166600530600320013994052396974436940242673096132793203094216857793150290789927984969693844187314114590340797707256589826539056032185400
2718951924495598439098832331223901667491084274463982489810085802959170259125492380207272643757989944268715165771434786624426685598236317844446884580693
2326292919648203865036052289924394156841877669492410146990312959699499712242945915366966361716888101597364316637405402367801230724884351200039260193552
2189836969674916671963294643309326074439008976094775873574633904232566462032762278972296654597577742771827808571783308098465891322603654921718517722957
2334594642757938491632185152674486710120691904077443121086665641996637022622946576046017454240415305317714437223496063818873486581039847313528296482102
49813031641859331751242964169327956894441462363797585744921578941540472024509342650005632523573957650860476258386257310307357544433512210827133200877
86728696831892235075150135542467141649478344981824041968912244302996259316793059293458731694602633756425842443649730241659626813318123277986798770383
1421572863430527406768588355926399140675379425449876312657048491245353802355173245322649137560381028094952319224727825893962733752990852829290303125457
2811602632061814756837347745239125536398802913243992327819021158622847001797553788858076649647246961021684860630806416516499764725214499118871203766851
1818456222077107317276149129655723329249434929471956784782725632642579121399291464033786578569155649563919699441166940775784119661560798274923293048231
3253735025753279033690803947918430573728076880018365052543624864557889321504557783033142415211581898319392403621041771470407157203985374928271417072374
1623483401494028917534794585810463824086594261280716018094247082333824913642445503995176134794899042764732066253066295743347608091590280981876163712669
783385623134814615047378895992231696717784675140056038522735212339107251660436584821879067007542031248851933075034825210990423138773947302341990606618
2375792889741030756933040314566948867476436870519856341128840877076997839843424766863779996658910738491849871588644226613214898039518944818898349294738
3090986736088183546164044463256121065296273622189966923990071339510550407919651702311597660148446954585814566407932720142005798942433010464911102234674
2997617016413824071478902727467243129054377005092352178275869186895467262921782323751088372447845559172402238389247795484123170884954450841530647867711
3076083495109550501667835078725522819315332657969359773266286122106768121953206974874406590128562361715502684113891393801731281539266007325297829940188
340135314802315629922381097942189213345668226480930183100086127573668122003038803629452275999450769411428813384310335043918101724920576323033219225813
2243905190850163404423238991235029093133798579218888160664454718148967021696356317875923460007257562655363569914519860745408506709086354516616652511836
921488865488653361275609703874738958846474515043320456830887857152711391598621012581682017350296702286401625773112601081970703894518602662255068852703
975358436722265589045110881596692720845167858757654269684451841146022959747925655041842979491895837847009905147563540641723004058223192632435516512804
2867724316405855152368199311924347626585041716158723557922859414941475787583899799959101126051860782639571687710795996772018473483954240322355023822811
2703090755760880691714635460813474898504169432287638647535948178903309865636571581455159598677761284820346027896160676027969099790948914997817648916231
1121486538736511766817504555490319119378016085559198534185421166362778856919175760471111955231743386302905205113218153873871547163277932739993907336072
797628001059257080527943632307211867881225113310695419295086034896361502360979269288116172182220844359675017645516142143261175971479179245769897929108
1007190989433840893079408515710466004948201389658257383307517396284921092197204135255882641504299980232156595897325375386981978433218549155434405098992
622974794694913002073668554715547469482721563509646724014347363409197570301985848158729632360920474566539531109603519540787383754341719111749265423283
914760235342125602937659235223818222372620990559056044216973170176534341618849938394110304802925756338793662174680171599662318075590026722793718508584
515984594560749247438965873276220672270935355066038887180132388218848914257187663007119883175727336938200769129408631621688435019348308392748992550674
1418552435208059567370537395367405070490362143239928362601472272639103144590807556140480851729092300336558313398170782671119758722489399562405369860374
1620568796717200726810104139754427109656765469360113266791367116524511513851788542874550826226180857611317954092816140763581409177755088781264053075819
1835807977731337555774406040362741176455116196067250339142909085277123993067093493196082907202557754401524529979367086835589604744148723028988503109844
1551831508256911656741023555318495529536596634648907542572737708027554351792963924704203115377172250810063748657034311656703670359263041865563188280606
2035014347360407554379516782958486746645843666251599775852416397108197193268971374366691032345371606029605140033010433815741565911901384618385366180872
1425964177718996402563788716222384436149992938899181370535096370268545863333361374115229304101053619367910098568966216674083319144999274786891357762635
99851370857564869147862881055442587996420815236677147886020746009332202201207177257752292410393853745867510947724746685462291277628660500864275106836
820517800632142638242961637204486899675837917263233418522964529942090753108701593371656845434968634719682156160975974282783018519217995075800651298417
3048719959006937741287952551903921839433937102551918318236743894872134343987768855913052549137421982697722272935133556296159112362299081702832109258605
166986005514410100198391280162317542414574884951611106699564749269916360045861293381884628115042411052727440928170021922735143788155551791791455122753
2130451601474394217106277451846540618952432069469924485519866571500604575664491515284560651297602194987276676698347584475396298143912463699534335772084
1289896554090121752312608457713351966834533972204309158009805099481235605003406050142181625369396017643005435681298040960576877291657534385016750315298
2762000625363765630856360443225318679481159498580759756579152276449068951805441123979665607459461508627563222015253263368367829010624029693194243667457
2223217352580772137057960479170915149344183272197716775290192814992435803642376750778527571618445847649001838193172808567813688191000136125186931075121
3056879688311586946450423293567835904011017295519093258637044509971718496234967010150192552762003320475346581927993224055130571633515731847368831987875
550592541014522306213877551667019614757491887125491237693296704904365620874214300132108141209264394827253586987836973866875630489956950823033696337388
2941832108323794085696975618066752870546896298445808803388646504586840618946336437840389228207187430190814534327791123282394359694243277526103423721194
670017061424283625882085100784147897693615099494198020958293023737305928126278395161111847340045530308550326084794493960621544860341046721423366810694
2653490041205727390308457093657122358190641635711206415569332755889777793758449912488281972091185770895458549358292677421758296593689002989223015585272
2967811733515089613408671470208888993554481875368340816440072671786376025731344917992824753743018429180504578311473369635710693551581136368691039848883
981497529824452830186650612813208715638236248947905705931248495221398617710773151071456693312101541214007292252881288587587805793423521826417610890011
2941817974270602978483603770011186499116123331819353523421655401698140885826668473287336146030316524417875607039841894555440530961130135026530033985194
1896921119585314907780854174755142664897807876201459191017075967865010120054857325822043297311630452523200178689782495225165280636249976354155643656691
2447939363668448190103167346485593586868631538443566026644568871149580248993805591449574011324525664965169915247791005101128044038336767433072040576496
813778289627621768339402977777155652291085644339194974685765068135679162117354394323045722247599318415807381446894887275153050455998235119561220383644
1883178670376709484817126404013925636024457921289631543388999766573716306863903040080002467889033395002081075637013379126383205072763002357187744058199
1019491022101196581248560085477066164496655242160535892534260645805723769988781738415043637809039779790264739474114694255537912212070710501142501747679
538025918750128517425820457383120975166899715397130900509493787434701371868181744659748230229971081395019290045862778342259617518928091043758860844916
1351200440560651429801809506858007107200641977359492489887788330518984411030862689824823210266980304121825850058056065315948607159357613702039083896238
2138243167216124888292145702907753690960645883579500962561572717865003330060415124126494789189682183414246448501634954679898596364641190913790255611226
175636876670039309599652498394563915179170880439690121721338411536443596563452686790813643823294019931995143304034741149798040880783191265224099726008
838777619082453121721891139359467393888421921216866962451225770778489138436708153501090789848015440618930033171730257587188674627083390827059074565152
520677654689825697686791466110864925295717266549842212636805242089913041847231041562090157750866168790948065070390926014462345507463876037524144687482
2650732882725549819488226755161099409991765569960139539596376290581312344376557424570121757070204896893813892391231563411011607381353034887991794191595
1981228858266873661887734345657792087331775153480573907423788908286368018501866754024980702976439654900703560151169709104421262527545402785561788333583
1435021953711719461966509637252969035258112427216238783368969386150446786210320458374093057750919033268990059872821263878695244786554871279931974535988
493743354100041301907043921308671722257905290191267845011845439219912214786472067687071402736490294436217645934719509064655513708100149301926740853199
3190962255029374281851169775428542175307186744800291100206328378801711658081206283340487404470265449043897059920594966486516647879131751517927052772664
3057256277422790528319219899229758104075776096346105455728760003849517665674868232339622133460531372494553135005369715127631739323283926712613455826253
3012893451739022769073636299841986758884444183275731260112309019082225586859029156543849142628421506226747799732915231415756245385474804388058296967836
2521333116347090956331897445385601225419019942458337487006865489347042861175412804862627231054251232893200696996962917395224877746448510532774896283515
1379392042931024106979776415390487488284931045612509928031621354973700824310234710309609315099902624782054206128329794734523770015442032060288011773038
418166006944747007963834486987556045947117010541557837786610214244778858524725406427818738263898143839833693157420984512093081177995141341622309105248
130454037281332213914522111069436289514891422269589165888474913581240504554358385076939252478696650869666903876308199438906174004020375969629629988064
2306406295192642505552897645112770385473784512489703651413288992503163758368708833174006596371881311351904239601218022400543150264384984153259868567424
2648703015501072831986973785891194071628446694373512599100914430839949420218689905224343568472081958377318020038854079132322064061330185333071192830205
3073184705883359509256538532625162858870948809447965964605566932418906578645859331460092422310224002916887222094602397441519343789941848893300420233921
2194268983734903163889489580121589008794292837477688848264050560553969161104793071194185116604927766365899289959421050829933799338144531559849610133245
1372795274156496899216674506492908755933337685192872750867681570263020238297338772242039473521648844245461892995110529516456310032516649902479444023448
971038333309643482371220211057545646377919347812309499486897183494952660866152434057385385620664695882987808393643474449634635469225352786712196563675
1058102780331471386861847210347550567933272099864464143115722302310852650354442111736172600517088103077858643327168737496779458940191530289110120184530
3209546766712712303843804057746304083065739960791533992837823721936400689833280527815665584610056159840772342908259451470179063373730317904017594111000
2279941902707561499738048993839321742205898380995476032963293981900636817390324517316561001830725119739135775811927272829649847784524777424833549674826
3200086622756398818050451358107026558584294786227005345678253783312518648218805141084559027362713239578398429958713002194980064936768834425278005579095
2275383686734146320955454850442091923349479150775149237944224598269574418331881518980269950324247117182035542473065005255462890580953483878877954029410
3041950952709275144750187379286382636541494192403066499966982628328057315522151359251211563276147467090506136379265195771640607101380071457322446760127
2514750853024677973131344838920534243830565527723018331726983436678541068568871619603014822742666318744312791270343670083656614874644863899099623349481
2881918624169613079379738254981102730550427068410690700408974141626711622717223610187329721687918213311862599325500347946141230317616112891983147562584
710334814302839548902879349772388883480026661942346540094583049991523051384054046069313522334823953811047824293026036842317110710978419903189078062247
2481076221410841526132190147181455384421592356475962817802187718298904598615705567371553177543818549386954955651302478743963305133026003639152283296716
1255043257696473453009802128342826502206748751646898535022990847400826758715285381368848927981603443885581266019664606665420754792797959985893392851143
1851449229747528940811072832121422469516968664315921306040519142083631305211436123942190165931456585033138967215667450306216421659440957812874337308977
749143740298038479135975620786792162088602321587447279239179007783346119593995152347131492912713738175507494004580507899935702052215152747700642637028
1239298283891284266359173137402606526318691208335631050355742326356261540136216204655312467297305023818381392823576078905939869106108653423319945165360
289649483269525364226721305650071456089668348730970325545206618897076980038255223233793122205685728870594748652464626584147277987751579069177465139182
2689230554323454957548016039743745367175400763903096946193383236755598262119885277221691622328678933224355949571889963389520615962152833331098064706119
2903403882753991892465276526666601988768310038132202372035506929261548910187744077280962554803254366764432492750848892110144686003099169166418023162974
1267522622847386997463524956954325813607253325807292910704894753322365873917028671944496761925093357953525642557338079475766482106333725825055256775417
836285094481802145541928701791448256135735463027298390372946458551647052711872910446449291952842133122177014328467230713491579653519087941743419138669
118837824156277815143334058667092951776535606851756289431066572385196650443166380360587232661453574647422568140785770032995074148866171551224573684623
3105229708666093750412533797336156750879786321043088561948482277110153036973256479200599938058336606817024431620651862800105774926412199157303698251804
1842274911086109385275684108999091023341745536836763876257114806067073191522149933921310404565272796612225697523391290250170302800049062738264750327495
2083110671289763681751739673328070243810281479997426521757327584129188187548501666645186380130776914220249652710164717502472972633416849333376071176029
945103153681292138104499395348217512985416518598689334890861144383852132637303969100924178995428535472616930639089503132767039679334684144050623627501
3054479005516125222526534740413184717709573455036368909280748077290990091065851535531850301137707296888932031265078270767266604757594012189176353193319
257033392620361786089231883375978386488119127744706326510944032456515536697718186622617482122225027103330094897100169466159132043775873831549462140162
1811066177496312117100617652608867978875256722360718758720632980158268677463209867296820978925458867664747787607016808450124154565437492570615789695856
2146377486310427932954947766995150312086262175604843241162102582100687015851900191698362341836598572756826140095488011110026987263298336435623112680911
3221677527937889585115256182434544498498436832078485217340831661731050360406324628876655914946266509691747585666779202078854302273112670008575090224669
55618682522496217491301831871531992586239594261259166169576636189155425995742948704763607558855620144025832839998030548658646992241646091949762026267
2512728231341833590743188509930839057143783599742690943323040929089849612002091777188981189882797534952309138684994139155462902832235381336687795995686
844193117103301113554353151572635434335368438308714237440349017630974130638125330369261184202661295347400684311840711511182319745159928539618938429250
482689268037192543602890219758585782225119480343266383027903937801367966187239138883126623505828336200185381076570229399375507018156141625725720231851
3076943440287435471745634260068698576870596328840106711468224221102444985824681289697835061525981000500990803952320672437252367252389274746141924783129
3145658944501654872599428212704500427643574927639229972844410827366022583107535832059616323200977467699472465441870747376533861887081481210537414445964
2545512505752411931908781115566057316190507731115951866321603536716104271090872078714166585504588977110675252447994312075712105453676300124026905024645
632041632371303614090747946997879459435067688194065750443722414627974638299167225916932152993587558120729073970836749148510483842228417213501648312089
3228134273883109052303728262122811208118989231794098259316077354624272129177251775737797557316258864191189479022156127425769081818853145414108700215895
902087966024361274315217446874954233311390004622226551155285987533176888940343236216213728124115938647691584255254152122230025767598205024074964447293
1076345576074004892664318595137309453354422359205842495729034519489028505605049152915007422019583113301545615925667202716777706313408983424346844727533
1437110337373232503816584554155199635808059725691187969297851713164747149483820132783867445317646032718919476064938750320694194689865456126489811543137
1089756285973764974564661368944311330781876367438334721915949134378084836571803875233494114402822277092135035533992261819079226959955879908133295174223
3252240572187132771895067826978183814441476545327249950584281912326235835616465435806710184244600505577522270989405634445329257380104135453254976987890
1102385775273788680406682748223149208126988454850863242792508684930188046517503439892336131499602516633137817841398816021286129647049537971639810612980
928316717426641761428133327111080420462781993539009732983895210598099440335151367475172548238405637932400815527048386044785054611887076788590563403853
1184572965600202650764854186150161889519518529356260620903394018915474004807203272060091312767219114458560502992416436135082060083361574659904181918036
935573417157308875280426144478151379005537614214105526734545503375588331841265232813600387101356128565393656554476964376249725079742933620093611503063
2677235618712211959898862186233877332542891065136278577695893337947543024703201478599001728257178031627271834324307731391207781001833533633681464157692
769956739064803525765420852719270190678141714873269062212030062042481282563396236314565110224317467680817075002626837678947449948347190318237904066509
2724568282354867948983394038628024794364140909063116785927422403832174890217645252977866220439687710113332069239416291694822564240432867566471366803391
2749475129262695360978996404986525667274565006638176378597529461008780688783318081990791098508447635345786361433021738968001076020179227137614599975165
2104828439085989575507698668495580563506665155492458108733278241560651831903277316271336121845978564324271112334276602898819396546355304474739386520393
302807735966521541537445868392688979205085739599048074548118419900444430835786230427124254674185341028485665070921099822813337460809787110905456861855
2658859840932199755140901020141122654911282686636788755389094615211451267629928823558408949443385498461789247919919541243082960713634270108997568797191
1529635230894182236002780786368027601001159893670458337092394018093791496049034240378244376745270607433980595752801157870482184713429664276416306864413
2280503264788250919471594771578899003640378909064406478051756174522298480737410813826734472383075980530167463292468710805508684107343745620528744152942
2174821203457630942990590204013556745055830962939585964315081968389869436551876975707393167561461690838268800771302850777958271668354105235488119311033
1484405293212909996192275287161955873627530204982293905799427261358154738740629100714668568956549589587439722347592799221144409781956833064471662821461
2486412141057509837246766398539129691075435418597461544629271677245251587318326615860544296019320664601823720972878718802521350618605333847588225257584
2347934739204016825279093308662737735746968708361023130587433612368951588046679863496576190708854272665703546304066229580962488224706788916890401166141
1572707309965543169999679431469529494198982172148825482175096427821233105647573586738506596689571594888306332756484999185860935537060468977458611667840
971752443221522386745374777144165110363397604916991054513735172212196005160534287521575663840363011786500063493081065820873249615265151699752233321761
827180525268721413142378772033599604121346209672831835837921849034669412186851948381038839393144908540571746133791076617240569615732213346053590086349
1807853320837414564718554462808048767235804503693178530806411499706771657248853498712213579627995519422710426356348464777482671821944855254627302275478
1989896196048455573989073113816135221119818933386482318888978962588628240608299303466061993322172157471546702773593003086671456318973303472779615532129
2542042878139505124028663611648504792226173008510638875084611305829390204210305556444704735323266089957178643197116023885961838232124161377362711841682
2929178143884330319120072225408646406874277818698730576524555510026711986769125273564239349007306290325316478890093102741452384047229200433290038102079
2599542490420102199612040302425934838897640855584920453590958024174807322504628416663416528537130103921985274041804308091354367298936486929713183866925
3148526987779860510098746650737020780491832480968787320247007020398492535250135688630392439110487983644174088856953389572827528335671704617877414872903
1215493608840013388516730567693972856955287616277294261786667669656051251892306297294196841330289274275443431495045937595060206261185147508020204288318
2065518800926522330759332049760041645860753316172197434930855664601159507130069287803440492913994032840196414018120421538250245245088062971606448065065
611885579666504605966058131826974480593495418781665997802802177519421015478536794020556973177520113258575792642076042057359059275733605492525293079846
256689055386536071277515383789282541918723203714352108931262202399491515720152147201412873772409529682223863064997365053687602654443733622786822306578
2045389901301875209071359800785473149748766592596276996875483072832105714675449560790921460186990356629070006911002925260945826265515164405048251134166
2656665073401940406563011433383700300059661056528455683563691410481507989866602647326481635697737647621312272030294125288950637617154326726466371470608
2381151674694226904278280986149368439347806674181962275413840904080899126532365199777286496659738615973181741854909375626314814615516623883701074166425
2995094146066001395045507826477833579068403114868974974518583847029526773032145190142886924192306944979608856313493482522237297657444323823219768604962
2279105294764672410142790428656493602146498368438972875118093744534744736660323240940322232431846838897688872323846041702488670511468440021044427482273
1256881892247007753199746982740438427820611130308463490364290784095163131783132116252731630311363888388305339022183809850112199553799596730486219512091
938063397826873899826510255792650501044950651154672805381048166722867559589460255933110798165484709823961801239403446108661307257268938009036551335749
2732010586754318029020322974927810337567455888863149270959536120710609128807938337596855746538460406088677736274208079498648310762956133916037065277291
1973639334579281893678978043214183839210987797253415581215626777915810565940152347914643778241864633728262763232678575480385072602872804200501886273009
1651521315026534672658755278711930419685169772669662344355823776456112628504510846426481446389119084037048124747023945413672607875725671107749388404395
2277086185602159428148284132592861975268324105113342985783968497800823596627009544659096321785626197295344036885341421497965620038825296510031625743276
1556824855187799959314237179742372461368307030036692772100559877606832150559984117138448503916857343301906524968159702832022995144713600659542425211684
1868048060426353790599794227983540542005780114587948966838781425317185016074484610013711466769794981386325171029229901002385285241305398731724960342427
3007795752102956595166971008131170889554147782634477788460215549624324432500483311932527821134586382666975862958804038239629379300740009576445290387296
1094531057897146815120190340587972407651541041469263235254337003118295545510337230981329012159514960610931846483454464500548670576035916814202263607808
728198995707865059534229578275276203635934242759167298878000185071667121305195841589288735671796588486762416004259699060540582980129282220926842269454
1425400272944571634255682039077577856794705289716903283231108892478145415237972625608702460496382156914069073811615871308376141374273007296321283455585
2039711422481051225542147536606351689142664060132377394413574029277596525154614392810985582828684394725038799463792800943476111819793134144245762694285
2528118859605319630888131592908924694749979255868659745437338918399686467937889001255197504787682172396959817508975098095418844221570060889675311201826
845784165646036341170792191411631554547596074912923095659620008314376550648300930925318667954973557032190270210447389222900153880107472256846012669604
1855102655213214259612619006948726753990108938233005375728026755901847298559161045140549633434785647858297457763656649748242254603380108415155973833514
2249268220150448690998860706605046110366842410540939442239803469039223354285816207932591202380049148598643125825078188920411694638802385447687073940449
2783981024256864874733872209282652310681596516937744394111487511197164046457438768351843670719817488101793206389804544902811195216857603210556297496157
917491769989995948166906721355442114372393008788878700656224957544559268211534542139533606456293771344644492651007198439633731449710300229293398389488
3261568912076860825394638744383794330733215629636153729977150308173990862883394681103862568999970431756062135424907051454897795420478897711625765420932
1789143281370245140644813449692525783409153920264551059371900058191276683331142497311434437382161168075487416818205059116763390908969433924529171077370
2306789051390180930701850031092519670445055710483184433033152975544894268846534143991706434394185379767450887745217656314357844591523046414549920902683
2337300065718115155612219004363938646164746134798191012041157475762055389409758401626602857257711192690525964326921673754195195153669433168953482894767
712020456594984622811046272575142385670257394377543705426414354577246621405901020184433323549146905020419702658918355356542062250316948976631153239085
2120641622886102656753431948376414358786761208154419260643449613290093037924933757648372145976356352263551732089678745759904370630265774728425706413231
214742687294856611248178494715708202020120390751485336335045625771519802068690790865080706916935692299793591300229300781332979529653478334509166031703
175887584367889086564150150477854730978943129706524033469212097116690868185708767085201160040831326531486778175891941484868549551778669915407244366421
2178435677671288095660343642823322028320543797448348379033034633376376618300614659604245035228520253202448102457023133826409678633992758891059191892757
525820749419652281011836109414640283388730547588000458200546738784899667032536628511261082290121211974367552939491585186989006701032582995382229975741
1006382984767193982938198792539919963111210440756439536448091113941161314373030506062876115254158569849560587274463254211210938498025613815416794418611
649866837565941145953986149460269108654679688296598400046851580965670814222354507507154238267347202769807204133008880878210634015883364739997869850054
2861275636861822710074688888290313359210287378199490856254507036339229493265592103856213596549948549419145739014514667249905804543934396315456627303291
1548452141324147220219915773621455938576612162863389305699660592976834863874613358475214879138763720989343525618722120025818060608370065026820439647895
876476933272583766649162023210157105180449183088299058805961416643761725207349289275550362444979911278814920447006441045626158419883036865007585749105
3230312212724990999120694099246066413284098550706374661161720588303515656930976876495553102213819454836934260320169765943063756157676893418301265526883
2140021876600956162502511920366902204189420798770830618865874407727501910167258662254595032471499042662372210100517887530769015960360652426075526264989
1501082532024175839739066239518813148472755874186409349771477294556587548225616915945126228014486967022460721495397183159268741879503292985126901582495
298529733497478153717225201130014671802979668125702925855263269550578797645113082069418409118054126342391205511217172354851950573202454662750833761753
1158542496741191217881621825597296887508038969023913780010267597352578440414257350900573125350614594069229629159598408238276060425384807116884787940476
1674189336811024637283174610019704489255954889626873658825672571606865071226971116974952737430891485838816965052727726636915432428607214506838376357579
1098260112605744967406279364677027908861394619010188110891186752817217876159981439631014784990590878761337589384959335266963243583393284864427695238482
2423263875826600263215032432477732084966126986230272094507813468062462823872539256161509199442968466533094401954976990145759365913996708607901742713633
733527578648198953547797253248132194628494082515731035775807646379682809522605768454360753130910794977159629233479261200752387858628799706713199310123
1720495341043397699085772665259254225598441554689336719254695816247843841742064471701495126362306721855382575236059598866681349185027202983816399336551
2182741279649136410225049414519736597160373671802257378113649061064044077849029402586165666245061903368605900689302259819850404304140486558856835931524
2891214610073699985905280770993708450102002871865374425800970754351712598436815976936354518644477659455861636416899689439089100958919107991538889785549
2408655975917032721718566543984227507657139374873598197738402886515805284264656977388327204605354766558892501835323252517214558421314934440462229085232
547011527779293784176184382484430283221817771438673684597901509838283594638593078672265176366266120043498411723950195229565104645540813645977011090892
408090969282322305283725143995853497892738274277308791885321477486891726955734528739816339014325027300698262814870737157651114736209595611460224889532
2513601838879529110161054990693436547312956781205979891171482057868058607194018873446967275647216949847582935609660831382821861487995553741537059915193
2900098826996918527499757167322710175249914556229398702832192105076594096482444608829051180249799137020876610383122074016380553431189669092646373241014
45132790644495427147934254515689261403682512207974587258528167374856881383131198276268307354733242327634551893132577306467645967807917670704797714440
2753967065871402798010402492968362866200069742508517204523615886835467536405762919598740733572549503649756943693812639380768612580547156489333356467274
1783645575149870107860425456980813102818869500702809736174571801249726510612401306843333608484330388062217737208808064362728848235959615632673712498831
1222752791145207231849628058069581425080435854306223867331562383073427006422369000705109620832885266453325058194874996922729131885272713812731912471261
468768388758218378953202545987074508476042231376636607905138952354444955233608782028492042001291446034128893267155767476587117735786081184324512305831
3086346214782733663379966555271612373932491345431366504588158523801563257249928914673097179705408703765501475269236183748274272095536472528509591651298
2830963976237389526335286202382709577145919863888268059602550219608671093685116828165225660606613148139785809506266878375865569564601902792241331667459
2293694823512237656118927659374430353668687598349168256830811736947021213278741294694382642523812920028426502725590631001780058132210596481829973790053
2955730842815356364421192282264756997342143663952588869496161192275893567962374789501681804059053995453457193411513193827229302023038256617787450451205
1363041076773257252072349763302878198592217046496594604831420483664624643919619744874040875964102174068579855348470468911321545563386573538724034515398
1594179818366157660336105345137349483429114899892750840369534703197685772262303367733372779106036682963391297758433460876835705520426847752080134252936
440400025930872121056908473483119344289562214032340213543172151827848566158643511725525584960136283876292797593002722421925976924115632383153920640849
1048134579294349076711230695019989530300378780986720439369775195421284606771855587181152103806963743159723104157220622826772520891346934750430951849168
20886098715995361131784042956631608732927637027743279328374472956671307953333767822745343518288707655912301309323757763870006563258445258467322414484
1376110659006373168261727429960079779871648987249825246463944178196063431321203157498433039833872716753240753034988068964957035222185348858792715257627
2666858242353291954203879527720432687441730947935479302568061604650021566714626360865658152044757135400954176466064613074514937062489697944585354920525
1395727578917353102871053127796209830391516389781498732513055933075920269036711401235111444085991413501320305247979126653623700223235886168867452220232
688738273207647139515001043144700533147152458821439697080541133257101452827936985979638573504469468731927992612212648890805868934590080959876108963443
491697763649276444696492293715650852213627359569048970048890410906650794777176275486246351397229206835690744291684444064780809502273178481223737007677
2155451259274938878591606987143950463994258261757109824329821040718502927183656284109009052376367711343498672772500681647748457165430399835519180595935
1559453258105642829743671539630205277483562627213792587255828838138996802332916165462821173477992210960294316421661391474021616626755214403039144018305
1844513291383026290193694656248914692224666374577320523314441568393657924907879300029819468435804210332728586553521814415431710536491370202527856967403
187812737941499556957520784356274553627375140452730402340203880445404641244126701921873928824601012262843342815665136187543825162654739940412683337984
1773752457138592184202470965195692258256930724243688114399969955535722145507805193534418011498857109699414685524921489922979305124414709185599825537859
2088926152143260784551882817972294051082431063383962002368570384880189538192922047596094160910340500956528499112097743817862750132523504087757093245873
1625479328396381396051427932378578481217532139628877871282862665112653524524230462936840595156317290209639256904974075213823613330338944313958110882858
268622407237336561082083171736370343779983270154223796885984704037746773406590532775098184834252265103536806761367299415211740025331509380877120328718
527414455973507906270577864788863375975626568041909718249727442466901100507102437685321500328422284569401414569291553049857953698024280295110482200950
1987485621446996185886750129168448815670589722170597613638211763566359244484811124078444448074352048056779312251791559974021912051091157602440548930357
1382669030026427125331976813985548994469365107684035827609982589625089071032242211675101337570761498795748899065148517185295978146016401481332281614818
829815586408383517730469741793246791304653134319356043392472451548116516853726491681381584079323921950642370884068281619870979692088262248658024300338
2091837932270080833183356520169210201666841586834529576799403042044153114004856831354130976093613886087605449415570110143476667043464547060125139705581
335839997578809749572186616055453302499448650119689738428906460093014497461404501082977048944783858185076621866349044867581141720466976720475902990918
954061792774649098312580953207404372996834674247183911020973389646698837950825164987685247746544867380280473201367162060778774228565487770870365879492
2519365916550851512400597565572779701578470406877384802600100824246759046664460133605656977339877473487990173536485404424725518784490398641424203927815
13308653758353273101809456501554219833643462080884441715810815504560058869241862418788859931442701877367373044138090405839525344364103812252593501922
2001794634210840633898131867776208750125975802929989064922359125621936913505369267919095110079742609535095235193904743230366482415772487101841733814110
2550743764945444040382602750871869578522653748913102280987891413523842632227600745676701996287687053947618575190935054694174168301043302046021127120213
3184933754560072264246548478328817563128251171051725672289881484063771145885808622797693432159454687106353070713515930500266117129131523526171455604033
2518350352557718627189122263453288805312189315924106020829652170087345612391045868030828837048070483786801755305944706223587680656588078582883798127467
471318132372787787775847556666966442218232087383875714927470151459136588915303965712329264766796557640780617638451970131408323731746513613746534417257
2671925526019449524931550530094018577589032092300615923345924915226983804771914989852317454378791834173392133411580392460668634365978145474563182328385
90888842556403536575173290316576046609237988615897574993414604240899804033415650493040942643019810564409710645234738746505360225832192886268836803992
224676464385766240002657044271450292413551771292918624792951416134971459804110132887732834924483959454935454515599230377656777564383643486488790005564
969440395661331176277877305248975154199697896075991154278805847692235467325227863975232587692728457234981396400428380421561304995189959645293703200213
2542995079113678956372081580679267593802702660254020516176063293655376777933337730061328584211770994809827291003503208115157991614094015569448577901864
2246524120390189385176764459884038606282111036774256313259745363835041172954654434878794031737497587792212930739736033105143969375236931665028289561678
11366581950090031592144232047977338893915120873898494011594201630952790039395426764092986927082518183717454687838642387641392195031568526408146479800
762991836069156651643555336622276820958346118515223654901103752856156041731197318600762640311487590958451186311102906759526824385814713262787648545275
2840128975776406364951956471711803581071533087706390434807398415696605500285745272089169361380934610600650754454639021601668401550198473819122028620218
2112123180999271725896790338202334427846679745693849387472227470841764556909634406334615045814297482754018889595497115498160716960538649449512147654030
1792171363056952602339585081597930243495078541847863706350487408742576401082794389434006299138526992157324229839258191592264913074661355511564510424394
1989802407703799076302354731935223871213252490534525553591059900071059086781961497840488148035969483190905551495361364085286648462949514575030463386220
1803905550359949943127842120463351981952078738017915597829069668932762204457353410829275792065990815285346066892099786838441952736683575641439331213279
458627603875956460432585005764551070325916639801089103272603625339319453005707275072653179439627044410028102322795381363941059458122996571010389778380
1363710346655089986156135553210099396647735358434126066026010154766529211329921153165815558910401785915995030463615579603054466576678045080288026148949
769330749367596214059216750829733161544029834523973092252674854467998858949199909609208577821190317064829432649174846254552262882754721464831206436280
2278393594830606473857145814241178092062237604436590948944746498859044123329804379100868659106369800221293483827937612657879022860597561610230751309725
2674343377265504473004245976173828692010191397336228635164144858569753560970115298241680669871684779493546007486649773793371704290947100865953460245987
2697048785853539149473895976486721052300226352279537388883250496677721371603988637698857114654370417642595038057216572941524199293897739229124171076929
1434102825862141517725128263795049045503886621556666917718552215416464789978212576976167707706969565302095867009658377077896784252921912391916843015723
338614137952462739929088635726718892557730186786055216498443826194887313763963585089756778131468790536572853948586692263335769438887181936465324305923
3240641555287530998738072296339629268172563671230656407284728528166751751211044461853956207741762159581534273286184196667253672497238939808521785714945
509692991050523118313824659455971481514827124861308112480776370597062544452820701907179303583115039227428510061273476960311144469117452087249156270040
2594355906343448508159254931429142718336245101623126674066010967366490848999033947594598046976531598619945907797875496410846227097830702752139777508498
35088110888362813531815993849168876101010227170112022571854417018274148377100002907455814912129372954843892576182711907089227811347445551278724278398
1494424001630478295394271031991751076215506715296494903742883804711863397081574218162795176772849821733079180425495964701780390471923220384749023054296
2796873270193088038509356516559508593436114522343756686688057401296606589775902995788663000286816712824960938209583528357376713581986082859315553043076
936877797955184293890075803205760449933990838983203799376388080744336860213018928451583523883286322826328581321913848174619585460833977204269991653648
3158384111561955512761993180719500324493965279978722052804999510925848062086009322159323483923356551470445484645539113632739561770509818462668450896060
2635888820895737025670541770128856169459705070061621505661334256257016489625920714849085160781368223191993526540585868953556244607654937867516289237014
681776408692284782741747357844608415168718730402554280434729361863866753258327332836211011236406216335753080329029759717897355571384158278712613906325
1180681888068512546809763780495316488444017410037869510205497069447469515226820419231949652923048966088321542396357893270375530713915173903712218330934
1639175885291889823453161297469754083576578189565303054930634650033818282514330697179832251029666046454398567248918741958180912830740906800685899796674
1414584116645041088164890598509683429269224532420122273889896547464980619628830928334618244068809434983812444359708582971957039561748101592286114389889
1179895211994172143291252977789600774855065037469943223608803880224690139543922955474265890166244234502212160523618541900405777604609434624220594061796
1668885141139980697499246370217983853515552219998743202369563787679267727244919904086225047215693316995888001974104273832164282918914395252995428003342
1196707817837276776424060794187959632206247625966661857809674924494084855781163442181161955857553181144979178644149987614499625020188064507770691949506
358476511046486750259292132615504065020490355226586763908766154129633425604010667419893725709796163075253915062043778365231675523786021067050516618199
954108520770441130553035766996061099677569923956129684767593758001788253574540857320028810702302367678664911348509340442794033543177984786605684913312
1960771202614787109050070756414968303742360653380760560224324781068527259394528481844566931395125663766517695926360314273593603041515902911177814450335
433014620796653850760108230794294300013123125625507477293139171087393060016704738492816532708437788095317192947102033624664486018793065814427895931162
64757293167969142862923933469928226759181695766178727308333044412805234625852442126220823993377472718156069610384063762522825288528482293650189431147
2125079446146797578071297047772133892859468607010374508423071086805234890508683313187947876711807641946067311639647309726110778557542448623695356311835
1212773298403320695577499637849941153491055427160673530987490164312118680629526102142629092843829592243186161084254980157458969879882296608050620279113
514778037662716367985044487399321889144562531692828615588074314667232816131839154601181332852705908343681210455841524032047147077768644110841608708360
2859942658877897297002494553603937269479598577489907440047028703844419624556683239736496458233875281150159766944889340003417504490691014307404730587688
3182673077250544892878460186247835317266330714084176808356106285366903956530426796801724146590319713858723292286424811320828708024490057150575895085212
2227095756222890140625949702849383958250723645563466562371047191047558080720668529425792841367190768572986182360506485695468964466792064477774391865343
3122163846390862025501769474162861721233924599130018381951210017065820539153932661116234045616472365292023858640045825979636512296846686282438734092402
799132309789758726940844996834426117300040549186188777094172713154640604121256681299579710366707701279776174627354988923815169130704473312307041274607
170343354500209822891227242637102067920223396608283967966286959547236924335872702113091875359783138657971937933269920982592326337457540207200698328471
797470742725162293575533857803237336991033971644184289913549052779262357679029071215953838224110310699984484777385853343689712418056447724506673291156
752973336891513629739285836189698729792698162440272885361962972481266443862824058756834875206854918214829108510389527068098081009530864419565174384887
556377062158463497054036645650062985195181624675074385220736596771535431899894847295407753502212245384525473778693251467532928315712032881497383553308
1015784506717608529039358244725367292513529965589491485929061537802311072975051697400721489780616033658408406553415709794931475340220794477675826790143
1001474499923213597214058709101067980968294930236826283317134830524183281403332834715675774304827080982260548264554921453858485186056537785665462277002
1228136184389112208432321993015017018327023878775710508459409165547346342647652878331521930585025640238956424582991388473527791517824077299706007317434
396129230547098028850245085980094532127507169438865344535608692450114550654678362767867215572072164451427687723013023898649733133109553208879556451022
127669171136456682685932667311587219200612270351131697519512293150209641567737930340488849011127525432188111966510753476430729533304023489869248332156
560908745327441580754698895723467909900732307815465889501272784739545304175591817090563568122556565506637509513701451187061456266514678533001618475684
678780629671926056790790741748231257045653916049193756763622557807522945949445040493397762728314186564442407141321576513255110521033204156375663033686
1760738196879359086811444706103675987322641358422189524581846352594826545680525856651051875089241077680840709459624026124764535175853532076883274313221
2570685659090744490805989136279027865890251644398179336371204599586681361232945622782706736590880857217470657796561035336463262290827929538174209557897
2900831392443802096372577905392928370887636701618569110582972738625115877900338892914583578384984916384993373797636489929472432606988906268929639520732
293862388047262733355515796584461928055089740293268722100904802339190536909628826331158594838662121860075035623271147570937239262598533892858167234026
145684860422140945257945205183567130873524221518081536135843601611906362792249853696524239635634926888087978525277863976787397656220575394378770736781
1527780109395121835990174635590512192085034375424239308433875851707698043567822307403270266405513840487062653345728738012564576525749012130073356928452
2729668562539782757260215238008276509120872805729384183746223845967476924383310336039885536617914087731009036318592625764388488135329417534884901235039
2826598187876032500162716508346208371245065755959430481255639163755474812642999357713315893197431845836175267099919491252458703388921192770493711714987
2697294319298597871122562721119210683817670243263115823012344780379092188270592252726391239831611402793696244665865413262295016955223186668303239064950
1951790408920698257058520214022925586963664723191163550922192899976890374271045646399480945623956711827279740627587080340526387339971938362537604336907
1629543630959839422641739780164883252397025652527846098143922317031151460410479748997806361315194992146334656543929250111420377147410137281750680667151
798753139971610959822729430255022550745700088717860371764443367136162011164219052257614158167051226370955264509871335736512187410742319168940694505486
3221057758404691642477499908044148340910844551838577907759827179344209769868631355314435275441750343007770007233327112536708619436649981650746585523217
218798083858493157735183960422649122613593346353541070774549995455054897446766862531477140869692059802839364658559921483946538526050381637566051218393
2135431502544561390032980993200456139719266936707023745466647403293074415371733761827885237013015926900325155945767298255277089116318850423958106074903
604559948442748518468917684931701763486185268737632517011329630225251404841920182008995425079368721511659023950480556960513790917863494416711072421105
2374643720584086875237882179223246654591850203753057043255076844527328515570643448831913739804211629510464853628525242181961948266310793460615587160789
2327636195940458132418036143239078986640810323734620357256101540565343001446490334505637601517900979793056214425485218240783432869136045489746675488502
3216102186579892598649513607901935901166251167999199505482734454450867038906936577286917081911600221841392868616672214988711425962119655707956191180461
31764498285714310592917622000433944357709866261876770973843811223881649504022546438241825011045375841997479857412232203045508556019960033360069350315
1585751274942524533974809584115133960939319961596191727437896389754297660060388467970358836413426824279933221835413798597261976667962719834942917373643
1683990877598510545995300504492565539140177492266667236855857723518329922561496967159598063889611767043763571714186203446312825863746426127727293868405
1306896736936818007927418728405703565995707280545614471273690067393497100938518765300075274733850854809409390236104372891594563977818794431682783149219
3249121021128909455380166205438281847334818951354162031281319101054161248069146491375487384767800878373763223295234189360517129329163273099608295955706
1098000884404009741928204341835058978902479896794732923494031142659751208044276218982672855478038900769139490809919968704147168316381383153087061795254
2678639356330345489202364904048975320884703065878759544782577387822345983588244712725608504686430694137077566122718439951890578267482281184738781944114
959326859230140480629133603811646405587149494346977196493292767842371973201673767117878835990571204379604943352465182491761832329256360584072191867132
804534639723321007835646539733923786891949229244796761355771770583190229761197625091522555176873069959311876033788532457849655509435224684121861334376
3154514525518002556609500259304534780411884251958335195452551178030568994134713052315114122253977612712992429316210427828191648738269650189552229354780
1154781875570669687475818059451504910704024503109893994251854384873569553145332374301547027576956197078625532186696510187719260899493500846514651741370
984782500905263839152477907471017414657177491633547927891240618834670991065894410837772523377893038952879501490350666205305357790612640736236224863133
2011022555858100596315307749682185852167401662383082429153971656734861996859547637075157928257857699907774193124137619044182936584602104069457205138695
1321638650327431193456667225345169377084606432161936178181114985679858703418119410893981216907528792888940072422433657677944352984180231096686225180961
2748561486247776686271551336925581941180472170064975894499086343315777310005189005832594314238575882348637257682817336609533705502169213050491159299678
81801703816712294930970788657591382327132409151002268862464734610738283680320770012250886324118371432785749066998799239968762221499111197746837868793
2932795058314005482497194909463416815403892635536004765621904762433730558140929822876475921826222611236726362911400845518419690696305086469552480038695
830780139999469317937625530271940307619570650027046567006210475160336976680566888377933465600472411317684820562169734398450516243240650006130725105252
1506657786207188637017866606025813176010937719323055333220952912771865618872253375584929963768579702708920700599009019162759392636789048576607549741682
1676584440385824946367016508316416787248874007141821690994884063311568126420680307047238969120878915247121875348463673281719527159510702054194577338839
2176379357260307714529050625552974204304214219700791532890406661604196077349722075942667780449402443059608805680585491173434657734816348096537121171911
1587637369862735503610657090196217638847187509810282781541328884449693156378457267942277642379513633030060343645390483630848170575479587601542366737207
1297561223356390548958901986754788904504115713006817006030572718779170519821773881165514721132477877102068323925665507295861626644046468937917423690552
3243064994771747698443705020917315682960436944169284483256463301874646262658963089074984143865107967006720305071154275421102287779184003395994909688955
2292654157422660427279570406392569483550074491182346046464679776393064915453812407479191686483889404947986598855029809074449347697796221176752747067158
2565105316588879318067025132583241252169435871604032452839742728597735034195413872750153887983751319626081967919821773997898833080021087652536485805093
1292955446329496044466094636788174757422877326617768604380461762727001809670891890955908696296541986965694860728413401484113166113405749425642162070910
1222935008929745972709933836048008560321713595819135581862876039617668437611316684557352892336383827667519255113961094826062044786638500030963007932539
633578518690618025484541941917037915574990627869000082026119496148121458013897853622621294493042534323692413614511231219865382004822618197495476802788
1507697649329972885215378167134468430566210321611414949483854721209990207846616694084545986275262676815588545676236156024597286925044144286161484653661
2584784013108767595590893906560172712972054750293682224675149613266112374948774937273855550830056777666058937862483709385803681393882519884391387395181
2094221549233378463923205001215156145010070992380915441042817456795418462392641247416294018873167300084231224501615965251348529093112795982606852282250
3196499120057164509361462079172967573767562038232198167450040294347789274255592746709084637114957454202811652917156836949534392353438839390763421349026
2448234426215467192676767731762576071899435330047704246189725877594120373818876552373878011357780477212454702029922051669220329012135855744049811819110
1815367690551529302512544152224153197047832116548669566122255905153506901179359296340590835147732745704542504717921968098962174499580028945329908046484
1348075834613727025803952836427978899614986466786535436728144521747730145826528201963378908570782596013597663749408235699662838814662416066155189949819
2628109685013524068385546026432519186397715725719470293306834464392705395490353639537809080135598556143465863427968786120786374034764787625556803688060
1489958460008306883262793904490771069551156534155529152757863443252691640564293531570098117773061173584869912666909776873496494475601544644243667724556
2727820533605519259779247015471591713621416381127522033042440687722150965378523553425553005264561573521239732609490737315738515749501840478463630202292
798519971392999816719488825827491442100439745725251320726753336543028237629637290380477115952083505215631961105390118001320048167561190889302380919926
2033964589344024139147602629272631143086084537760530706551007767579195916446712888992313807644360081803452594440090685002940400233822982014952623058543
2947511366286354030304262035006480553473582962113357712221039694488381262125627821837755603213371057231417627948516117969948617796121176394938887335627
566529960127225868502394181228478188434526123261478060535768586337069328335251330036632916870254123421828281359303013613355048877762966862413823550631
1214943827291964043126049031406034626001423943612519626893668183527906123718352361297226727693689603073996531082119542140526821141139110858789893273182
3115275830656662019654716023515481909064387851019975350600771777056943793567359685976381065620697808110556468494388963020440064521829562107633085219001
1199056182817037130421410176542615915162976935733561725569045930133969633504605491278953811227979248986118379979583709150273581888412120407484133575052
2941246654397105601520650441074183554971884641402643577531416265335403110062176185507334835628758806510688739973265131227548626392591807934092500180396
1710839674766942970837008170899164184851658823597421420593473587487333953138998266448129681046156679217659115983020610486714321737230593668691520415750
2832011320663393403736599860283058358904079433531243606540659974823832945411843657499146695702051747714306221771760322245792666422791862823189067504622
1475747755907657168081216894070409609932664415068879349194376324275117780435411198246782772844443124245542952549646567136630797216495663651752161610859
37101357877077481933272490395413714931424187512949111321456836080578474935157045242918340542276817957023295375218556635245708991421380208878885978094
1417781745879069416094913840424898302199627243157497211225641250602214655667059653889075795607966145377473838033480377365635460694099935674982996556731
3031511296702118169894934823597749946327514880129307735596860071954428867124596597962587712868326177869989752103941921454620568978190398530884806836389
2408952428502670118943237423484148527241143002269016657556978242448626661919953162533410739008059208707475882769648096589862246405633609565364666093704
1026683068440540946236917636143781604852128845698233863624011724472607987890028359894585818914246687140989399596124566306876720500260076367822233586804
1288310925247465179387251542528760844720490359015190166143590145501566542639997652516170229600392642296445588822440544889062647767885082551629171516919
1596910566727262016060748458068151143261051300317625593614068461551170911412721029216153731434023414760097692684118528576520122695951373887540275254631
2258790777768327357437856038273261061879585178226680105973765014882457271507500232239204377834039651116560303913073191289850750915040207400881839945402
1184196687043412005492668206376782519866140334937275423968853531955692265865624387395292786360362940463277349600323320057164587189950693447912092446161
2392016400968780973732323723680074899778391391212294125568595406550334088510728559828033371571481730201022159203364218541960464945574956306314189564994
1382376563911061971382865512791353230521856267688512043400753617125922441337609224563803674876177760461958604709366248041624197516567535760615910256478
993862215598096202283598388414112464709511914807919717794273666793918787510936509194284139645617549638734805835545649642309698222175100998048863675119
1440870873067261979816932468516557873589170067185947749022765861615928212744832267418867166541036861166743337651539197334482641965132567808662821684329
1455316055609637290089637548646948232855191646175836547195028312602618167995539035793021272591623069114768420643063197100247008722232961934586127555616
3199916761848053787867321673476044737033767901920620590332437828568038615193822210744188449585953577097437162065728973443438129189639524915280649128070
3180796817857254976088528703707375919624398919159132066998169666781401213580146165226606022485705970983917550788462057393756519317056819698052501409925
1967981502624442486667042851500116694802161232207727310658346785201824638289424790121263660083760305434812125891189719391338301999333137149435408198636
2171188914896319923173401569721967142472502605958196506761891772478028735960356547374289259323982478127560258944911106731079726002505330328493408703394
544391285457425364657501218029666378905340391055256700794809802783737712108050930256019901719319569708988432168794272675970966933655725062696339439368
1507633074768702384741514422695542329149102280628483889598979816348562137021794428343574433622268934135603098910825905356375517027030816909234775229488
1320681253752028401224250086614626947474457385979624866977998417668718860960743262931814368327758005662539507507541628449068931147537817231263913967099
810547811161129233285399148199884260651046205448798401438248323415255403119868862739117789214013765988636678378458003330224861822159416413163616527581
2914265965066338013214006616098395796496500181553769093023778875419730455151086032201662031888058447794570852436677620451085089656363062056484050028254
114307906837242313416542952409935234956566444661167971317255407742623697768469696276157612391612115489826303262420682704023258017412532226206626830466
956768169926123562376894062116362380820985169032790970025750497488583834185356822964710340491323244941996301980467934294040588841656655294474330505724
2481939583449632765088522945278869939577124227741850481002884356582257907807932710144437098502002717340816363881408198780312946917808286717874374973353
955542874667737446075848687597068163850497325363763004541476147431114370839490145712508131404955433693331700876570655039051559490693343605391801499221
2309107715898632354800597642526923098122182321932216578668799815350607338063422871757000758450631108562994906770377623386295865227019852371424890951830
582761746846105425037087383772729730485364040260726436004413542017643801020314340491915916426385756239142738321814037382377959418988991345726166866094
891846760101356554268016772762758376684361727455185471544874650332369144031009001806729665704283021552061393684343158912262137693848990994016554659095
2292353482993121548170517909595271290630200827364673621583260366891046679225480908724320759005450254155475841927440372570151256896735038980450618271178
365908400248936952608612290791606180874405679152149158466584660526574984565801485555038917780688621191195336979933043500939555678732370342886562120718
2663724731549224304348756138015708538359160103529482060335419308938082967935438631070916648288155883213547211009089731800405199130033846313978038037004
2804352184117393209760170387383024653718859121632269736078882206267088609376657703233532409016128446137155691078065776522830303837614277003874867657480
2919742349337688615364387109465935303897754227636684536009391670234208642612947270482377126803311305499546985281811325066205189882453760398321059753573
2461625218550812690821955409191613196785923455904896839520659411797527927178971613657032101770315673042536277349043340613059254767350631311269837020410
294801860465521081910936745774508662889611086052374463276505384344419428886568314013490162903072444471330810127592002215650135750308240172833428699060
1629963509228584793007640901509918211955084506259522377940228989296488154858270053666651384021966879978837301225464497885950427182736916877405083966914
3212350567632968538326940777835070432025653978955289258774780866083445626517687914065212804075481639838913164212607071597531838823192292437044738480019
637509642932418480200703759706642522435862780194435451374133245295701287907354691238508797213413836920061128652244171765022424739798148372580624697315
1212092875192228852766156802554354081474076425237292102434308255963360807035998324301620180145339980125743408870826320637788189632674551902965771370857
925156410973465824116375898712610683849627212962195334187301181902980613941672326847301678736342642268223033045940840629875859318665193667874987875939
1438593572503697409759887153643864087406712843250765267527643558885641276247340473381096701140312918863478780940666067659505759526261771496264137147481
875020691833156396088508892496414714069928418664649576134099799800875249666137733306985668354759263032267163099700708617148938708105975487978026904161
616754978959214204513036269433922458093067306820366220150518903322377687890296650774004285058303589504476486818667367326473594865689255392518224825976
2683758094399024358388493312556199586161148311919542902693291223848229159630207135809511414640701630362063829360492241574073044818582164225314845638224
2659065868886043511691079207837514978660329457151458038915527635586052291222643700893264963574231790896527719946229769979210087215411143187005400221446
2572954449580410985060190561299888150742867048970250243245743461112071685802000948918878729845693010008785158653689964468585278948766533013780281029799
925679991535097051403457635465714026523876392718680351091840455570742740993580557332349256514093983774312259011741049441255635456201797855057088371632
2373829387945811508153346715899103381951603788942703810149872424568129203085078669737280261084124324308155160586099212804475238558259687138435775456429
1945638014495310276524791271653911546325577762878830351934188548815791495098063378904360131597528325917260087552832904276235949663766750241066779534495
2435120812574100442939793920841334250579658126138916292701245215480756277693486937094896307637212779657338284373797244331655734500479571218958606703054
2263111053062034723570280307649338145552354374738032524854330454696672939799948312529133220992206910460954668882321208524261028908411666606048882307070
3229658684468082524129297281566158480280319233425146615157442596554788432528114271960763091287020131233571755155960179256296155174107850659338499920800
228810329979441734250900620748516709955507648409364852107578618532286302089257196091078003611401701627730681132690595745947047994339340029838837177090
1163770336926678040270356216011219918529178452470715769024678347977917938815493638036124023246501977562185611120557855334044186961396431447583815505002
1517342877033931011731259288518544709845613093014330644381448562613714097749335241631047641345589293439184029011796605274721073568713960940551873284821
2042140781344371404854098455728129808091560623788547288864733645409794742676066638675807034969048438042002765174326455843605474205005866591610950500239
996165955667266503015089838435948121683274745233912287796287826348564513187220560229523475802519666546563240246467269177565952367200811300759976184768
838683064173377855170221720996002592096819504714566670659077677259183070912449020626809770785349940771971575093743429304050726077991934441080187061910
3142105652465466978434596415174804659036548074072310320919600359843302463481253825091812668284271231823907103716247919209466037552647202588763432402413
2311683878332241902435131488792207650982600817921129038807051374673388716520614903471192737106662962555782395493926618327360657689464572232895407350556
2642627127936837341661541382198913359280760464189604960416269288979167181644842909050982994726396269547709023252751299911819833377118836724803584907963
3138047041915017937986961159902481689405776885177803332482927674789789182536903114179087325935515726241718781991836275813042325160598190216364844586490
3053953420996651022587077745220130563407061385048792559800850290810736145853636754719802353341932538854717301048464474484753378787657089072660582149426
1882173415511106364014765142859564352392009513518123048839875393452862725461608655586284146932550252550476145945216632034927372292566537137747568653756
1412143312942816956172441588443227193489404872978984281365603271936811709028098900091314318239292583778017570563052984291333842590482688457174680932592
538458069422430121840071973091554873145403811682599806753471963649789715095069860707974809272355895221720246248585985259893172905031410628831115696907
398481369289718199298109155550926893840960688974711637521286870481776766250198345587145568366880445618799439458763023165263557923075502135045314564726
3148544454169865957984543119830531869337245013906146484747565435552608493545476469927401342936608242748981410666468257087679365881434374111984143274028
1767624630017765830245965357524470524951636484126717271008374609656416607041964271501457201052613372381214916078194412738213407143439393723806670227960
873326844774660466218727894549141108979823209598332923497584303377565025787797953844170837630453677833979861428604750455161350968027654872990647148110
