3600
~
40
~
2
~
432333349679
53524026444
463005662074
746278138967
360023419495
68694642865
1040001741167
781116345242
438113502636
704998702601
123777709790
123332285971
885247155806
139833877564
625476668518
885094821845
174981726702
112471404334
1054413555617
95796564230
802887320619
289693056140
827002222787
992651083189
51707522541
748212430797
553778186765
964016184632
700109134617
569493270079
301553300305
622744384918
346536777845
772963578562
580854862990
270198343494
708722072243
636819007962
199354198325
674904816355
