3600
~
80
~
2
~
771626606851070140990008
864514787277389309273331
608859033201944792205389
1077946081550067196554555
408995186074688529157066
16777613965833738967209
107033703399218136785220
1108415482883356544261176
161253912493435802464748
369011195944107544637932
1166163834155501930452929
817439024322179050285664
3296204489863737980921
157840885675350342824440
901633173704318770663604
119385658144780686074730
811423852768749359341880
36524669041316511167282
726303370348429359314544
336550440965557083133178
643416012130342968475997
810936339573917776490141
1494422495996610919850
75318589130513395804856
939274696699708079644794
672401956011115700878207
593248625270255660806454
716518254844926767796655
923022468169297097903407
679191313434614629324162
281529195312153728070204
126639627276358191568434
432979121776561274260314
1182429024474522621411601
854604262201636911091935
587260442289694254753378
131064443467493660185369
698090059204213134596466
684389261889617347638219
591920848965786519186545
881288646636036245614285
60407294527511833895699
306270088404835095529575
259732401011665037856604
778889801225846826539357
633748903396333954974668
537945033000887514573795
480055786733172496214659
24939731751231270077049
81992282780697966607865
310751157791322450940788
149910546648030319763358
887208023667045588382393
488223744947002502383352
619370268047120661458997
612192994745932536849134
370905389395748419971216
838497749019885391035862
264230470185811666872154
635125531019650276692955
1182457953313577995718110
491040239664402308212512
1118238998567687760954003
1205750586010628147032880
202816360086913809854898
495537758566232049033525
1181130575879144371909295
821888607417304217006617
1051863160663008883379907
876496728417486492087637
1204780354419564471065847
535188129011388814673600
712173008308824386886075
1084511521742354402673987
517445871308171537283563
200711283663400223653476
813935057261371136691845
1093705129848416780554267
1093246378954459461480337
95177298258679130037189
