3600
~
200
~
2
~
853965695678166746969405586829998021996560365295616160255258
1305213366663963054716003405214925843222167145948859506976551
112900409690952809026438988291815610709507391482620803200406
1210830577472630661609445847830438103579713410182109898444656
1038526459568959928951320807433064583638851598961600047703074
552564426462772724575868542847424993637237822121938020504260
704150651094861162216000176400328782910754652129516773543555
1411815883204216670506881015872637888326025294847598434914917
38030175381749542297319119652100567605980944485056791440751
1213912771439908396317327642782887514305200865547473403151709
653569117401253403267789091263423354470785174506599740935247
1166088950658168162011407898670994318443412797659334859878146
500865006075401115827400479539979838678198188563438039891304
688362308457216639317163529151456767359404192270862374330593
1250410339255317012560379115712782303395912801754587656562155
800049410515962976196706976000940670098396969219875938791838
984329277459955159804407131520077449016745941765854842762312
991609076020228935366242790648374636207800933244965523777171
937965239441088773144688315164148103708680217068927971799175
998111426013761434005724652543309569487803234672599574352104
372612126912562650617138608699735225773042706271532809381253
561727959405443485993287021044789445997991336960247329762887
402380141790845268285451344948083184346178044087449194672658
1202173829286926397170421190140157411592890706833042683991861
589716579710041849720962139301645836071755453359882897047802
1568312577635771951290947363788086882590737615946307972940232
393914854488439211159611453996462665911935715601946099283850
703708747071923418258454462762482681109529382666259464570801
892186681658404793598256998981537966126053959782485181458365
431716066589850472250888828053714991795228139575609893415904
1289857830989380088073790706981858808991094807325392573138315
171421848711839136073878262410779393183381108788675214749074
822184234161314748186955440145931150057805762619992223950874
724422443972383767204637394510841934742276237571131715369190
1135910442183216974708179287142904778350742844957443440121511
755946842226721870188549997543937097409596441198093589885992
226064276741053098185200437946098109206958229127982216014432
882213923373751147562177076923783178616763039767737368927138
387267304129341085424657330984764180155563767822098555036285
641146519664661886413720599188729684239312518096366009262519
1469761107369077026772386921533124928436308581915102875337513
479403025858609194751724405571547940472838784904262339237614
41046576894315448005660263117305749034953871367104270404986
1078878404402898282477390683267604829579550140093076192554842
1194189453412166905010824770400909876608854124440638362944185
1517813384889080005109642324504847965059422833845592566725542
360742730043538097440323365276065643623562234661279155255700
388105613669279704313316397418186439849905155810656810397989
1089821704689236181566269654522776982538923519383238896189669
1469461941749482613284726051670258830355296258014903995981356
1392797684506607723874779648476027010157105605090140229898120
1281131178423112237947676948519144834992416762054020787912654
246260140034520650740588213908795284983145663054305850122142
812527144002101387097618833701171435916064603548469712205641
1398031936754047906038700912740527763862952170244780855479706
1096978592603373267335220360935801833656153400684423233019622
1275638753019656693713510247411834500650861746042040617979074
31281002311933463483065191297014200110097488570950370959902
585978710344609091036313412258252951691112009367717209561293
1500469251107204808669876671991254393052689629486450072405177
987463083442482298244129827072096802457498308536068292019426
205219689500841330243237025178290604518990443225076218525482
883504436520731141473013067609591782683115851062250968785843
1152578644978882960080938499329023857942925227707366180921812
1563687411070385403892402137389253620868865999619165341564026
135943658459821000470704056927561260599512908398064863556643
1473543772635461028216798359821736482513568057751021478760941
295525422991505088947266020812670334046726701882618322760132
921268259096016843957880338046357666730771846215940081512917
678858989020562594541061851278515206401699714332780045831136
207589132530885799682198962329500254248367384888675715334232
1459586230035886773132755570554207790393073328685102420860990
63932565053455023195225409532304954052821732370331718078093
1130835372243658118709293078230060733854239941123032787798013
1419449855887741677440680114903902911989872445271778521358737
202742422645239057751723071023631872036744632245298127387832
988482056515988463787499374670760350495031020192249111136651
389795770543019338620830686306094815833730972190963371062804
1004234353813003260762283782702545251494667227090336796408890
1333554951766529959689314129194899436347208058552737471814060
649198144718540764993211862117347026842589048402252657104138
560127437442039397099456353659048380508150928209705852953087
1355701519886951563586467852903694770732057310688915638529202
963355279844323695911881487953668024449062880733203816227584
917454476275171375845161601851831430263607327527252655127213
1591116490842354285762185888450528600128324054616269907988984
151541365507798658690383709774504260206507356980383749544073
1370223875872135329591296542321386852559088635632601518726429
1448788842685480723464486594941367274249665525321623381679961
799684351483003507405804773515763209887976229591627469194093
1353130248782108846867367622736856459955480693866624151967826
1216581705129705073791274980350468385670120095502267419801660
1017462075011147477969059540252693274115773344980842897658731
1076473039135749059742397110989701588657722178172060659849630
1561587076341578572876132399704655117834106721222277068641399
1249893946207597527544340140048577061429273983712577262627447
386934426788108706454879187186441544061420540311501214346915
395889350364537243453642222613884769863775739335873503784823
1060661390540814013430103598793435454609162198634813541610142
1045909288875388552300239895071028072754161455389346838658464
327846189511186150468439324052431098261504093824395423986176
1229320821242844428577800701876118682361093716939033448102810
625884271102237043880922634156883638248235990372309936316771
739748763484101373130230082021089067808507924758991883074167
1196796642237674306275713236680885812587346557283928684117823
1118546388031223469400121243912786418691274704847406956976476
639596019924327100629282969088867800842609458561894519135680
1584947893302770233315171784622876881803975889387528359011378
711987533638650132667147295802129278671852396136697839455311
1437895463908594269042641682799200926783793129419178891682719
336041555587126707115718146200984284311536562561502846208057
162809134153632270123917829980176866477175095154093215455922
1130761166209556864353708960685733542049205230124939902102062
126251967405221806036821412059603625013625455496341948928051
859125372956146874108797303062650681075814292609447738651899
609643069086446445628954636925913867712075051562008949797637
1294648711071894518078268824318732615129275603529747241004555
1133605180086049499271782738397897385631303743401932056009294
235505298724476527406161018950463504892236722388568586534694
1061841207999284031427733898120844095290667408917020260171615
1324883616886953254663268378414561812092257006585012399012711
1569279386440493950224816352445052054181729136836532068101829
354064267318125494114918718999661643482886459282165355182334
1602777110973830609803395886172389594241974540175446386463492
182389300069476482785129063201751663012575355611339225439830
598580045270913212712399335515182555343811718653366837455217
1251403873219027999816031457853790813044673011147265754535129
1316471593149916107359414392996978071354472178989813472368491
526837876723047462913703160930002778633261973314417217691776
1224183048921673529272281793994977905132862789829021667104654
981712440472997145070007358129829639528666520330321492188722
498311711259435412586340690097688647641467846900845780768278
1303462746325374259760535600443444829773170059967023494072037
138389385458680184072405706049395610360275440678291025650885
134848112060185646956063701033693249297873571622730296276225
557525148059903393773237352890439086172457905379866753175727
304644963620065680139119769977543400390931196065332140008887
1092322606030727007222598309912747734824797815739861870685319
843274149659031073667739228287825961440282082858209837007007
1374126395177790705139174406406283579025887080551834983855121
1378770586876959216246093822200691150872721338127848374993913
1240576004951479526518719146418652809160619614545210516437350
775345048469315133325778458613478859729384697512754023281786
1400669642167457053534219090179896558986645779006418127877883
1117112703315549617926710619462440149513646340475314490506872
1439097777000859368221825734869078732548916606385830084326298
218120720162423361375826364088305177661122967618471706428058
285325061821376736409896232912962894730061312384398572680740
59050341863113800089284198865168998310405644189794440291225
1295288580626419748312470950633637304938735043448649453266520
1405226976504851338289100191127966034138121887895899045211739
1501083235458250732437754906609313746917783417027365647237206
1193670698531611165601652522912139359223390365007576622269086
898045769796037639909530339396585212005730884551781559507569
817044741175508137408758040035998825724166449498779560290135
844746254589531263032595411664275955399148897075205455638072
505880383176786317666108522077118478869934418167554013434166
512661729339567606135115668900004586893049739829650900324380
236083185634593923243834317957769956379910660299999835455372
1471621617133091099850247815415783558960905007350379277812150
859755263539294247258885770978182914924564478878079290121470
526890356613576220899933701156312425789904445277144070069242
324358900030653637926851001614193094239483159402635135517486
767883366878612394436451347086515671993213666802604105095986
64934186186609437584587041068127078128836054918049835269499
1128544530821085316577484453539191705475276621133893785021799
398985271859820763165350595860476433955588307243515435412993
905062327797848780537286403614413154494563973433039059095589
1236463175787644700895444251194618003562746593688248555581999
9764327220059402222816365591171407187209580710009665649425
1315066247833829780863658652174782984015065134847285963419524
1221063394080252354346121450606954767880004007431718463584758
1322696028277069508311026268942677118446756912630253201932781
708159295002039178472335367760743862913380797924466431002089
94326989709667933727520716595497615013746267572802958554354
1196900319067526925869381038652150147923400326051880305459269
643784396476003095427291741087548582375493195669877741096704
411643786216945698603355045154091509317316983518803167211504
303560509084470428707112938941374667289583656585102064799310
572228824936723792059822434985978758364296256013194483811664
1591199219955041741313741674247166373765613631526637085687426
1132703925245447893999300698112928572379642713806970659497727
1415812368351714501742500549933942408691987633893841980237272
118925364799156548164480114790993142388355345262730221048729
1152022268889105730456523927890587536821542942046624912292415
822182980721654425065240580227490674533771149881894010604237
87144712725909760511630707559348917437966797459145370431388
434348638213516151548142758032021937961347893995912594369730
201318752370012859800938676764157147408820363942452503369624
959844724011535933528585347432127225020464241141087406287075
254336093444972722411384223378132910791992147809491412878290
1416514967789880164484286745743964967939621982108570659800823
906694210495371459099034848099360549847772318585083054536599
506446976967404714876826963892264533788426355493620717527922
1326526906573608737108404376794587460040766430163579276805693
1572729456267519222266975190360179985916105450292634406485804
506552047616491287726777205538965788489442711049998364590690
306985835494481250968247076755717866307733178148394254879489
802990824617060178781707353606708959103579099316439402542462
623930045164890837083922284745738750267997942903597726986563
