3600
~
90
~
2
~
249127015754411106609671011
517922175566184698152211535
197783641752229040661851147
861896336515352406057249761
884807594379273472550427539
809662508763706555344680868
367992953107812379319375004
279900721269526866759920864
64767822283574122579392719
723343196541278529533907922
383704473892017170683070964
797595013505206070459526031
1211428616858901535915294053
687472807918916562037425058
1073914816437903221025688188
587855117621732437612609199
361551257769620697684625955
571605285063360004887425271
1189521590539366425110690023
429741463483063961202719445
949270924217346377461553353
683277983885762080489103895
856335401030128835236497865
414875742323618578366648266
1089377867091825744769034232
59932190510151175886290013
814724902237787803841562841
913566822462969829128935259
995289563010135534359553898
355185411712298954495240537
521572241051377542263948410
123515904781898482658558469
233847602031853189692454075
835703259321589133094069401
67012554480019254619983382
642922913656489358324826713
145960454146691481212963419
1170524547777418544149067267
47320454546813293587910072
486987077614878999777687978
276236189187531589871229100
1127309645002825791263693141
562808224791174312177632454
244286451103722223712184409
539125168292235116837408582
808210331335780192906340413
394202078810758513802918427
942716880879364328273473522
395915252764848601659882530
226726563629867640780037695
365967135577794087429196929
17330048784119843365665090
156784329609493624989685996
436497572965672223441363405
344889187755441567192683934
575183501670330811940599630
259871191960640104485466288
1233674164323141408134087884
901366812112748557606030305
314155431332741743475542756
297359336073283490566714525
1104582784903277976416811042
224386289549751262835907073
889834236177828639652316061
1037362590504956524952255398
265558846888368246538735937
127358993638623645760995354
711992045090060622500683086
630790428301943640447163884
558161932305788569920517300
1220987378045715244876333698
346803269222907104725774726
974816065862232835118204319
706799360845820814938050472
688436235374974684428832935
490363971298900220135807453
1211665431960653934819158037
149300682691592395214886490
857539590353811143255652156
152827629695322869056179922
303101639689586835638440471
228839156419630469305678899
825047726995440561720227473
1190542594562321886534019287
650728732744338460172571078
113684331178032407325245130
584018555552876653787731286
1104765487623310565258101473
519576516763048631842684437
140445392855319751048693482
