3600
~
90
~
2
~
758444777897635203924755357
157201262150410393713791664
1224349841185715346569420111
420510258063042901187862230
755788097081752080743386225
535262547981553905137191554
973680237189893546549323376
232258266237278687048982637
452673069835595245258899483
911667830173341567666247085
703954117714428180783396558
1178770213266445734265164935
163851628537703417865452749
617336155695533790892123024
1004863128316882477810013209
676284721881403702826512996
831288869603720176760404197
1210396221963873021551992970
247848293577086859358218125
1234968207387085342123140162
945450027626376318668126095
996191694938030000964351037
131476864377698455672817913
369672172969382449945115007
892839396974441236906324769
990061013100038425863536751
746377867342506576416158731
88868871711970852674958103
425784412788727580529825757
935574300190208086330815074
76952404810134307989035242
1160424155155869189168773696
310381401265945927699811617
151470637546052837443812725
815676009907279111420761696
171833636209537731424123376
814615450125901573835661633
590469392778536845794992162
673298428275017967888761937
358819708201922488926914369
847108684473425683566184506
167686771930864392293990429
403700212426457415581693061
216760711054412876963116402
13587926107109390091919608
801124918754027396809521452
723175254523492488951264190
374230615350915311482681967
509528019493376041768164914
284171642134969587642022850
111173386122456698328364050
331647664203454691188586447
375477223747579587016842130
491345268324891583691394974
963387366554574419446738063
85464098034715334906747860
208703706175985180722454378
888409724050711966876651328
1182196458316912009227407808
124369208198078573300684888
890920755576923412967542614
157510520196620102603733318
1019985517336674592908569775
589248382656083223565280996
114608288154940415187173845
6517797630240980614171721
1089894642960362090805929353
333170047515818514024481820
852721196283905307318982004
1220852168335106441443550045
204718851318951631142754673
959729961262798021559060570
326750780976622426766344578
628475872160522279487142766
326489424174533622990013587
622791452800783602542377442
595024858881668859901628609
1174728308524433874098418335
1002534858975849366180855222
22888973897129380007600149
67379706499593528329914443
779582478528273290167679597
571314477203573279502376198
310082904884978995255383694
538632783560590600446329775
178164105648058054074875158
170401698252699196683528326
134526104431637746006557343
167740679494306841466027053
204558126328700649460267814
