3600
~
400
~
2
~
772237525274760283261819908481479771505070724365068584557211017687186831949569591869468054133939659202597179306406313232
1931048498287088640270573089055069006852322680055605782909546440381731772227905709694827065655773299268334399918611561682
2037170372941826387968993690746568475292739913359479138655970888835076531017518465850611759384267474093245732758034687353
171352103754401913055738472116769429859868766592432216474244412452447244160738395310366063845162984548232759029147452365
1959931766768775339073277787422375412788241429184137427623436729485425172299052486875876795615514651552392080139612143681
1550072438384664761964638142446888384343471116956756046724584038583153951291151537114150903451112080495197776780594103922
378189801833465646068507482746181397012075827800751805193532844250025782299907392260377382900159186111820313532682037118
1108092205429488004022615151356436244410062715518625135676647271571552186589575102716770752935338180793930727589421248432
1082259524837607545976063488020891405965552089993669744710028522227759548631684167949367526619976879439274203983937485444
1702282786439209657131418321749238339373379746318387665371419410466028174693323897125696518283411220910718582883855643338
959697331247652396729719221063220220843660508617306871549055356471813779444837663292628958054232308030477123115347900786
590882003138825360980146408774419255687604439148870265320684791601346085474333049681397743113760645911341148064898039658
2036647019397232581366322767812272481912383655537018523774155159860714766634409863391379204481707390230539465067948616101
2213878149189907597801543681087469607756054772992775959847377414178247637050722868226713744162326290583752462562867590201
174145040147721674949338835791226173323991295967181425496715054290106174754179173347673418329429038190485164347698968904
2452592588655992859178275569911887364926093573257142274210508865956927083214785385032941289452011903440376242932775111512
2323660662972103581090350465296798349946524866317416629006777543927286723893304036471422370247387229020517944372442221265
2481030905338748578766433562247165999207471677724748006238789807031160985354416204394042840430269315307811303423694799380
2461483749241569625757914452930520980161547593033440431175094868422349657377844468112514750452508471869895081622932374322
753920153858610457690909095757245559894088413884968208014768844931004552109520113388858683099458063915825373293196225638
944510686495015297236886270090055080994524270052921826919958940361368700773984059063671441888833255479497608522354348882
423534655467283820721193824219079480963985523024753580319792147247397407676065175922668352652417101269258060090351861295
1167716556903142337240344830780837099567353525927615031056316569431288692367803335029262231319391910116316539042099100277
633065533213972395937177786575247459385927797267872922263774117699718968852773072531975228271714530985676180698997781975
1602126458673989685810977828450923454293984019169817598568863111823314777243708488449894612297412894863768648336240733756
780276384877769229377556112938558626285417723307280672750266913557381748635281119670313297237745622727381997818323418252
404884093424165294267272606102748619801075477700260726997152266256648589413832546312359435101535791180521669368962440757
183324794382990450138367421563830762865342533322906566514026769523840987945244196003585731261169877230971300731226755244
1663352375185523087078841811786468905610486425487214216503889016300237975748452865192978618267124743824205575865469464463
223862905133612425948286893278884660502421915488777089556339741694816532311021935457954844845717642287496965613437440761
1077707908760114606779269043789489697749748054546010151458555000290804247644436787938290982908315452168754157744632428177
793304151696708080448164547214932669241385703591832860683659276858208885371967470625795700062027110394783552451459839988
171820908385006728294161597478996079222782270951468593211753818573960641695261166902381048105979596007814875237997661055
18427728537155544341858351181529880240712446734351561340862783204234039898940758352947462995202033340598502054824834988
718306616012080778393165927654871689374988550699206363188665089816469644230144126108831744214208983538372382029232054881
687688609327268945196502325757351521546736541179597331939337125168080407801173063620670312831681868622213248397885313263
737398794957460193329573815144898928669515234842628849556166848579531581471316277283383183372945120088431410692910382485
2160500862915371633693909550515655975561959899899447425917972214210817994747312400940666491556606558892485467387449535352
2389792112875278134194838949141898267602227789543142980106376591205242730496342125558655516524068128692587172065729225263
399416940224737317922204913097663245752553559802227228850964171326779450473240623675216911694550815186617577011878040468
2410410288304695931160044241584663013392142141321291339980956543396190056075140965414898027631083910803073106392048755903
1577451390100668118189833743429658997910313791111306776732693346554193233847536693721504340946252595969945018349497640742
295523108633694096396719938157909525112639314439396906246253746506207547341705799979597110219016382407384149581605239420
1451758007924436869414320128966853269833539163258252253680240717453341429502212269772180762239712604948413350389542265828
734886953412672747764782275689404717656590460788757882271773581063725960333505165062019490230905714822049353757860582001
2410940253217298437572879039855476333236927893171710318795276322114184524917233362175911506893732038107248864626193407403
2198242228966187144484301037105484587495625130470243065894812903361296550686564074702454491967700751163403013851129956934
299162562026264035315841131693272735219653409090568975161505141320160393960013546279370809576564796879914473266410114016
2169449277163986191463209445210501727662673825569008937779984894822394545953634312593549369620463082895225156372190760228
1454268499420728647221304719919136586125848456217930538494545230651068957446120141386519737294535800207281127566838413028
346496619066981560098492086927131866603573766379813288306722126563131895376652352129623254574687793138939020792055078400
1555132137448400737332835441242720965996707807551251746435433576189986957444520798949826927555263849478315467249946748711
1785462163630179489463786518663420628497223236540781462482329663488022978271256064935924072163527863155583697256332399649
2257309458873640359727700690661567396968310627051979063988444852690963032132166560755727524657931233671092105998794352733
2027458274178537534897669377958278515030484898467152536610383658658694397248451011652599611222007043266927830355358333469
1218920024813939016253844391488440443452970809351056146087289855408985324645885664135766116220952480305370908567111648010
1078370821027428384840608512705720383768676440311124672730263262539927139714111518395803108152511808174493507642852168377
119789770720531359305169220875369113316773214373424652782541145315334241906303154487010475744417080549131563909765810357
2133375453600721461622247000897126792038289806205536771828805339929188226721870108754626314359573863268103906526351718639
1470775258627792617521314762067934398048253352562692283670491003780439682325486624856099845464386981356844553394727025742
1255239506158300147155511838744500468389208762238446845507678366936442408330587995243507016379736117912260454372967447112
260842736180455834428033000166022623851087598816799306515617809970489233411944838068448200746625612402297040739115843409
694513813030732197296367131695489615606163519737689762545162752802699974089170297606824104782738076726999747954760967250
1691102484502909460397243144097472835762653384135210996405940544284321596396058600607213402066925582158305670547725041965
482831457889539765754724227966093858305049746191331552343325108104563848291997770533434746201948412405955962379908473662
479403971814107377263466713047706856607577864024013573657028008340472844034649004672270594034602975731223909796373955434
1810277813426582214256524774290382429745937959945904526312714867272518861764172986196679026669684224860768454954358988120
2394534538498211755418223380864610271320155580860874305996541482623727642828230864489274754379856788891185824095302462504
1220311141020991170382036180601162485759509529653328005291877713365873754862428595421962674444581440445735357618439358620
1538941648326986764301187820860168821496097505216397430348892041888307877320601388012285101646605544562695463210770295342
394734933009742002666307826997813742380485163923163445381102269469295582884088499940186887057363529603909071688287972031
1890941060463999463554249246879993624399786351488547661511195288872976212998842867708696343238833751612363138110788529104
1618723575188556383652161473925224504351413971714784283068782450726094051329531531468669035784065400092842191726378778211
1685455608613151184500952885504534528384920671996026917730875001990276904801057910337586872254821991444024715836807133006
1833081164405488584366184229747742423514263733456213993557172206793557965879119051492802149645712638580983874399121592882
19268637300362309684132627405122157921765819918182684627020826876914278093306026061986210086237307445795447032169986000
1789076619061212925813824087612009646670728690292734931268098775297470086788718052427084497103364898648465788432766043724
937715349589186440875363990811805473674076065937137298770072485082502284807042593654745951566756870380297819501609395365
1321308964080482700755176465269252882150458665088148476751092479925423607573706983912319750980119726736326313007298807945
1569660957321751193047743201927031691353666305350207995770784308671692363719337721253823258023513644225111417561080156684
1633468075380743820458983898083456797845017723233131026880712339735847542957614049218386746349774468640919561291931528223
474731245824588342765152009374343415152848692864941715402838108391576896300775699067127146318232717703934998827658398093
1818560602527039356832188965895273622949796854010325702652530026839399241672574224176470075226304127760322738516367164611
1451370728806436617129266185158500035359751749481230456692627475014059580689040278165474813060104793913998456728471275563
308060827384041799290526586184170549635300033478903404885152305728829121252629770120590982055581825490582816548598676357
2222225681827142528527767351087787475713371695175955357133431150031012820398720014067474357417408347482864048826531457650
321338764269174808597528678281401100904410662339508698559635114167534122451809561962117053155844608813796471923926038287
49622207340687080370481572486474652123102503191734653451201440327218220326298283875426807381216952640026499182420881718
960586421947309855599583459529478078300412040650935265189022544997544592302888049208571208828878321086794719756106154736
253356025878644834799613591370509145527129798645887470773884699987292775358246472117371073264141704045678690792804647655
511520861001931093872618791907893452882030327292549313162474559200153928060041481199045828617248603163851212209540783995
983444633728868303013058933414825801810326721372313373679673722084011316687134071823965873766730645916031102338173425200
1338492404985712146928782058097749632819909284500859887594233147885557482674945972337477236447260431028340108850321220661
1957853740835731045950227717946382501515733996237843713359268667170922923118624408449179867770813180930483512909219241008
532101297721108152789190109999722164521449943788223025620788996657428963884715999890199803981327271958059919773142790679
490952294682441391395896741895476469416602547499786538763720338239276093831742307665880096510882728617090803926206673885
609597645755434230364380598551486366939279923187822343685550677981709099266402488017916114293845459679192223805418879061
1388487941756124582241698100667136834848849955125926464607631904752223877693673569914344674287846512263154529353033147442
2420676159136983903349492571203666790756571360244022342931051297131992463614407938705272909317608972814903066118814154231
282923178842445079524956880854479825451784464348898518959392546672707155975257719234531862890635458797627408218896293387
919602477010597821926763716161004417439171670146118048456511675658495956803101484278388008762400524726748077305831286456
496327185871135867989430518840589244808289470497268399099169978699978527484780401742465376216300126731862396982913350073
264362254277927625146413016176787642025894614257237616173106532754406136606227918476848384247753225136173443889350398210
1106832964233578441576405193600299744657171396371389582374405103943146350795984164707899821979546339617868555166654936955
2343276815406965000903956573672951279957847737390329287253720472744447790889201466529054818423422511511185551909324107963
368270312615296269128068151975105474909092544332921491601446984251931387816920154853423431148505623022513224829349617613
1326913439300370115010276776091463682921497107260994872883378292403740672366586142022246991394164523991930748730645942395
1128052497763935439483259512827798187328545722631169816068468159980707441791960687625099869711417529101691004402093786221
1263721808958508552182885291472055028909130966854151724137964193670332879228808077313966040821987695583010886787963497958
1743405462060864355323881568409832719380623704255625918372169654819638895615803933153656236759294137577317078048401427892
480383064438612516654041654633527913538690762499991538747989421514747396879059775603437973987034852830931105603810814451
1470693202656600988192506595539174078479156249536248416704443431627731480495744620544472595357123215598308058122189668772
510727188563838857760901653966241036790455275556413594790724153908962383987331693699953654480818434318433392048801660919
878150852336124485553337618510539553367699387953327464820154257646490829176280968324248779225267474683971044522989629451
460978197346194109776309137076848371158099988759982442709153204111070811217472799085320475533034893345428088788379369833
2465016263593980161195538853711073991054313508403748474773067212468279782185551366425473968596706688421645808954578405187
2168827063163787360799486472350486371583488834978522217412880517328157745044224676842776336847356778989194949166820824326
2276024468482476361304917719992884355021716641663513273855669132770996088796165970867894339671881119968568786607963794408
217739605337442595216906803729925170282095406558497783667082441132111523660200916293419099201799829421619074765170136738
2381740450301887454906360850550949408195045328085705859357074348456259737878175547183026133120288803390701597187308785542
37729448292053632868132699398544460064797264181365966901171330217716516099876511844915756836662547067331700542887961154
1681037555553712583483579764047877568073146633673717255081886883359145402288988238339752408686878371515908782657437232271
1878537101055438023170452068982753705812577460110370530887301010902209581353851551614435344912497378605164157618402283479
482273222924063619412792901332403793835324945537242520494929204659931935633081985193571749250398144604024235081245421502
2026110093141740044086646509965742052353854680829272192498163369927427864647467133315771540468371412103491643304824745397
56488486911788785816834363088752386204232864118695640138133205922981590111411192630965924922556120510943527639913303170
798254360558953144432021034095892364359826852518804824681537644744257727666461812910990954687540518706488947154692838394
988729953017442839136077637072865987245593766029148260923551313868630962877029506379703479333548421738868465306424582010
1253820047988935666004666963141507247854083091847799292374832275757192761341814012711602844423874151464781412921757725743
364746372371319546416359811272217149693726141491921677774622127193100400993233135157726152953044419066519490166415464925
927978647853872322124945272919103643223618866206841943087581217572021113421667148534749526149424433264001246895705649963
1178368176918243584163615093029269108429211455154349678048295938047298967182126353214774689895400417868748181987345946561
527324796549413978282279000897742416124436275847943512522992385211839985686329313547042481636743349148829380010325009259
2374957872157734233622704678794997781414502796392034916148176668733116685940869026657456260438353936174420518646981056946
1277926909187923627127926587581599816621778276847732060312835816381223438666952007401661519437128956327602971365937837926
1683468240249358613964041221830560441744837160519375666400624435481450419513395311406332673291827341915495168551739807841
2399899012975790723263539788989708862993981030711042999004405502733709978686716707162142716970977601311769866868300299446
2502894649904260640128561885277902986162633498049940081823397374386725430966668231112760742103502877208918861905786210614
1213702381459749706043584288566675528825635850014643622977586426926133365553163618020776161851296111931549707707724252252
2194356787632753833669297611312029571141687368372145756567624653313935719730396151381579587964635338289412805437561781352
1989421373806037168212634058680693857040176449755768425078274909369958715145285699134267567349484136614904433447199107607
1741857614119915034526701085634014944465044876822483983526960906514415915625905108905792591795824017461809076011035734040
2404719170575657862448017659321158454808990467455634567526014869753310872929790747001027691462021356799010580832689355711
211189460289031759877782918264495454607299084520962793951915791094866902650675275584187266305046478668607455271748166947
1913198755352370945249372978302413944616647098176461079266392701076313377112584950829788037016908774544271736233880088706
1268302922490932903552861425672403750818514634514675708160718921549602337116873412715530812511820118119849643219190586794
801767148829705688162890718376021849800162102768655571472070057863044286773815951050309198722393073471905490854948190887
497426195271567016835731739628104851195963928868522358215904750607548783361264046537397829701037253964338502132764156143
1736602477041338554311089478061526231537110702952617877260970623710903718324010761388890657693333676836429412118443328441
2023875691883134234901442182119707861810916003848396326503281079861200710062874366067698553385807082731195244409083784415
33271127380636964109403983818127926632685176745654219223321255563666175068800869413577334592587767149918683914869047168
32521657890210515057839962953591290050803920540911061720621751153500184937228678398171491136353052600182402225021779144
1254765775347838530440414890316929453773000191113813496844379356339244639159706685383233934299879004847788513464605555239
2326717506028774609740394994634379793585696942825708204710839974468146410599423002348216212754293807645712432975490265702
836955512390605326757060349081834726657039344839172553185882691941281757345612881042923722566734416767608762723182439881
86850748026534808900200106336532037082799339240825395622336010321088644664702846733088782577700488012206670180757656215
2155852545455426037704463344936297305105414136192252764886026770044135344057914927458131273707333890355449711819533146269
2205330756040046288031387257984490409568912543628565755134490201255994324831712370808814899316606856889916732907063172545
2284978433403532231567596247497946740764545394030468410784802091002132901852796567027600745692720493078078593681556309707
130811107251604241182797764334382506767301155768560281933983936336415962615407389158560982774766339103302307486852794502
1910690280665955572485929071791114950569699842585864835686767205532457523421233051287649967908778523026478121769548537640
2507166424807638524258126000130312181753697738710798787150541225019259560529892851371883191702772287213591845311843065806
947799728643410653211749725061283535056900908566630740565350250517604776656504530224810011840941088539338294993023852729
1340836781588657518082285723821608192879337469558024255863466631064587559641971381277585232842087574667692688111763313776
382669051236643982685575213706652585731880501154077508922358732319625293982194185012896413762761082495610066405302034196
2089707364911363641645390222477303625075840364690841579099412741623491639136883098225110981768636612583788980934282163279
2305197438636277209119246234133525489790190963949181775751032161677139408106654300851437499643378340097485614058347191626
742247825693798517660759202842037385083746112696561163830537114097147852100752055424193834591801675008716200998294954217
1569755837746496094611588313580568351459356816024884695177899359580790036249361384092847615924880883871807493361743313122
1164063382777988854373278166433380362711786221048652554210810862408689724637297735165807442585258272669165656270956205968
2321774329180450330895167205108003562488588009761804727772778383883823140904140660028467752376449962533785957333455026161
128567588753833824524884534821143210960587098470201533569292795773885331757853896952553825117945012254915223658705169803
1033458700670080631424964032144450818855561120639764987252414160716150829725815595869173874933775462448611335122362240089
1350871906971170308854387844291367009879003511409173313741417043251592944860027306064481880306849287521032043904944809468
472211555426857238154466391253102368072731828928469699376351974335127036946997095870595656290485883838185209910672387949
1643081906991777257016311931565926255767834605554118010058943201621553110455233514321122878262795286875278532663749592185
2056297423022302929587110875012423792149075847172257521431838898192012806875050439738344864726962229376102744738551466380
1408193368641943480845022127829725866977478158660310487972038594007493315881795130626845762798829266910723859929224923385
1268900609134365161208570070864908977026760692115946216363487971243990918697451370834561669676582908970571800507629424840
2000304935399745211904126150771455664717451494699290315489933834152651800491041778089659756676385026169945288853479047018
144759796267830571974428172392035253074517243834786832561279456375910737100065359917798655589985007038098535253403091186
731614358756071537209218005259382641070305549078242672119198980397892149755760492709063656051877573599678796453491738533
1267347707744326896817540421490494786595038503379348055734523124017675854667070592081563960483358459048419733984082854421
1443341600421915869632603785259034838540163657798044641851794993146741690846875803491590281032709355052829107074355298473
550072748742389483928668694477129875528166552314481757111105267990331506291595694548873534941411420496754401813519388140
1711563549043413954132469974078269044866084309510380384554374689814668956715784794242401006703704123701488957837200503046
127429073327008638520274380157621834004884534156504482644263263282365764663753353398476416675094362038482876721829187442
708454359729988783270945462624165017464245414710516591554839392707883372415986135760232533465987716792072135012662452793
2019077937518916217480919795524678996017001386734024948774545019248203758046418894071689739562148688254842472823860093177
250639558222685423231308753390510086739261871457341635407748433699956610037299560536479302192706974391588101944417749295
1781575135755951041379407753449786647665283321854009726058520887472545012157045080804955003786581708932549021309328729892
131819040428804953088207924946829841364516827399165052229937639818021410173221598689232495159255479644773369976667854355
519267181800590987477864631647963607159145269885509660880652736119287007173960308497691393255861805543387298395712652138
397506070904868710053966773618201347802140380256714239743143429959336509721329411700523396852110429950920718246435088364
1387635727402850789177383967505143256035882963754478609897839746769052775542995723023249370211877132425401694996745861008
713474626453395140374249625812575373441246040860222212912664471860054157264650463824374339759931150945562137032124585914
1521163601387386984640433488090505079587890652479767047703864215506087431462740054816504085378576230918368170672422433145
2453922693180413504791659165893277730544972750557862590372598905432081776734021136378407238577544734206118259413247274685
1578151668425529717597940327192109985259774760643626816178686815509101085325899570372146066568961921949190932900457582449
1910757882518826074973107092797466966124195803218584216843361531631125806171701406966487673022252507888423320635768471209
585138627371492918279594073141177866825432271931167402743633432963102679463173832248023828067062417493581576811650569844
207723694359653932823603817460599364959787349451327509054907295151032713613287722353194384141154356237910693655547626153
1625119687144252780548149211030269254573467516464712228512158153503284381806739406862662143002902618780135127243261147476
708001081966369110522400794913583990790652066686862568312582661347108730075228957512509702361945989867683788933134214973
1516588354081885652048506984331332594335250715638303561880436891319088172683600468257154463007994335824222473581559061785
2351155515074188511212058893730534013290260479046777885319330530701386936066457277950988022587513069185504701755216361537
80401052242820201257880456293547916189339059572108425243288788350057203943704607367510766498251924568334160308806228590
297132957310906496681892877181072378366146418056736904843210179877612396780091984896096334011679188245301497349674245344
2182804824172592662955041173187837511433910334226892313441477755343961675855667259722932798187295035718100438192866760215
1900727686454800389027664345417387185196368852956332487951011018998052094725132264821957641225166057145546153449977763759
416485250075198370507647721135276462846681467196117080725366868187876903296272765306241052102513338613804651571716172393
722504223669350969381363564077722877859487413629003124618067803141044316158175847858312162380045366629222584644974412419
991602135952812247394212435972945501912004790373538554288013867913661627097692031595703696112133350714987061696094989018
915022790375413476865598980796246202429207906037279217037922204314445769931802791840569567224628614713076010534515662513
1451577854392773101098196376428493218387825540900805723379808974040317069281593826867171455459518085282859110261486446977
1632138657806760476709066798610155750174007780722022826705493152557558546025756350515778316421708002264529213121798164647
71778572078713113329398766903395479806599282189191571816833610956508997822372805998732865158152262475883191640746364613
35345017145842587652581730429809084344725719398593287040167686936989482793170124577525121586940034049572164366390871307
841850251142577421428816106979305804178607170530044186148583229201176841005239909410343406808727896161592891823726327767
1983563573696267745044178905396614146962513795042438022421970961597770332089625030347771821948979157315556568959032997497
818791124211526579426582180266489497796518553780656752669304112160129348257128849880565090906307844553769193569151858703
296483866104179438032323930974301856480886863907053576506388747750460462600677327297153420016558157143747263143676251556
724663953657096590650761014185598914726713083119626925753808993995414163728299941010202885465735216389886055359790538507
1363597906670193081597926768228250623859269880183702063820219461117239697570700876936506599110173375040804358257818754774
1932197892200580437272520846133412749329866896299415435989782443817710947329328149329465730583234495080907377969387151211
1085403396057008368793780225674762777180913976529001571453796956370765204520912890164978409620330953700939879676932316062
511713480074225567559991458766392117735964315234152609799336449770741314589513656552712720469294971661497284664875289988
1045685533423322887098178861991566383264492161532912692969933873579232707263053393605613257684846668151876946013112363304
2277496765733623599847178618172538383146254083058520854935524324244399913277822802299989685415463675903264065746978852898
1016858766475136594086207517771076358074513661732230344170619084399833286895053392792667398702078183204884484972716752009
246046316507672420482615030303526358565780903259686963546509035871990401403747344349966098493474820712574857007596719108
133017727197616280368437902028417278008941149274924100404464557226564408239326443251759333235785844070710565525442526436
159457776922700117075922820333460464262318215663663340980341312380994649959920017936893674002722258772678888668764171016
1165020305711975634047902130818661381899586666367988109934819840174950842385955820257415807976036370067018374396350649037
837331273327364923627626807038845693709881412990139326478944979722375106469265140553753129022115512511664339669361236196
1082842312739463618762908941760569030999988413471156226438416946149038921765345194643595758411331402447315295218772135468
1677036495308978385382305533216242368013726521644839273807664828114351264640115531883828441943705106595137015666672688636
1462505373030598904576559472855240071322020254540254980589325091790269208562471741280794376841973522859459896192692566089
2318411555122559880235874430932785561736929386252614879139947395478614693829635674023371479350044617092541942871246128383
2043397122175241616414022264602412293766388268126283746708596156165858310939351941010192861285646109303351508503011918187
993272606858397843604436265272213437514867868191676705266818645826781223659673401691705493015548572299500128729182414053
2352317761156418772217213349060254658532424518872681612114650254879509628798748287672648170600116065248193219894511962763
368490773959465856324556791037807615048155969092510575207836772194140212076507835284663990406701078345451118272883305458
2523060530261351271485254653498223032995197059129540028693890510775796660040618131052355180051099509325623729515948508561
927954614562261481265646752994425912324145477016870833681149233955460972197114454409437073481079038936520356226649914791
1372170667913165214232879268975389619555059904116408732355274079390242996076627083707975003087504749622919873566872094159
315448916270786000118086145317913200119761204827223642031157215854903121379756280778427741940776575579276789096811506839
1466433730188311615890693792533733073942161372392501067705374133478134280112075212177746092630274747112299079434952658582
1453416734348592805566690506301355073445504818704508414345044099556187894509162852587251816442335109406978100718002906602
1962021904588746060493667134262096030895209173580512011889729552555849256419282155410106984868739876669162072983700791796
2286665560431219279742863067008933015179591353284409619324572877112689770831096984890839794151650388698386150513896171845
508032581451358200031552652932107599699255314962981080939418681304855341430196492948344138828322538804858726327209046509
2484431450495046407848895093015416397013116303909967862904616388236815579945077737714677577300532910617896706464750535436
1661138931925590705567453845672311857468608217365934671504588069911029330729220985896240209772948270044610507257531558279
2190968225661371404244640827232977358676176426280363588906694837836531981663778213919022798189752037439334759707544170085
2175655030651460177119028160761453532766591635968580959572705597379737735408071268343724235487070882634918446163404571192
1399435620106062556315107610985725309677673093085012678318867094316690032172563626743337545475891769133958867268814582668
1689371363367186217832411443369480013086301014203572084810987588536389388319241820329548479909948335892516472973616566408
859491663025467956593110229320585388112677640041924033590769489229957729949692172870575841695241770931123727633921998499
1029668320167553471499270467571465049118591101703675050441520088814838176979563962722392211350666629516075789107657763393
2092094374533765852493823940270051715832836007474190321664814478650075605251560979263604602244401382753243819252662741306
1808086579485930748180978580777560559927547009268981550745663647164858858392387806691307188701062480387934288025883996563
1855065474205811535397533719885915793173461021420609130529378690433686681047033060379088111189724516923889345301469619537
2461682822983285648017101341036244354591045351475720022216042086549022488831297504557244800480752129779651313222763388989
144344696835002617369708288686034289766150767238784048015601258189591813733229382571494887332998183969949226789988022306
1430122264206183865416675607231621818319320638774084493651401464542304121500129072916985369025105738499940284267980628264
1582797134359794371459110555995810952825667295999720206322805562986264665567803072615382491538347907430792314544510044504
1454924945291743915587038075513030290348616563005025505281812532916695302180919111514278876483653130594360497048768644466
532058823589146350265561647437083862769127610785324587862864717000070884135053164917537698914063981090660750346492241598
1379175963137131601983811543151817989771202496171158382477231471588224075144183018035695108210673273184117773706990325357
867147389002250948944098891046432961103529259078401655672890347425068149747654794218128148817459807701264913608491911688
108955070864253460690694897258906375960346720295004194564245963401199587850281976606164771314666088877730799954533006317
2178843928107748138579800226049295490670098062251144745100828698246671175037496297376585111895374862487023876002286934268
973912816540010236675448050711210506664608504311104899061551875633780335576548503468617843397433835640210419638087876410
2201041716338330538309585686281450079420074355379402086268016628665122291340500794835010472374670308139837384553875897239
2524286172829895084588357254355288346988386653161762274638849420489315713274349139853031211762213093423007642701502503843
488282705341524890316625676470958025579503035073504694076837055217449228447316716777054966729965871621417818307130701360
1621369104392215797946704402779667194803362118609478724090666993993364000647460762463034666139007345745348927419740723816
1022182759648837469330767465318617026553393189798233169203828739734777588216733017451194584989421112620815189587734540568
1927011908787382071460052081294918438374460479196679398518415307584122709139365474415442731368923944657494192618930172020
445072556967374105946200313051710818658307634453296057140916840549876123471775814528872137504449233006061599897437958583
2336586891738198244243076737654603381638350674838320601106773000094223819737526223134876043844711547501632171968075481820
761737072514299353493057788055844365430665069741054831401167244650226747509350320037105486303909694078350040323631394932
500760700970932035895980349269394268405368002148155449237372268690465574165971202889807884849984281914730466613421042090
1266218821346922053359859894372831518126619373761782420920394988017719400020326846743617614049131659363408992469875270205
838838241135599313641537415475745883704122544252952066920461654787245443326818709035183265724046582261356493087519941948
811583525340298882352249172838761916669668350285012336861227404598021742865642088328028092231340027505313220731602455311
1316247701599744805361476197942069434446050023753685832556825490696998215447575602201686253066959945663210093358178042140
445311023766602582957461918475150435456306017101481111631626478623389720980052703223477185361111639976411744833310266298
215028057319807131788970244509301564467938379149140000676856413074904614046917596801997170053669582563099576611939690595
942818243934758310457328790582804996010527511886816099168190304382969546054624614767020082925671006242195823464672679109
901836191492334528424666781453467462120730387280741835808324435845486451358725866664117651264242865119974604425943020108
1534084282726903531001725292317952011624356771632750697913428375479821868615535453633671221258756311421886546074422725881
2165871305219828315961205881836526040878842065626605019368714885691603947706196577083138230720078222665051930340237639784
1837296414630526076018019122117158975602607881472550624401600590683892667614398449346699418071883361240388477057292785945
155618300263729602680268700075229828238912611413256882931526185872286906100245438708444899826493064543554803283705881971
972492672659812572049429105301479307048577850197435607051568974167817858480847601899537816028696063919235413980832049068
2175001681955230022155518386574442547382839469608327256386314210132311760629429658500828771878887548673735653176996128973
121787556203125634514911019789868316769960894911923042542644676211996671871081469924846918162414393471250904208064435428
2241849428050119431597066261194638477273406946425163939066110938568211615948362006289711079871609336119327149732530348279
1072188127788808878191634098117195313237010890875783496169336557421135865855714834701222135512999354597899645893131896686
1876804856188117509673076726055781446547357128273399004180747557049965167373844161074473450159954460126384359486388279195
1783349083937653977403684382786446527931570442913537511907058828966943650450435349702985659328686067169969401789605990925
500488617035989569889156743947173842724922843341876572232404098377665799863154836514934875841076293693912458221246777907
292299850988080095073112995418450278908129073738727100131874246776742460224361135938656859061352511958028568967858713768
2388447068653130366212668347274857010440613033317040202466123693196665883044466507984835217599558178739227921769654846632
650926654565705733930924669222174775896952230455867892065932197420907237254380849732310902955259356468028342954377124899
1286876299144157581901477137500046242276882643913591503523875386196798220231839064348951036590564319140774049496546110432
2177051991931002701035059198708328210237382811411011737952859391673894781322446257207711936863475505460251033331492367933
2213912192866159848472704118470719179744981644185191727819134026940598722165724690744438770602564240835033109986882402974
2071198327696012013997952317168877638925049054172119963652476702269437260220966989699837477795983284154822013378885947238
903603373977807995103140005839461651844326079103885276490172823973276199096139498659117510105932306111299080936852700495
1023044282944592691968022290296541936014582693242177192477059489669629117964724718182589336525367887756300084748041666951
2388513670801922498981460418440025740983253083096038451554906937349897306404191665048513285065648189568201393481722535682
443410488431633176430586541890839603361263774200543409027930251369098385459487412867361482258859413856145118831742118094
1275776796968666304557291536969020749831011352456426634244089820192124207979215033210186875710269709704155740120654398955
897888096426183951007558888787945854327375522499420082479350179637008381246599178101453873604924270565225094605076476630
1519808789050145625235622089949513478035875267200056273939567973719629724775403632826245741915986386462991403234144257525
493810574783360602004670809924701650767503702586315066660132470839481480579012080251372542552543207495243283126840738218
966758482115636693762950538022271099125260901346638063361587380729520439764323355010456151182622784238067640662344078774
2510919582233734494309735419948428352223927904328645402778316906540607525652014837863308591231387572858264592033493575678
585210906894857952883890910362129703321559419685554211153798000575461744693332991207873971060683732960010538854770395019
2136176701777936008541216825980627097345839220471819880238028634232240338048566393180112605580904209171862700127933004387
2139136595157423814497334819694105678259078547788899022980539180073789456392596464151513252893900349117810262075153523965
1635785528351160336280890122367837265007066798796634837518450445848238048506183084564907287374548339925939526938984254475
2047557244605122399685891252725751019015797070366386583768826518239968998735512776488233735037154016749287271756641159639
2454551053678131259017231220533064955906723427378237453406100512828542182745709572307096621964785969833603149011526295581
2016905386028776330305083119372960207164580774901353601978597391433910762818466153306228499889317194651519340178325187519
2059591154600466258356200520063019601980349858973495855454137264538628367882762874674002151412437916501773032766378178758
149242245100584444148652950408884825895210239248985552466469270158755704530220843776666245490545687342702802076675055158
634452873256221396859694556632779755344104392702379739059555923874243196739858180539824298376630546113657733593463989295
1376090055191084599416784665695624762345317922959218806958325712813823737457554555263708567263683919027380938325510552419
1996199885945409913497616830235439602939250531895200726846411212596807014071422981533460921741434554913538838952663646858
752138920927143666022717893610152169005599226265724629413681000518219226259525382417163479956087670386854114703212121855
454142450101134040746166529186327250093154094273350235639365341589283970614768821986659458054520974058296777995906076303
2432113085676197656832883757414436125818187317084529215126173226522339589745189706949768042025381949872536973130970134744
1937287023139123433214159809900877347881313771018105103380877624314846037945255850033682636528890596848824587313116134133
1108381356750707083933095097439092133477089950977574927739091290903886683804086533431297638064949697965664926856382209757
1341962398745838072289468309618302646634550191983511280489584756660401588730611050999414706924295892537368810871394066297
1260922846010529646926032071106167463321569791069569006644850323134499814508829438823850867463256335701293914977999659351
70554942524910547036149211036912328447554228183455151857252435386646687509393194216731483215015861148384662186900396378
345232355485163441733807067808896166904075245519265834176099424090875058550342974117369627769955333817854352841448255025
103463592049754636562933393185661970957574997103312534535894669034116156834419009462665217661715476035046270709473753884
331641838704054667912941744742786803640918986988153144331600268202631853404922460597480812526280772840812016088090639669
1094855232356432935121607671167369088574214420279955037814107615999677480640641676743897632512879482054289781394046111609
948494232825457823343175376245591579066799580270080652444609021484362438841790666112513910946594217269136504869171502740
1585972505372286689641812736927182981189926245928004659751021320705712800277529537480017953232928811977146493156171973249
57138249218664339873808398945526745967694023887110981280334067495554797362160285362580772101352412148423338222035372507
1737777555386692638979087194076245186693888612820998132353486411996115582025984236082899188855970609791740816926187749819
1231755621521227048745753680284384235560079598900806695792323486392790089922068467657601725050853478633783226401958119003
9767295639361846124641179737386579758774872954721646666381795326759146441777059562709378426928068080274608192244047539
1214611537552372358991058635960958388021827534672386927982650556555958707879571018630313552926130109503377664162405865776
2249710839683654962891142978380030659498623249666315608825420701078977277046869362817878675377229287056888993716508081430
994526855556088813075968791873838518686492013782269377836346614464827665514316807044735993057618213500116235697912109290
1822625471131654652950871740127398507292654558285110634065763966809691602668882165572454998586543415176607628802442810800
350555045835832022015415175317137525358925820200151370152231924222759903404575583267008725805176844764147470980236223062
2083989119994236993319617166232622294312832184987657188861202414136204871246475981275665365753784869290457104401244260137
2490187385787125108337095290329084622523466068343285351537950377918917346410673341386300415639459115275695151921846678309
2036651185876268568051144101327473270691238909092007546154521563623217592887508765782204381814419154633085585662406632209
777806118174450785130092961429012086824634219907462648862683153222792129201492288971838906436870058847772527590893650764
1583368055934672100451747898704983739792134060769070035564880236202986045049984672201698886291270054510316912605279890880
1909279882133208293734899339855556399815972248954417764813708670899048576117403743615412298373667629126004955888185817514
2459036639051197750511653241811866091790365226578618733265495447536979225975671577328362903793553396062747505066686193800
1459205403382819068413638121402970072405717512077290851453036392103824122741389353134081790037004955202795767991753023509
2204288711591369785824598716917362619329977195466694716345026251429197064622128399130377816636066245230870699071814366063
594502370691092794967382737556153997484036406882176491697718610829481950819765344611102135336888054901403439671814371823
1561133801694403913573029156981089966725136835189687396717715662817683353117617772650342807094345411863221033046046999877
1792352162888707147861639092424466174442149144959548058104597127318101848380431703359860110329811623807923176017242981969
2015264170412600026371065583138385766639356073280397884954385121974688987978762919561467568612424517582151333604195012902
271907323620390948449165688446376097159890591103599772817751728868273887206881134349679925383165599101150136450349744714
2035752536379977220561160420776204758640903025080931603510828323731404616255448012707497841795627205901159775644531312840
555666647612614020069961682718283446754327949280552571938624232132369165010664639323768976417871703236952748616901783266
1173006440222099002807556119496147218933618950995357884757855813329087769667987358585475432378647105337549530433641953532
2167930726804487000582877540492838926063419467566009005608539455409761494126433775770379072555963302721729102695416812398
1071855888343697596929838092275658565650812564619842617173062270802381769761954022645210390529595835228881734579502442622
1756120848931059996158382525575059223544363189557688128775747889140162239576358516402579708032761179401934091538480652936
1468559232869215374859247907552545398605644947169500205402414074849195524362894117191943067333667114098627406345418525817
1450753078350123571952103216943081901024384343219117614848694729534646849243348043898146782577136590128809442579678270015
37676063703879398842298012868850147043506750863662264446163817735407717666696472710594440685059640157249776755788033479
2003765936382326541848713182237606838435739350810054431219053536760876834432477543827957665632059382328799137784489334537
816929302889428872049709509882521960331167536797703247704685025135707152077959890974293905802561143264167438741483384503
54881579061272539222990328935519894610236910591824222239590800922124446982485387936456709883017733059673295645611552289
1754865157133082414283582332760509676009618294483349272571102313009237624337387112640719498492659779930953243077403924466
1632875423715288327483827019682388539443635863052648588935142943763443414130253526827329356230771817299432624847611255752
165934159051692669928587288643649483721739696429799961481673949237934412583575997892758297293201362255758561678152509299
1958456817364206978091250131633431105354621422137526355272984998057429054177871721668291005448135643461152413264713070493
252339927093066648422034109797029201326242044559879064501214510317979313601334842447545852341080550576307798761282223513
2103465397334986583816725750543100022682529009568669262644953975266357303931441747288675839238753481218773675509058097598
886239792570484490785060145120632539961347762482686280017691933616287385473470390277857754496597166081332675320386526746
2418695497693469858473222346781056655333067940908806609021192392761917409049247055467935599962459896162410948815597232060
247734817893289600396727599194615428921598834338424148247380066027868948987611032951778911779646371089128075019111013012
5798598805967988201540671318194708715035034642578979401640653038680911010293197163678171538332749114376104196602344398
1824188981795912091476379328159065738218447939725010168465196319821076272831191734313474837889600129532737620969456170905
627818694465494224340175545226362185383333434769920461648926882892987625330963889654481069705929565064093449157694333551
398860079747212358130374536524947894331914390103121301902585645680410113192487299538017769372639118331206155625123400906
964455041776948269942127762089096660313679827230437252146988452206039259852671186154016203698792440205533568510390750154
2375339149798239540542199994519661513841318148692011874393721880884425803450313599252941981832891148730736650410040405477
1173725212414624660968913614397440358359498526960822519794014028262255031303084203494734504201910698961439104859753360340
568962249004197850041956089379179343974968956913811403671970859336810278396076817198990251058015730322258065514670979303
1189527373989416530653213084891002870444792438592255548323890663480752592801172098389234331756608693371790104988707176351
