3600
~
40
~
2
~
813073974909
884819024417
532000301785
63634200780
113453232294
676956386388
822203842486
233768514992
769300798416
827604724488
1077796255379
155674699138
552125835010
1016704599819
912486084413
405316356031
1096156490361
626650405694
105161606113
559485493594
783140574626
100447160037
739329240831
527872373095
426095798699
101287414433
158858588558
201991693342
602323125839
85171636281
902232709331
626511213312
1031225295823
626249219796
253892785409
354769036776
1054078403408
819607616364
452974791958
974636083696
