3600
~
80
~
2
~
243475607423864077128408
524805360959219660569926
939026953705446117359636
163864334331597157070698
1166716796435721394656654
1157623865748687662634584
961050133091652918335372
248404650335998958715551
565905415528972729344668
773633929237266402772027
645471751038293631760319
748255787667766660369177
598278269779325578196426
452459411498807479643569
629435348921061086662212
1077505798681909961019934
725856900756768845498858
955893216395454781446019
603625544581786115675777
547756827717723429239932
218185864779312313453514
238950642943868098008250
435584200336695526390734
1041033449561261951832699
843118122214228684310890
998396486083117400842629
813326385901861758605295
979830277799697644122928
1080302212354392277417749
913086050716647394126111
802189100526090252345539
701704486878746553902930
960195746752166222761598
539071551286723904643991
1117509192336943621723786
633555421149146219278707
498387139629623508264464
537363590337562674999838
112539992270247355787474
858562336440326972001221
394500111511636704697170
367465744173650509524249
650299633189408406791340
565129147007625617676534
982150932328198572201578
362829477819702716418267
323575426024220809658056
824654636284158083097459
743952270568093039863157
96933972403434972893234
1111649410659665290220778
750419101528034111447651
68182177752645656549028
154786574384552483658915
821221586116310215457638
856229389121122826864844
29302199393167393011549
300692157453915278808670
353909084167990809527103
191599062165634893138324
769033273607780266944580
105347266473353084487205
958628406619120938934313
287528361865525296282151
34691200527200139111733
600776358411943472430834
738580857699006650181452
782922607300724557529367
814805713794373569714792
521450272460970199345357
791562143868711116907274
537577063685739173683204
1178898263150426603837872
1174669458254294111811721
118410198575267811696984
595256796736419064211259
1155626321960739956510902
90611233610470943081069
569214649906952548198934
1087197994335347497432035
