3600
~
90
~
2
~
138166259675398420359244668
871931090499888312748656613
755848725037103096280356676
552536905517945945988214112
735399117771344650835681555
1164088050309061553081648101
100053512892498440793426449
756899809920681588662855691
810288776620222160896197535
805268856201323707649017444
992938954227880850999648838
307325777501103795098501307
247274437383772780609211761
693919137278309143533631417
435709981813452417276448741
1107733218937143656876716067
77130030332699136819026472
889728766046561462883799765
33106247486559762060687316
1080517583823125513035584294
392208760225050103862305060
910888501932741160448372938
123262985267039358467979194
437530983131298200004659963
189831031455158447926956383
418305851012763376425066501
350368163154922623732751042
23094169060783656057144808
1042272702589165483487914796
283272801029776380333607636
269411781453473125805026783
265049087111901145768774773
949183137944590473442296360
837408954640272805105274291
1055908512434000767193902378
345559030188135098178354294
377605714495713132877147318
857669026901193074388276768
330654540943874735121620003
840759473198915894011431928
1099298157752490978834631245
169617605107004288020543236
913103463086532189265061676
248635237794845575626807536
1092996601655517010938942499
990837598758714844054168991
677753262962235748962323045
512798365613953001961760311
981290764111280643156015822
462010539946385988239971517
938512997855391255379246856
76383924279889141157864078
952054360807613261477032255
998379116411561573995414747
1169025270680788527202844741
901746738612382815911747844
267150455839902258043342253
946271493658546185615028155
425970342557821370175225890
858134004095737515298787660
283842003081873579943566253
353232146215151525976240275
1237644150907249642843110842
1175811200120234096597720843
583883890007150905905850397
540438127745295288673513213
164763972999691085864459342
666671880345812822652996011
1151012733859138223549941192
224059365689847971848931626
162837802789304300154948228
949698152027759299309201459
738508802234637848887269632
687421310517617829028515784
281057579398073007139439278
831915169434642675332788679
227917907997851488720025487
65790349494024677056608147
501242535712723996278118597
492161580344653157278877694
1000331912619879367507130599
941424752196600874497203802
716951670902344914846358832
719783131487016105491974268
360614655659512697177415240
895225194499159917082903758
579236035893085699319981464
327436899457458963843005731
928706588165063943427928429
503852125945732231568221134
