3600
~
80
~
2
~
177797498189321456921207
1071587218985346873225685
877119409344241908866957
999426810644015076646334
266131305474699892608577
105878793400410821894319
726992098092817623776208
273024671964840289577205
446517961385032903394278
140340218999965265689979
51645424683193098937679
950085875063871819620739
63686171031164758799463
228744168516755915899290
375753176354666338610766
1037867778970310413439486
380417681890969283964186
13260682310031324432439
195633236427880724610757
656078709653152222611443
910718081803585441776237
780314361963934911721245
403464555422353450215949
383489403322094216285301
558997162976222986520610
461826357009817294797190
440886725430884985805706
193264882496756251217338
209330077245098397150208
336062796036582696732300
459704388962038310716273
921951935236519610809860
1157110395829223842949446
225606597411579082239974
230772148320660117249550
134614827925246027109870
299588827518050734101042
294844784462753505366005
78595149771544310802753
1202747359191391532924117
484894294910132339186449
544323669181874355922209
855731591263996973755280
553639644171840401977803
581205631072127126568186
151831407285500932626485
820044704020070281890778
1041408403150036102632224
130645647805785002367242
14122117332418512818950
270114550940007202261196
1047142998054475170661243
801895516094870090604621
518324771658100988877270
397223866791677719391371
400837146495956496704927
1085461320861568490298079
434444546344168756116644
671669545224629567211505
512225898856728147410191
278684935011841719321332
816055348875481957883152
353250382225550729841558
121178028180557645418467
151802205130634620790197
1130838851821715915906996
489702414209989924250040
439803578413391964590278
505037975448174157944875
910681707124376997325006
721916473068466465946907
915045689663891821302804
479732684855418687518369
335551872161700247379820
280486870718970725268711
911391548274540343613741
469460330046923566213145
1136202946208055825597667
1155067175620292090092984
1119129897948977918897372
