3600
~
100
~
2
~
1066774356451506551202024544975
29702077113167983222454005735
502220189075780846546137612187
596391859032830501379542446323
1012490327720292763421804240450
229932757919824654830746500185
1249094871304686238236220339299
405796938653825844773476375387
609950059741590500609202126553
641378726832028102856019636590
863085170839345207864809251351
882353675850823865338228701486
530101335276700058487713037774
858099804276586459037308002621
866547061396117679183833729936
99557946515595737939167490806
760144860539820464861254228321
377109574600325616016194119777
122003344156909472751061738896
854968744181833892830705834483
865750176387067954286518720392
110164918194918081647672561145
802567461106068065478373490194
1025547768458565863961310481781
93665907345758825135919318311
130456024062220381011323156047
968994893639521747941121959651
82419551772228485560847083142
1033244355291933842607318248844
330528870410576221338736154767
869496768836603491318517026402
622210540232292779201973618912
918587457845840057052942311249
696078745059131104207776551247
247090849781014752875575310243
322906679411183557437226908153
741394887071522543383853722918
271528204812090523001198632043
780899103824783706789228634507
650679321481303023243156880256
942599198905117173187652257147
309864348655028792334841912138
768721725071242254050630438372
528748290411796051439008982674
1046558323236014639484793936501
893463547614335780464986363532
740574828357024230271822302265
1225927437437078280432084407507
544199450111891410221464448576
1112516180533154876639764701276
149553127495619891158210923378
317457162756748573481358918548
1207246851414300887689840228795
808549240820579943518553675440
485352443508673589797741066672
239305526339619231609422100770
901498147678213578131870860202
413587654453566898215253160261
439355133546406568834229075127
994501158776624802936497072441
461248900745955931745862090901
1116378979051205209283210360194
630559302713686658406061408107
1022488817416712541037133543286
40651467139902695246473081026
799245303558278856296174463920
824843894315780018168881132777
476940784897520544701945643361
667400169315166636624963728165
1184467064737367696950910307686
864585723016597031387713925754
936048139517342503785260416208
686874600852909147060299221713
898427192266233112097235407828
657384701886680952070581862111
929221823521293891832837600507
1057759020623164441008571359501
1011366492029131124781319706004
380830949505873685795741649394
304846259808753435370383159548
320642004982447997651945381449
947719856736291476087681152581
1012342897986944720329720716897
77893147334736429514457959276
456291198724877141673498372867
870566599062302821131130095836
760823080189853201824162354996
345406964919926041547817590914
124568898778759211627724995171
672611922938922129086025456167
944836156901197104233433398147
900299751441854687860894313462
1197044917436832780500021233399
1204698083312182462314041558146
364945956739502557606494641113
1013706302638260440869185242545
653200145289946438161473732341
427285757861221702418350567520
877008694905237046085575273363
727420821142835244414167813780
