3600
~
200
~
2
~
546560602021796815564283236323692376735900179627975395914610
25749088789850062503969949350324201359460268535338986302271
822121283779922349903367808434836918214193381805610558590247
1261069967699629630759694607075169652525613904947702811902496
264252061646754574070341689883879529326323860726728763944414
1208170759743222509168080707089913993656376496179177847093961
134625835042274857142695732984924162523453749420344977223397
1131988992669082623848172297299577608441479187631086855478237
739791552921385066227931969394443198246846463760453538060774
445308690129902223431541111334609363259396344565108580962355
387183734545771467213628633347021244072755226480421962737694
1310768629907957522704317025686248166018646998672693407082523
1441898175087291789429422039643063159557758928474630831415639
1211261711834543565710915321728382465002200566858375377563780
1529085364740279872947689273325932161866751016794462603747906
1509448358183442616915775819671054066829217201528835438391850
542652679236647708219219280042902337648952896514581380355207
961007705900757253055722553538709643302833181264168540307361
1264170564082993600529152265563876079546946684913273430860952
760285651430292409775235616561368463950391067797262439303953
833632847940414746061643016609770885726650503108730538267252
233548550019878726418839160050994685082919926769897153141497
130650925567725086241483994658573222919030760435872518297846
1328386542243435642654003842161527630563284968293216028357354
1437838561683851500980335864120518941230657261872123576491253
489580628330881892658250110697589982139960917447341809496895
90429372217870170048253749689291215645483892475851789235963
1049159406324362753523819218444046122675555491250954172227537
1570615551384499192599178516459252302115703872825172083724961
632905326482390589929273283542551529307327966052995557201388
488055820179047565741106832970834226842526071484262712926424
462337942007542624648222953160411540562259594913794895744695
1553337257701129505501521332928511123951592808594374564156915
1481627090351313217991680893037275162084059017308333657439326
340501442444124564375545794762250149956253376355406057402081
1184405394607148249393510617675407775303546192273815968191060
1882372787731627406997492564164330863095671562506465069297
272141089270803826379062544656744697973028124141003164055102
524373146206426468146221347432630445284518115663767422425791
275881538692454072832438349304233068687630549405005281348128
1591850489197950181743157358878220317806977882427428199380497
126413388895432212040822372739709289467187073263462267412709
598270470971940970109347851793345383387075969939549253348172
1328672842118316623522236162066762715155115340583894501871835
1205895165760048870396170960435955683799738569568450213787120
1152260640748691247528701675923513801354896353736933598987894
202582991876114654751922860114779913934028166196556665290367
657966494598460027194795214028340067468012407871930867397134
325264509435067753482660335812431873912180702864698410257808
944776539039997350848599805694025041201104171356052109696477
514756486172394668135032872534289862516400536963380919488875
233397709104392176079174865521771692219741173831674786145474
594609932412754209298669546262512331495791059414173952739033
1260996995995983317985349400061627894631586442369168002624462
834282208956201939272558165275288047396816605143048277559554
1215360584608909027345939293283466123737446225528772419914935
705078882211422756331661905190123368792499455360093232674205
735119684576703995796191939007444661780439560966423815846844
1216040833982414299533018590090489750534803304968468218253419
1338927348987949346904502526334832833209697898060686876866338
1602957723422816246254187848366199801041990028803109013220777
1299463720475765352041172169469610841274443350599227088615859
271975530751484662791098743535103106021224400149338663744580
398792680132179099713483516847852215843235182523746694312984
486892850458513168241085390038006931057516926569411805921107
1530272966832080614142914991931916145342726534398544253370295
1082474923296824408031281586585439273522534003428553747806686
408605351195062953067336371023716331990601335239164344873276
1489358607757077539457796575916583426622803751793450626407432
196060663451219454057658238345461970119859624029085964883197
1212131877936541717055988337154653397713861900317784601707248
764824761074493688218543541704496662963718744637863768601387
874318315360595158766495511341066702114982730511321184684304
1410356569374283856803651501300764089825758119047031519352035
1492850389379784329351587754355156717234698630624015294636727
992132724932450172979987515749059255220496719511098320271528
775884702805799724257412950332260986347022585002797665063770
61706150391146583741250955211007175471890873945667984259374
1594520064800849854335243327745313689419390291346211015532519
278715136814613232899325765931911109480254794551065533801239
242546179754558056696137848990334545643546447785403992852040
1213392357222756441185889854732612971778956277985323199114011
1321854734883793424684657627878058815347188740508087070409728
248289754650695443772400602914148492188911153581151693039358
1273958651041344283919070281527086509203466925208910279208011
1078204021921272811091888347055348136442908624529217451188014
963337447743727968725905621853737977958563493941260659463378
284807000446531053643900833150995239169706558362768509577440
1558052963926047822781895111620044392137261632534413427169363
959377548001420757403974476106255993898316585987238148960472
771084530684328544589774379186589383177286344593029137518731
747676426827273913503409404908338287277718510813067384177072
225483490586825368602383945001413716674680407090211489708796
873249438589782809120461676738335460177780381748538311039294
270711577094072237376757631213706388002619808310901710420013
441854034528571560704538766051112542994527861613062072923901
274540278700350782506128600858463859979875893347924551748114
1201966202811552884685214733940109643101927445510916602832625
471692425899109357884207263736473661019104021066828368129091
878559492155997937690828186960070509836771215421878111714424
66376852383537247493864025381864424651658053643319455142186
347214601730089995528897748363914347089879352251144078286076
339850185768287476809769192009320759361889437467158853510505
1516991421048831773488633346650202288701755011447415095720142
1267375451389258212612901101278107807309391604051599647193874
1133570340526848907619536975706146551266044534573179780746085
73374442167284241352860808092974939603295569077180201840696
406893602342192296517650563274202517439575618008878070600342
1555762657556384317243171922463255886550229743515361073610876
1591182845879117696931706305495667877260811907160423176389433
192802341760059803255483315826485041868500171745359171152880
68379036003822819614580595909171540377246023803501519909160
3688917949981937421121999167777694841856309781448377156932
878948887735604522495601209613547879412126301791209679681516
58534438513828464756705137527328824464141861713494427406233
373764184517031139039573597664884573402475556725987661889695
921237102150815228960945731107638065063659918834521130362388
1311678986705192026001971246260433293539572950583280842809523
124894717339467631579059612853241219200958354749622880838412
1393456960830664369018713314696526590378166835614699618811956
329499560895380645673756867488888492656298981946486183793116
336221930340238370996834260270236497118477510566488219068413
1151572413099184030319113058630223670776910907109318781549840
613806639577841171061760261970476853468354092130978170212259
933704547192085856500634818240960894668279959734424956742471
1198028439884540514233171859398122973445774902510518670733444
10430262679529460199583403589451993673013096858711689034585
296587197368291764825545242381734343644897942191010979704107
1604051253845252371741216301404529856747027273709151389079324
712976031433543458310738354931211592171522786884405968908571
886493700136436855702725539589137247872769243104665283566722
1210262701182841651260196229845815804928793404699715802113294
353403022205160133854467714566291442267906152917990145407993
100008840665513908410150752399589394336158933789193771147082
1395517394080441246520142227972464070134840448669651526016446
1080408372818673252439344883257357845823683217460794211019346
450802986982593893053604355394208057439865932918043386561690
913151815405665273277379170155847898376079634090094376670540
778303083285454785758709258165101592086777614400214801584915
1504524982307409702618902054920263281886686971457972088809350
902461375090227763468392860922911767015276330391931969847161
1134765581779179529967709819339262160113106955335911991878810
1187528664731921155823335837543939171085181731067101891873129
1545889074805666913656418109644782579937814120266930901822676
318892768842099304665929185639992276892902156609891666424206
822416761690450084223035332462021599813467608307518061503895
790501860109220091463894065332015921536590937523966897902042
1473638483108762546564343697193588733604316149218344774668191
1204673570564586391847904085625926614775416046950478484146048
457797020391029924537221595002146613646231990294947480348940
629803060772117965302137663497158260741043681676646245469080
657443384388510694786728920215698996131570565075746397079072
269918171279110976288793635014427238358397010910082402311027
963444128718586483989066392202247692826273067378294264304246
77939327539271775752373938236017369219413696282497119431422
559522342494395794314841202251933301872871920559180757390051
351618937384502005157371894721083217674861144719495120166841
1187516020712775987600295902331756133562534314464392155610572
692754354954049690440701689365034242893394044726891793303172
656528744464339714467965786231929814937204627237890606217547
367845065332490980981793052664826385712097011729079893726019
1259391418448023822504807545986565043430109526064070087600065
1143497668049637140671947491952413287468873317529987695838203
607434588320975979422702222511298175259514849437496283001377
1564319015235351662961218025373315778767562070351776850954174
392742199340326703854840089268139462031270582132312892625510
1309484129702468043715087969638723142807761768671966378591177
1239960828237977688026005376661563777365789801683178132666353
1527093854001133726118815408276188376945788786967820963970417
824896613664786157761751413885217235401622570642443959239707
766466577043750702785172956200160924555221349801421942726776
585479858101115727453305666203779993192535035132959183888426
1049109683856933675649422586331544050512981515647550946140962
331442992665064752323642096791943421346884266972735210790639
771003076339818992283091411790382858759549344720259082956716
40281085752259917715017995373136418905223106585103363419427
1075177410115090728960848951692249846322472930450177886000126
782945957349114289571383892787322841246151631361097307586569
439194921761203208535795346873261310659411111554826178838445
837047258095288663781353846638643346181518004694643326423391
306204971865010154417295488516566389011155990751791463163614
654253931558019915301738811893789332924379343128147246219199
1346367638336752047580050682311903989279426006334610332862555
170865196018674604807823868726551559763927003961722854007352
172152133034067037633222455938574874295301137957789741535743
300667439662364392437590791825214289728199197054928876276268
194373899738446877540060311938991029029597714205656125658689
277662973692108134593575702069385571787343052059363597206840
17365333314458634979217496320746748014930545388595120183051
25211205672155224185304281335781863384293847352964846169737
550308926257725933364787006237874402901006494332455369519594
104258290992940868269504547458121603331689751644321650472113
941776540494335037276945876909361838835593171649691756996422
360363506693025039986839762683833500140269841971599114701515
939339921534537744780536312560609102120589178409088872375238
1379029332842420495794458963050465576171928299168090763883331
1371603536504537256208141768972313996141153702637926049469326
1472513991731410818358069517981421108978203937310244155207044
433861427981545140476096189146841847981578022973953445132606
871040284796265935113289371102222317666250648182693980118266
