150
~
77
~
2
~
7910031405
7088211897
6337055725
5148271533
2030074163
8271179661
4340289533
9552662098
5824132010
3740888732
2290778997
9573998311
4590590563
7189176186
8736227288
3454423482
9757664572
1716358276
1308761321
7282170829
2564121149
8720619963
3707977796
9655777938
9121952826
8738548419
1368037940
7531927129
7263137181
1669626868
7429366497
4157496597
6034126925
7911848609
3609578249
1295729511
2003219272
1183042087
9990684545
8659292119
3422848068
9779967313
8226347559
6959335362
3590698422
9341175823
9045970526
7548707662
8674981585
8052571745
4300190159
5572162212
9127596670
1133363570
4281698841
1335205892
8253680139
1829109913
3486938417
8003563597
5079289302
8366189943
7339605066
9166286118
6132862967
2507468186
7775516449
4018514702
4594453483
7393009450
1511027850
4219674157
1301811776
9041165942
1142219627
5508881270
6149417379
