3600
~
300
~
2
~
1883581879046587051939502033300709056316675777559671768015659182594164175930845362733310115
1154259569152011635870331367070734468092895504128055166747049740754880390874248397446789008
385193594270067066350068134432742095697824727847043150110952864584129185897481509070632785
1642073286145060586741495037897176767240230178208330659403287097357921863681569165240407643
1436976156830455314860144842275552586349720175093337990154660219977574255436521728221288971
1031596813476802441244544045998070834470550926128313397020520212185779292203235507239186355
43405556009736718658064809155271143947462299729555302620946421584738616580808618412224743
1356299960023157998713151945737716091132462761425292004240150296935319306904297719557171699
1234709107810293142464950492953189060589298958954013605323303410400266470227020915229396726
603723798226347206357364507578986693763004434888567614453166678371967488925878187505752161
1501487639855666957390894822665161465470972245249320183263750708581914966370760781561183047
65855085457771754795969479600744639331730338312186676499896142731644408675583024936319613
35965917785504342170826460265062742953051645855758533257899813332332019334574896194377579
380828444059141154218714452651048183885377717237738306150324771579566164036652620084509825
1880527532772293588148543484718378704785393297528381401992482663669065415213572321943368413
898594103083033935614733408419834024921292930170768542028250484913268238898570419592703713
438579285353186413176746785707446156083346246830121605036316801186107775869734321325265368
1384554653859421308803469890927814186645521629484227332485772290071642590977032003739516060
1132730243517178759893750883640765614751611395932012697511850078770815596038949320550488110
805924856177012016791041063876667586343777968275173291781523414307309631008067842472620623
382810743988684352979227909581190380706496191666842843688411384335697793607482335052359360
534725236302798950305325757912637618418674157511020284164785915880072776931453203401294877
1561325759950916875975806400415605732706926485624106058121698653530098462587406347876442516
1936936597912523003283247091261309424370658111148571750227671941931244520438927328386032788
1725107310916128921073723844226622788361616399144689388872923452578068506278195571609174765
1923900349028605663338052324160218917917843816029611410619006647321625719730336232718705193
2015213165237388936740424399401097789283748319314163618326443254847559121429880235962611518
440673677177901882573093612976246759995718862997998545386910332169930708714777508143854857
1395761243839524550426212194955612753230725026717144806224674148807819973154006389992324901
689347908024463858905475790224136297421378115460370029046795671444340790757290994750411664
497531613013415546913491754810423955535144855530866305415023718209432188197930246696512435
1345042366593119824933807715315894202907817275740181538343164433666174376401560509874816402
1825512722027865634003111776548512589640850820155581136405477928360762937300063038391633359
753540781625712828109185172473275434818696458796129302032844584440064061282472361409766728
523631221095818090425653344137261019709039572797864732239011573637281248933113241501390810
481672601708038183679755559486263679519924376042356662720884837347691974138928068865473776
1270286272544752512798489161362632712065622113651762935661244161851012737412093895523091599
456370405259251920391352827399662856423945202781137016180230509824614480068936616945509993
642063742453405189987248363578950868270690907746403613553563387310686561499440085202138036
1171282266885315203523455438344171671969121598051373560175142826296040640495901247708638436
1375095125963840990744150636283299403092079073918812049208499742642172783910581956825415163
1340610221717445534277881400840363299486559421661074864539728062377082348628313310150182364
1358404984254578589190088929708078674342046745301696666113648268712666783925323122526886708
1440705035516761170128837063125415934271095034640295610971644268312711557293924042536902467
580947282227327707657291400645832224130968652390027229290831910068315891337110637625523207
631793087418630358684893839038068095902875508513631587431622750652165631650169460562033888
1917425615815795665104173387308349998064514387274904274277488772816396306984975463250090198
1858975661292736219592896515989280988080162744295722154367221546867442666189784912290744285
460382185381772651496987933682870361868875759600587508627747013156162666284760631268348742
217928294463225498039355732196771355487915530984128485277456933718794455061485079702046677
563001336678031446216758139495520414210147392559506168148394749884969095969316335423340637
113919197837914865001088491004226814781079930629529959729171428532695321099910951403120594
1561124824187172947823403989418104981380517993195193418637027958916802924259163178569785502
1172736346443482742056235612064704035317802859168950791691724809635767179701826793233281237
697968648804281432053038346630424852644171442840071788000035764429503678314755762668090659
1099142622941545429198065200844912033336546217568362169307645173341468851688915810684234902
521364776965723089932797541163706815227546295036454669812046467949994802571706788787958833
540716436602330389883867043902565808269456207933174704696846956815519259247855639947358461
590754751545975240207957385211941679234146332833527188144654014677705238917365979618398288
574678174029863445636388547532826087308066045026746829072986581505045918680489629173555251
368052580843627762811188265558107068293925477458204820040038987603566186839599467148601316
245930193602510440270090549333252264881719228651230485349324141395979911804906293622718223
486500860777346339765454169244279095604909460541160861213507021503449105926404477745769167
1324470410157303121854534019086242565863396970134312252339793560843117136105657706485217777
236583935276564084043171282528564374242425007864980022588966915595670770588799444787185650
1955207138458973365929531582545022612947261656556423050007424174403835924792622725135198370
558026666445327894815181464765854387598941152020163415181362081459935881295919338982524206
1643191207400211459882334397046147379097143028877197588442571345546708741866088664291709644
725760082451277285447707645413374617621196679566096372124605953333997830621665779626191928
329862969366855590838821310348936647295220962236632471943026009503776382208487897592946121
761344287813147841221718301380226555648817199079615673785616322061340272895643810622618058
1952503740727443316082867286865774920537688897639594965174771979992644937474314281095822511
1905246802367602831237195732344875759219222919232198079051945476631867654646906262672563865
1248423665649633617576944967023157311511973790996024405916733955223156594057091975819535165
943174827256182879424128544260411264265301192809372099433154452063880746559162994827404020
691751068536800398315504017584691319690703221784989618989857082727031635035314237534058883
434405159294438188430023006071746103541515497480121520282341199826273360804465661081896993
1832402453270335107718245296520369614176379021422050546388598825534149121737979383999268177
1307083863541482144928302199379310866186982360818809542440451063124197010493647251972311354
392200194528153057508449018314563830282450302031016232368489443563413141934595897528819068
1391228103441858545031722903348571972288727095444735065925963848109047067289306195399259986
1434879707276475003877802975849600644381141756519635396497523155111201809398464446023361071
1536098869699287728332527684687255357637955164370041439957285545371504297691868019020685811
1564644089353907287834197937376843155181035498676241291480082346186389697995806884949050424
738568972014229539085931913957177196291187449929353640989161266451781207961079292848086841
1455667173110426615019780662921904146131976340571444118712234857592944256229389502173038176
1970699758762861103785002904747517813790143454423524146630395315019373739118580563422613371
279993209454797145199050640920159125665628852174061123585927776144451884696760287433708617
1834194023041087052146072463003972422153031446171805342657143824022965125683154649626261346
1166844996362800841267593453409757196736485759021420575748964318653268120741441231209029733
1798613366935395693891124384222359161905933249704103103099602961582953731594348771289757425
622426128632051676984330426994087070739465652560756344605835674615668815414912319121835189
476444723772546501829640837139469736337630249216390933040007705964456557162833250402264346
1100066447606069762193127958688190454316273672504022513057360985799280383597619608426442791
1811201273490275061409288167935280489491123358032086152885982997885790429296771705830213762
1274444493483858521029260155170605888716899969852002168936784495652374206922890147019186080
1703267168962214078073678053321626764774062923748267355323831756425806263417548367565014266
1383953226515939518914447001594463506963308837384319852969950830874699184017481186633777231
1015571115515824127972360572524871213767609663495091817859769204243773616612973159760474081
1933369129390312604954252476562709964838539477529769638478186707581943290930543666922414565
1528137874415532116949933985575014274005020663754921566353276377002176638990911855040962798
728986699001660727468352468140023031082501993925799920557937582114027670148286273733761200
1373361214813533285729618585644752590231286622266732625199333897746717046567732137817650654
1182501106116935365266302253797956526193511053713850555744910488444658685357352168441707029
1914180946939935266402602399279217284850303940452505972091348089201146595073920659524342601
994191853754196348640408374194576494790459140500636741779019304516370951958977605431449783
411534434941773233029226160218603646470053017475352110334361806085546176529992588856711860
422950143979222065663301546727402148969063914845472804145213002977535778688426458025461951
1774750320979158962624684868242595142132816794765680077663730470529857026065967951242323167
1251671151550234777338261727118890953789428951196483621808858874272082589772411871908281293
1308221024078823941429510800325977677907651449760660685765575756872109562196162692673562853
59472501736405867544458685891251285447932486298901507774827498161924285181977708703812801
3049191699167964517126165317882951764506921260817045392296664143624018373015969259161491
1512961530308053466185240957426221399891936833517692191069487582652716749414250675134842748
1233824196493398744443115545038481169193640925992986028423608170820115511209361308647526144
1959729444540939476365308062641057284463773718188905439667612916847296198378169026914755293
1978401857340678105114576872947288240123455898417604609973787724337258939735485562713774757
1725891031480423104330450479553685753172075064268618872258575872581152104488952186399527397
1487444768523897400743399174866925544702779061961910032603483026355858462602977631492085429
1254177059373081679528146982969972249946975087068992972287631172227521006366120526322712806
498829969128075599003725910498444011557550136687419842163245331558907992134302390380608287
1841082467324014687372054846420902737990032622960595515093549100768079563805272164341429379
984283782991437947521523427520528321165756817154376531665772822232005158161203115543504099
1353817525018172501558687093446716847886618927658062318929895595911523690672819022706457138
1448235822308563876288681846664225419767826330475942414938111975692950232522079931130674990
1113884806513826480032199485618388926572201145556414335831401406236714993011593434924341797
1769538661927938352522317994376770453325562062787684860400350637681439954355194483271599827
88545239947075424870083572031186372692846296141808238640945737043261048688527972529773833
1619580191414545259825427216888077896205143535761556051714106895991964175955434575801265190
477028738635363987457392500616560762473661484750605631432544496248669070282410028242415237
1647812782468249159075911034988016742673322145176181072269900412036192397769742382749401581
587174967492483102308358226000139391925497421362481489314940480612970785725069444088139601
2000002794821470127094736764781725714989657918974027355602373552869139752123130356115973732
941942135061351496364831354510621899876487679174734689447250150213877453006438894178331532
1705990263994023839931953629962683945331559873981424917734247908293158046071254347694337670
966163923317515073820598447155039029671244060524298523411300425086498262493383809416802180
818341130108032817461140026367061101141280532881656837725980680961874656615369850326818963
478251782448391074148790896479232412921045717829874367285397867213548995333739640194690495
1183375899435207022683569629076547331901860559955539780192532997368238751969231054874941074
1078916354582016499536326064467856925996800771472662286942671459279424183243124246599755965
702048260563870945578997073043138210561866214391457422010516332052329470400287554385966370
131731645935906398048497863556747914171795403417841726061718648573013581668853987984091889
1458043235814328944717502728591153422064707314828831698766696846368665815106284363959230912
240171202448792095398308095302765464690184662234929610968882902541945399663837897778330425
1707314217054940030025177058324110915381495200214403753156715296867095281766885248528052198
269790223017380841764680925537753966507900454947874658815847852588681980305716650892620311
46126667107326789051559182294425517729697689698381237579748271061765886806645441462000779
1217576316248200808246115767117939630417319827261086743820504639239061785210993462096414634
2013764405217042921365401393930860353445782378653459465967335397570409274872305001543756577
1294572711590816673513270465347790064618433785699140635316737043408941449641588577063838749
991519231044021860222171206183247677086893723930946174761765676936984306226620246735686420
68085256355251494696166296926764481842135225879740205966192026714858500811977317475107242
95684926501710341693316862825366477204009518353811422340372844882116786992505839216200974
1159950820800998014657302009527669187434814488617651893593549985742138468882353810502227570
764698431534317934532025347605522573940599228806075625883826349384244102854126949922071488
1177244211295731126493229696431046476898977376984334470940800149800403514711359222337439066
1380885261220844536833862563352076545233118655979122999559732568458746256913283077428938629
2023223025330415233767544234041580254297369087352190089330709215297443409477276429633117317
1525136885437448106022037756165716874449094135882162860270526894779527307649991480619631507
1012736797765419575130442703493334478808424448580670669923583163984456367821275878781031430
1657470089367184678583193313763255559073602454289945281578293496548979441740998530856599073
811298947306042044653892867361474235921203617368148973673526545558993594236433300451099839
1206705060964410601741355182541759446318742501892950328240620034874236301722636533475328462
713251174304570236499986687081240586819693209036870029738237246221378362337415196195388007
1601353886669250965409009678549551854498960966584096525876515848097480714249419830740873508
316656781964235154973842777102629900208226798054766186491896451138751746984503617800412630
429452886351461043827872580982575109847565279288169983505365030304764067641829494830184195
773486109666725933058620466462805241913542972400134502495490650844806506099271163420319820
753793132555708012153349775893667482726713699280020664461311948792883068600016539195734817
1584532459985744052951902669312443174471807441627013964740220386786810299407982655046416201
1786904422904185108608998391372433359607210071419568846340718183481462814756388211612291361
1834557305042335170739873575256245236400111240822941204169983188901493624534120228034390786
705541298777208914283422632672049418997960901256018835105337621850128797377758071036040476
953609604741105107661852677238008274646701225046899328824829331895337520909113185110560826
1796189449765790435057957747638595984418543541621473741927296180031778392301249776401685536
1024532028277435762035823455692152561859151976843578002180607596750443221311839863310802261
1931562508249636970340187910016086794621370737700744075305188825367312862828766296146652126
1598441996567670019446388677214339567569058251820164142554114287670005382803632820666650151
1983479387502210954862274553375770720682581845296624332005239255156830734079379848954415502
830778600382354967106609212072096823561345038321498121217969127504963965335553706404842636
742456434844934179961230141172169491851688299571126096976205430091610755701853104167404847
381957145748601253001723585255216073505767712744714007436117522037838340814309564246938190
219391551741473640677688147179155473449161601661115125790102813292370595041020876453155715
1436056846874093597540316954082785742695964837063901162556199591829444659587291540480854765
989454703037548021592473128597818718183526623596125916931121613161305660636792466340116818
1912876281451690996186027622526696782436440896272542250123284473316861835564542249274265610
1132388671146627712152675607918414419802651235655746599190936928354147586756381083835008942
1974710577578958182226979248904331458672764856884759722835650321135120184473363012806483428
1641014123073743269104444160669873972671005007148948587014139313066593478165213905487465989
1180439431437790989639491762454758996451273050798384460381542140438575985316848788627725932
679336583113519101791726771966245865015656523971535260708319363590914235823861788103324770
1365765182035208281174271183149851821524076982998391350170892342068442219440393463769651682
198081137060114880107138880101433909996498291054388046448775694765465580291480009763392792
1460260227623773294624637619820163078791665970437933449880225576431745840048879370642429928
788381137604990510004585304341613328704140141081585496595518336949995911365189263258133431
1745205987268768446583581107194940481721184280029532563100505334498049896276069506451015719
1634711862753892393682648140687168934216254888635902457959025089260706355898803772634945967
1119760834205783412571067704876331143587063230666388932582135498637870495230727885614681380
1583471261179587064971436711769859009816566135835114142175857904723141500819820129596225965
1130458091794481027892398093010433632296943923868939357065814821434464550494944286639285189
12647390819864036639197175821184224982282417651975270749222259272136130953434841785577475
151156505680042324345357636328138219979823451561110241745550693297747743281202818414111190
109101622809076133137503268823076890265547283274276524182536882236865070549272692690625503
369920266222544152281119627397280361117915111101922184626872133103953470671887357761491388
296513716948241679000613653672984570116311570228355382153104549309123823996272512763707429
435050270965788173115414769868638961630915127358962939837202095832682930678882359390720951
1349727977991197786008625562264005840160402611675699109640349426575248334047903081843888594
1176122342179751747711884330336899513991758956629051451141507091337831402560686993606126243
836838979470389146675521536212623204023232771646641614264007935899766145317589702643395458
1813286284102406149269206571917696623365525422124048823455021930795289485911255410351533895
1645107702855915915247210075580956835932541213216111417458230855063282223232259200843509537
129012934368068145876541929676632401985151451325646471121582702523607700635752955940833410
1960511401306252232211505201307938815509899653739340525080229133499361468871687868563688330
594150640861199674152834406565659245280537108465818530661159455153847415557979590414089314
398100512260170353428089399124831749663492617049626919530210644113058417355127300066036425
1760112875567451983851773191497387733615563496510008261609978386141794935792461549469355388
1607062721362118519857897342411789185518445345809987977238864959325405602863173516851570843
1792215475590644737368317124191800679355131189653347181865354143636911483840988444590746769
1323296196382770830313892070165561939889808138406470675169702018886519303505763885754313099
1250742685621518320312530039404195965821534365205303964086894663009348446269052347625785285
1871538971282838616402225606202548344393326807492472421491458158423385958579931373968325935
1097470323161699405533445548526153146673165664652139344038128058275324749469941989790263271
17294799830124726393795982937258731710675698423946970611461843829538695204726632724172170
1607035721200023225159298567546777644199170292117946056573730249486329892896570549930906421
1536822983057378363473869469998733102721179762959835181743767568890188969072335865815639769
519154816733362923062755258655827464118819830498210018215185192070261552439885642780422696
1351373633261038236158577053655079728840026874977452480222186785821134823541355522460158181
514643196248891542469470984145700882729520126882372190209525993908550416998995982877539296
355786894761290603500565166545564981897579051273825635454040771458969429075480036389556453
1858904987192545519644561995480281920726746907191652458163450098048429765838420355219247116
516174683772932503928830906072092075618330098396018317486601434071886258033044964519695601
1154578568707290288306508432039268291045275490269039916869147824237986298409279998243688225
570845470900134436131408261961377448513957566946041614709391205508528695456452514260756941
468887622318375774035419972752415874285219021011865871973502035233466432997727740163064422
1765516375545023878404219461973034999155564311530613480154044944893740271453206679953313670
621659634716721602193695308815008901517447089568616320767380073151761695803034627897842290
1711550509724346980798080265266040760706369936656001495448577931297255702660867850456064321
1201800897826556039427979622865463728151444649281401771617974018126576072598690578937528491
936879849201486189079101375021090831936575216285314387574860320832509074762071861216017040
1477851611403608247438164595371251729691687456046647789064606436700914612825436611905507262
237231394111376990843208764848702218884081813970939893563009447535141351404761248315491876
925265950231554717827643576135484463222617051500037700984185334850196939998294721844063232
255694476548933280685824760143102145621087926272552732485795120933222955591889602835304630
623049073886909284494407754634139648911105546788172105279177508481817351984288538606270540
578192945680141134468318339006728916832369938182231944691349401521436640083960182194534625
196954641965255937963590542608320384659032912211014879196343975043388780159829450233971006
1512126673727067969820589337277062168968945050650161851628313358178872350395105008324283425
1842785740207236843238448516551824949697812485850682146365051014326340733612555557041395986
411481202208304766005823639350305905995459091854251978264430806706988267884354130567696305
1443791619558286915828544061861437136455446043233735088222839847659068202899766720889244469
1875257086110162055814660351203947622811989081502865658657531601648128328961693561699829872
278680814067355177919137382003486126322534199894680924957246878928021440600147027579016807
555377395054595997801035305336149889281267602744200944612243040109338543390487632915033743
382360435937062616334226400646234034112285544794360143456086869269838128735002741300354615
821700251449690146816027480908939697592340028021550814247623558506501443311389507421896337
982478024454759480649942804107042230819856756131472909678922359882447211300311813310996675
1232197075459435102884391342467175666157393099940438298544474856761292520018481041359847251
9849370576705104605071642773631778274024553408578754908837473177448232571939089639515101
1422367058436552384288881323116597554335602357638049042831169146551834161990390515420987227
629538109734383614851894364809763180620808584776222252804901384234370552120264065052762626
717044572019773942355372103982887209815714832636447435075142899647407943609073856001266115
263628742367699408741076754915577147466957236659886932154740818787832418028021092537059331
1405617087714579406437715950038521349492549351720141355949692105321370551086769684347373311
2022920106324266569897914699165882538433889099678095068406816042871773101487920053770183257
722673990283636174035759690527375980679109362465278668018082715380401984876649846648440833
1157470675784968715132559719209772695535276751455696931608840417742449546457635403106688074
923093417963294099459953751615457994688833218024045831428593140599634173411905978857943922
1990561053046055413928897288773086340002696736102614161232338581168880792011758146242951280
76506166153477280137045558955547653868582669525097445204198392668384367074639467029618730
1343740476299332518680287158618591875061159561717757859119241204760908724581316589426787795
79193816259333231592877974044908877743093874243529762464915044549174388170738156619016723
1413615104538713949430263040981538407467066946482932957572258693568665720677467329493325825
70820104054876479935481402171486816255058960070171791978167759359454897648588089921657607
1781868028885964047796383304097863266734245786051213292397869328545019210843100419897843811
1269323894611064908125091826451075206920474292669044611395367561229464227051141255533148926
774773342759079238984621187876624711519250167316608346541468254835662420113902757888379036
1765310822913183244354618852563811603464955938043565210285109564883906272812752444917340843
1381922321135878678906073674789990095812769906116352845297131433620315826854869345521169552
1275246701120654418593153266286091357744049096034018628586870914460455825957032432564623874
883008697933842195452190958580586253773988265635914840944255860201729071500061294097427448
903660478213820494236712283430287736265081320822114915821622191058913188381483388105624762
71409052463966070805488140414513143604317030158103624281958317684911120548816780440782126
397752873500548321533801221105959799025808886460779295464937908376255129814497119317922896
1341276285454954514566297374974025054637340688386293654936578822914081638862372808803880273
461070842890169079024064524426394792000497502448336389255074906485482421532307834412372646
511989227152376017276031774921717487421168621010312018212259416537023740503232171659734455
476766234832608759027578658268747264885671916564343352960501349373948512521563025730381355
656364408568835597404711159704214969662328528757611085847188866638904991190848711757485682
410278481104815624935310951320957463398602679887737306877930225878461542772776184149944576
103881480622977439477735336156363508038413594580598975293665837660118289485778623354221923
617126262402003633662812442494337351059969635411777302903535661513810532248023364600148359
543320330943969595348035027710495650298611575676892085906981840337956521632899116642414790
473188801760294439086089909709552949889959040764217223951052419816416049701195710769317030
680208584366736481410807166430433743603416766208300543437749450288223907931183624323482818
1189806583591702355953385499435457074716520057873041410568565990670064849317800883721544299
714599923841164406445057844750425209960307196277937745089714225570211904026561228317431218
627361242027115027646268055750865368372996160671515909339156103473360590677320377975500297
450319541862552076581603928927127039904249869951557862315287212870639521033672496509857334
806091042217854203960498830192740359620410581741404757377221256825220848819779954543178024
1395526117001440189632404717137316582460289038483227906892403551872918864453244875398381492
