3600
~
70
~
2
~
337385268806352164532
299208524179349729764
625220653986895605602
1037050792121286937881
230046571023569858637
475356343975004008335
183737558276688204207
621066473165435388399
807293636314513086100
559018208457565795778
433438834839860820489
306739862059511982808
738417150977878933578
456980228877196552008
607966449758608770701
396939543011992020809
503155282354473532399
1019557375748141819945
1023194797164467500367
24349924581711813804
988081296488568645372
324357425774092340258
559718564693162803941
1155460165941628001089
301853270966859543296
214014221547930488013
1132885558913181539805
77784130603315873605
148807812693081349297
94708363300930616456
449772858407439896780
524374307673223622029
814307131981654849659
471341355289860722902
260257066294710646013
212706751135734622262
708018293692359621463
1144398612625862513631
205745353465035834918
951607080068685387426
535249112594299388760
1068764187716317467692
161455219431239195166
602333763371719752449
253001994930926913789
697913157816115586653
254951225646744141183
603997632193122264642
197409069372400359149
1022332616645618333608
459217809864103020232
1008570684511740725008
808801060985371830262
423640612689597882300
575223784867795580697
162636666275173553026
1058648531130778183774
227804279973166218179
1066861244796251372746
536855441084635401256
729269597432506778948
952064237013977197276
816060200547563713694
415607659850957330358
1023133656065333887916
895546856099626877192
765749733483628373615
1071344759778241759650
924620057901120301703
686746211778186981667
