3600
~
40
~
2
~
826798962289
470940680288
993454197066
186490628914
755002404542
634936344213
963839425749
135401431212
214401914679
321282395432
523126502654
740919346118
910954811553
221251683044
71793673297
62051353680
674132864540
466098712209
753183138642
823431907214
150362889387
520395553587
68373238435
491208050609
1065515160008
273394907269
686474062551
1049170044298
668475821702
406213778468
59479896044
56844749082
938608453322
192429356785
254002887448
904692984142
1073048605451
84286404869
988690912955
718868722767
