3600
~
60
~
2
~
439041956410631649
621748909250444847
646842468807377887
436205671817176583
565305109263219222
1111077378962847476
303209145458549444
1011856392505687406
442993519394263420
344971606526343161
769237335288797093
340774636523228776
843989323697994642
287629598555786662
908067635430410254
777759771762382109
255134156313293504
28984635927647014
93314180270765010
969407794157549799
360553851878238807
577719473952490733
476956663688148724
309285093192489135
1099629487024247779
317525559856611421
19287950356403501
652613838856595479
860203161854815504
749538251127657026
145240937215224299
138698168332950707
720857964076769952
538230803509421405
1034429845141365070
342497070581078454
600805263455149535
377069933878782169
455008560454938965
834393355958979610
855040859188275194
516273046106478269
687429473805517167
947168926068541518
453910916380541030
145900500014144324
966308588523792609
571886507792773458
338054872355433963
835443826676826215
371330706639163844
628053703485847564
417285907449386620
12477903226669793
976223668792185752
798002850405559232
549075188788839003
276787920691141207
329194980302535651
57808007029503509
