3600
~
50
~
2
~
285429301045621
467150214894015
684062355723807
40727895199520
675645002128646
820099618325314
934817647184255
1049279180995511
655882438035862
310443614083207
526901898567073
266780123497897
1092836539440645
889873460150935
237456269445868
192048086758058
119422557558743
677075809892726
385056553272965
329745481827352
732690863449515
282526237072335
935068551322593
190125711371661
919892570553234
773994134762603
999011624270934
886347477314569
195030188757380
800632442489515
575392517765101
1080795078641293
408093038419383
738181534381352
782458457448485
746858133718038
799607107906137
811478202777988
902952305054926
861939772404845
1071734084018894
214403596106796
671994825468591
705265667131404
556130912485948
749535194585602
420514360894816
550042749842225
897527786169937
595026389628878
