3600
~
40
~
2
~
294573765990
956032742567
383442233661
953496635896
325560480516
9322854217
1087441583089
951803316776
564392417927
825446757828
331626471253
1079810469779
587280565269
91401119908
176219010183
1080599732524
940154662439
144931180602
828133640418
429284961745
1038809777461
740490971641
188793419269
267969539867
13317707926
655904563905
1058723532720
55677408659
982536064619
36714701347
222520889945
870777760403
649454688687
963351907525
1068207669643
11657172923
243621474525
25795120144
59238767225
944795321253
