3600
~
40
~
2
~
307214561017
241327375198
761641048110
878052670842
822321104988
1007391888022
568403140686
272052268181
634157481936
244415356870
691678610935
29555780746
567461181477
340747769404
137589961209
31637599385
246442552786
1093490744006
674863198704
749538641867
754951041228
709760247572
204402836651
510005411931
243545395149
754379651224
660396117058
489972656827
860998350687
691757005490
297246382766
331450859920
965838898737
773774109268
904424828581
703002978551
548757914613
872110173874
8484332917
26915109943
