3600
~
300
~
2
~
1988679917134712662144207186137761236410703989749951804028486257770320003870252745237378057
1470032285979462668943416931717134069349731992804510641479440869363876104889734662083147913
1351889945469975562549297747822604250070715828189340035239255166171685180153264850288614556
1144395960577210304809684933935917332754871235795768538638381958478171961153003303738166398
46043162652216081533890459139067762511128106565272723388818550393658979038218288212677
1943639550786079050913335997142119132447064468665521369426905486186029684838391248516315965
6048955391425703172392746225120360642699324908070325121756432388867594974335285594337760
1798208073263246212983767336232669512525715263036971661872215630740284301999992401079037944
134393931498966033985354002486290617788201187931850114928056704492423801547830255915536849
472178164295721732350393971660225826690531767784165277642207943283423003684711562501074137
520819652489018563625413683460277491356225909433318642066795729922695383983457901229622486
66934646534049595089962556970590827064729991475656382952611999423530714381206353791358655
543903786802089346418910676743749936275297846339399663710334453766581155383672284397603828
1602492991540575546531703326811327870955571719188746962710911685303503278461438611234583625
400132879973383816573498297555353423971293097702305209940738450368380750039179633976601631
1315953735790728125528652478612083367594175914229768947031917033129785309723626677489169847
664731505440547408761920624746885394345186249677096904830787201422663717923422302524333849
375336261207448708995135290758309933291879667707699878910283197907250754135669978541547993
1099061298237281873677065702483329556778808903933022842372600537408285226888393831231197262
36980471900240549633058402763107687866489117588044867362459843685794254438285424784739721
1819053606906078692001777916085105386386167125926444842336350793428463138301607002470936583
1613983761731508423170347307119705757251123618687320952549667071897366210114713523039577151
2029913315073290206926960993443854098652162923378415654649326698946713527198210031449138497
503384531846662096118545002031787567868706786016842896279597544908101432430814665371213322
754403077641053057449271081254595981683203427079683391326307660308829252317066594284582193
1666514481530111746986227094196066743688914611800832294188020672037469597873327237819021609
1972040254070472228229339057578987614160639671997727819104029196135779140907500579183767559
351641689876215326825656666613201590598077287189773121574349167448958618365642093879466082
803921243904856256440813368084973674830733979024710964392451703277824395292949756546669653
1203373957339595437326425368472179684887261035556427522089244938071348270304504177674133670
1304597366349481747819127368128229985349296180434017339989326713356011270933165053102016960
188185971190914351972129702008161069009343295745507703784371651271573239640851867725529902
1098934385098669647993873658219845319843791212917225289051761372563309744532013429962537584
863505708525800725806110688910672735801955687730003920495291011660660296290797785909279017
1556591192419019037401304100735210731492332148904788691665287066875002675982364301241460547
120550052836378046576769809788845029616331537958036509809075455586533672897460310831891303
432297926882995980650880506500399019975685626369920969021817637171577217335447254861251040
1667232607306652212131511285585967558474673497257163244367606451343580172753470806615854086
357083997138706139141244152148448635835017401507324127331615415117460257734832425043202386
403955487907437245309875567171909041900474132494288684050034275654484046600488179468891906
1672748866583772895842497146218614240759833307413967990055907129504759550868826310854917890
1085471481164646275947526983051456590741693506693218672366423381370479201323522628359476635
343540478001489570543753022298621025509428967912225900604480513518876783707025579165886335
89553546412810266156946209881528845688509056609826840393523843232257092162626101715912685
186556103703641480977928251473043562172949483580771530028486043440385587699339931947916496
191574652396598558414941346306221161920077758982846692024192679495812288035089891391489713
1542796214821794217537884690011114392358674565609645861557435515515047038203833501120020403
58082203664864700514081108708355546971913683344624518032038434636268901348290830523130325
909875481666662527014472190185183804522298692817282048951351982279804193090915945576575750
476377152903852392076980280447008655240511384086542081239392705718628378510607126776290110
1570795628916931797033423843393378773458910701180512747825149390343362257091422947465145776
580318118941779643784738902032768004900468178510304265751931794581060871570913854678159752
2003784182954226988909171869059135693210025830380228172163254115742722949761406154995101315
1274292462547781882872913883206647222750206230587985695526424730468234026226209237110998644
703926026367033464397777437404074301497065450194685481686988607902150968287260863611163713
1872376391279439658323425413227959609663236921621726548663869239674525486880800290831684921
195044967337108384198564954318927694948021822928687240434027086208467082171222139526557617
1978622402335305532773718434910777978174683628146103611855449314436170011489724011324251966
76913716185563170400799617969575846714124315204942068638309032195669322380480785693299993
145494556361235351820833601502599724139228120869678157685129356496720974123695333376609967
743744600294863265575877299684501235556590203857073669054659077737226217622456266248518456
1926173892818045581269487487190066659951875279399489293140961289217437784311714568100727310
1029440562455282827460699015575940342388440277073122778475702522385476817378084838018119732
50073139861960943313296466592286781517677448283199811517058244647222538150662209224051166
704957419391320416224128192015036327701902460799939502079903890442686616677956856735877754
1875839167139712480374594635646309544117051000043444393139127149910781178060803968691540768
1469623356327187621468774468924515552085272820263543610499052487876477937749502901151488894
220642409092833972985404464817930716325461619252312030145607398790623828157106524169627385
1754123029262318572738704658139055681102558783563150713855247674008493753985346825349023522
363453912680110283362443599509194126570176003480294097383654243800498324691517418769036201
640793419194332778369370718980649262992885826460878829121517468548682525283663448094095143
566647711656135326378050755970472229480606557852827698241235671595496284138270465211820039
130041784392908597252051093483261396991589116209968938269326255391902502411006502241721311
834855912336167234092518856622893251303562363813734162403296433923591665398107848558146600
373421038909220161498982931939981664835353016048575940234818108815692840879557978169495060
1600573340261305993318495303593181104088087174036322373065955002613576936306598066452406082
1028712888624180326821300973698700426504630646797238911759541320532036885562268472551285879
580839927432647709031012313999922829839579688664690572123887894660332091500249337739108196
1883771875688802647047798210563873515941015555528847774822862888477501520953004922309533572
477710623715579574052885904588617063840833802479279406007965478116493584373947771503899404
465311350295144205193361280199565221345344286917729622122998475236713228560471362477431336
1746753436587111156836180292133466330659859544490541929243875576895743275464939427198517522
379864907324173987576158531040954102543481174840285197401841023374736650294998752046451522
254797253043962431626724246262673791532929518679402929133643337883450437496120202669583575
1249337616688077932065610371019789588652354971430540910782455747844748811779623331699763234
508272198571589828848123189510487457172861795986737491682680467349433028974149422093984803
1159399229520369396169678081231716083120941275434325877428981402663797874143149941965735512
222532127779988526893443813818361961656794633591101920711380891687510899126158505893943429
861705195202556285606965120481103806336185127298994554892528055821914903149110364508629850
1623146326083216124126251000596778093908253932887884027772574638947628903025574078719301478
908104272988293255355163145938653950391550066633832008255080065918420755941760319476512701
569457768911966643873962875736468230165295051690106136736228825611890560319899274953290610
1928043689440282365858802142617811470578638108087339932744343063182007463561041185183181167
303805283036700196300002399127406464139749882243512099223537160757233747360224381697924009
1227546278935326326790573616497813134949413156854172815416394925379956853097119970262155383
1305272361546208714671325474291649503056677499583899714859091401378025805338401599289116647
333722254916967010161918426509939150175360892025979079859525994988106299848338494373909286
2035631545212230411750340845530444162929751012372035122287998465233921347165668189823055766
933481417708806814764954571310201308652889111018239376262873652984418587098316379327948398
559927749925637845988279226751226704718060780636193299977906529298089113509108175344931472
1181796203200420881049058826509266501008587757006762817751850343687969829138248480452129866
1324584688402255422557429834997656352860937860113961862241158485539937702581156607093251893
1613856995951729199567800253555605211994128629668990343319782980570701379113519139654702928
1337912113005360744100139541969232040142815596326031861042960424942656848985619960086825190
1430390296885951331102174105110668575360909984010596761308903690992566385296950542518762434
200342988107745443659966253199756113286916632825268452620382918728384781930964383460172980
124269785409195224673894928044107540221311001030807269462248346574030003753159917565980407
283907673958804538545957496108520607252617934261116668327289163768773086618574922262937562
1114274564980826622489094378106310304822660693652959365995614809382230256876576105148829800
1281929427622741113445211329036661370206544680984215810974681671841599065988017487448682536
1254244480045071957609345776661307865655322948025447989861013767673904881115213530518652890
1050938742767975153008279128346866437034955728465852304943741969741278804312591347889118579
767938073481184999869586027554160016527184198485872747690027538867231250593243231184689674
1520698173636565559391478216612355956789174321638909339408601270516742578060032061784539134
1916187657300168286944970008279272480749828173296335482654179119059931456273702230028876537
1622803810333940570266481185848704935210395908470827297134542033992291845913195780006688350
1718828790350365659905221236193813319629403677338753729553337772922605213032133235760990604
2021413236628778424118337900645095699778357843057915897189449518647367482461612212779771375
40889316617391065173317290603262398134403393547259383815811216200188934548769245120950763
1850862104288833563700061722240512718523957333160226662920126659640824507384825559324664189
1451368610995066391857997782579519184657630968334526343518304108512740327785691316945264727
2030575609848981188378949251469812164758217203447354431450912817852387910594602463025946393
594561900319953703688995617226786200975662469677186467469325205159433694465577338776344236
936803933491688958848083765309149824658772615454859390949818821068232285711399484150055045
318578724222153552496648358122491803146703708235878536907103985248570392048249355412165049
856290187388254313231845554092911454247019079462937250758137659912552785562789465552574739
1683250996209673789440542717313536146368387931629780232116028761390188392964871647056824773
1690251788337192168799840686029420683789552201023594635527983938705649520482335735614682458
917878814112332052047164079766961235037748310707430337963600226895395693649251635344700291
1690144279298155310082186868953915755982204940617094281761771566013737512434154247091551292
1826618273778628472398357576477087084063475888001951068303916277387384343900325441935250857
1948941036467682086118099716635574388280514730898728237836580144517754322777308944100432482
1267226239522079182132700677640152203737457877841792099507164098334106084354647684589551803
1464178454587097479184534171628196718894907329971884616729008932333075481154401470607903506
668319239668122431346703748675628799886198545296379176871024182767712427503454130774832699
1350606154368763327475099150908141742448192337076026379110649296688570721292676385892766969
1033550905963603344290388096191647125226975214640840504226885787257424810906435278188519144
2015120041655416691753997522235527441568107537177808426223324909240729919853017127017184076
329746820683572208700852024637945241556765474770948212056111427259816474594590269610445659
1903379586957689718192042561801327323109939093147321348326493045396962215566835425287234406
409894214661603862894859196685844379934636293684422448232495323439328560154567074250427513
1074518841189379564024079239174786594622851452941690907006983591729822710166225126835855676
2028074344450937402552324398382511683906278910521266802010633414700591533145721762633814541
435918154591451196763946326171347990993430914203754310029883610475430464618345856235946095
924920401009681472235152815926536577680054133078954040857046607001706606335538032331202487
179396288021609726879336225897546249399443134152693521574546798471514966593936721072510740
915389553411276030972069964821036919325576811741848811593515599512975955961324077211409772
636676464706451147758971160527389714460807876157371482182410886233759812006230877700784096
1717186036775970029441467074163167109270455182823765292256265821056300763043031330521285823
447807310808163691437686495696089601911512879127525559377562939441106860687122992615411325
111254367373822559264221760033328146801698145857001891613881582295652926966719487031621599
1041196046445716379538035385171101197279628828725265053104962305900781794735917963256753753
1562186260761776153972462950037460981874641216489159710280668557809079402457617940849833632
789691933105139061926945162117249745679248642414934703579540123036810648598400763322812908
1399329343596167096602870545193386582652270031764556805391756441642246148651583374670268696
394962021258382709956982194991142257168390965394389082928663757906300423097156425192819313
666171862636819538772328715868048279935725799458807629581222445679859463213241047849605576
668084872268057235609635156149645398167573032809173145935451643322872257850696782018400100
981968358935475350986053447792657367745479404906645814198680285035347938342682062653404169
1169647165346337098976869344097722461095796307300284118291069336440644090234558100583031443
185493525496618895727195311848977788384952589189135531023219675721315010820860041745442446
757264550228067647757895900944686861156922975917403726603010554150776972614181067919761278
378852319273031097302181653596240779947109267696007484415014960956333583957984114331612101
1115637949044312156454582626196823327231080360054305371544300107187205607878467807811731783
1884929870012701355897536023042805536809408751266102136508415466792846414434461531633873868
1360407012192338467876436945691372829229997424837317892719875402224718264543817576487764662
56755156571564912002071209749554898372897235899639065161603012387506182718325844163087271
1303229048974933477521518096074915289668486264673736435505799434981675954719600117996512014
1071252460258718499153984445312295503807391531610377604612804920381589033531785885617241353
1144392720152215796583498591941339770957698181015049108845635749385722095560981757059094297
289702869537176329661713178923512735024028261424512462249180995866920503861739846604822392
1297980002750242161263829335962727931895951146618875087096292266144575696546053082592311721
747169583531983127336277682054956979076278738270954643861317719618585285738771321325339616
162002295590065086936866631970472119897299217255651040495097301294828338761816047196472667
1903089867667461421333475624792573205151080440242893708222167670083708014741919658645735927
721955641053817498444872731179852881353972532584762995555678249760394604156228931303471597
250238773180645690113861254046324102273680326761478775777505282818560332712053374246378226
113001058839925025357671790673295722616415836243465657729933099799728772462010116332117101
1449829728831837098569518904684392203886298724805491427460172155990046440198221820172299430
2005196713044363408967723977572111985249197327601721434511988812906762196224343623339962062
1934783873705414170787739746408780974319657442808724860003435622843637192553802889877775640
1223090506588573456504962641999816073806514185419040538784254098607296613064051216219151145
1906477880923033284408263769754010510557774089096845875017377838065954283805046889061790449
100657498269696695307991196806749043449668571540408462864637338710270134741554421764739668
139653572100442610827640181799784967124201132672536781080742803511747798771225294734975542
1204854067148517271226233995755965442716279985390919000452073681157330491456780912310464596
1064764024548575274022651521044799879743030476271203280166736692212729218534057295292357702
156055423117010006177788718615807514432117091212328550995359827338952339890456444122115760
987214633917811002510529917059653687290922132196220013265058266343289905297793245605036237
1194179924569155670492505527861980330641132251698643621066168552052764736754890976272646233
110807165141781104762204314600333824139060698606917116375818405655438972997722859155793571
1673911676437573020726173606695188827712363261569099599678987146817357540558390144088755715
786309962973398371778155642185458311277348696872067494210495175287528350558185868235380750
1478480677550561769943137776241769456112233798861469552178922072643316085861416763471709588
1844276416121163039173344948273604652160937045313484740316575515449275325265398252938502798
1562427826782723345515404027639081261679201968396706178554249549775127202546633237325470206
1714296380817976229529609960157576373622049533086629362709915365048758515065333293227306977
1386843860643323118821096129020093771574622512386994399254156866715649677446208263542725301
1283702301463689012759270772114426300803836665654709803326249264366324987060540055658128644
446472441391534983089679610175601196532277964475248876809647303189750252595939944384632827
941550285465983283868851355758539920708395796969737724155320242345215476654422361139349287
483708678822684843524924372459072719017837895985247618840006257366163347652042287234432010
1052350436487180852939995159918660723017872732394048589473926990338749630316759366153127017
435520168256013544471003465620140318392994473423790994495061862764512329188930897590864056
1532049630791261607595117261806909768310463808042673573219855508004032409891042765152947183
408995900725495535520464153340490674158781306423890973885511935303729445438994838587397716
1858485794069245618999222777176862816821094331529111011745084099537370373312891123312526728
460703393421713829555213941987956247344959922752238414129185527857070710725998577588461103
61002517427369902644887921029422886093678553852133200236910141754544382572592361624478906
1329943578300290756275551907673830997647749973014342664116121549829006736559705085782026669
1168546684558881837060699613106878528158555845919991522571867076192191087899979135791991924
1211722341149734654291225045018040943816043452622224356666755856429091017070184318965803281
4447706340442866114389501127436431683497576512043427722563616529474182766107772469347634
760546728046928185533048632155314342073088505489797514454595349363286974831413394239053271
660578947234600570435757814409232691180760949405773673288796203872384603771819012781693117
1186882607817858638124249673289967763819023488031170668798383178874507712111577602553649108
1289428195839127269463243640839611505401731557666666143282090187722964300798376904706812311
1648158309501469131405941275164173689633408893769080587247851046707126066284828975751094135
1632595449197885551219475546274972059614061329927346343131567246232167888109183413415138513
979491904840051156945729404704688657855758532601251493941084058597789633243781925175682659
615401471475695621234673605968086062131524124534452976739941511597356986947811629286188223
943470619626533548615463145341895486176520708001819271839782385124569228072657878533701700
523002167592935163355998860708324474531095053985210612728270066428456356341531254541083883
1079215534816414640634020180160341131580979925721469852571184793841348503511559164368638497
337929644465778920742787268807970378886547299628948885919196712457842672364547924506328754
1285869823125256382003534667069559645935276497078013502871551095116410421535562630784874559
1403367671500848859359432460298272620598119369457932821114239767952933964958658745827970986
78357665995166874794852797886785667814092125268350652860814784914664052446191577332040671
1875317984344488040856115885231030793728699556083813537085443691852930598744712805891559956
820942193406650755012846446904190340522841496065921841844328476056842801379935490297011861
1664990623703216084202824529448607637160395100325996321518102252998788787851259938499537088
1092488559897066659360320422604616366356305831879111211189296219529477535086113328754422906
233264963072049070615000331435945564942540063416598520957686198681031334931778864592780882
975962937974625238193909473268050554038028344471230242905333194100364464911168600690196625
1121033536973477000525562676941885953214104651507525301672833215080340399591998479951022862
1296318579041692911194030007556355433287976865837094696739556952601268456535119485638438007
275853193786101895088313405633516832441166078308374335590336946532157246480939305582980901
886786749470963730078610064073075313794070639651875235041047240325534009432075741320327244
1198428151287697372009527468240415623075661180517774129415780007455254901470714724375500409
174545883851075303643596183982249310244496403111707736032194466978913131169133067903761223
61099098618307533864716368237571942154047166874810996471518925295648605441838716645045615
1081772227474328576718071403452739418452392944344022499237626139336522987525988434566814866
1230938909394887464231221181016847182692767843327576258762201263008291580788951948493149556
1340474249730266319689414897456749296677153676814859547921460971407726339749360003481309762
996646796895198680533823862303304536442639420096051457937284961184840650715896460521395038
1369639888254136831226699034191937265796144604824121198053946648093109583497915135186059905
495557231178167999958217337292506105624290429252618962802102609258339640397157976556196616
1411531731116791288549812123020185919677711952644424620176680016790534961828020723635009486
1194818810670014027528341048325409025913361397846115615705042695932595806225919024490620075
1835939830767388711734054529838343912063643796255970425169100020017731457066684847445070241
427580071812447991439586942126810258672173386956058215111849416288519117266667964339894097
516560586098515822607558112293420346607860273965276506188969385314240897280227149572057148
489067784534601865965736201250151421592263439542456007267628009538910472107820977465304821
318926963950403613969307308463563300829751556626111824587248148231293692079071263910745271
1414348908683868490211207808453919079405983211228278527473706562650221976066123562806783768
1670402740421489786155476673779034268739367970804206851372053471958175039970289440731090991
1407804905219982919388826809454914437214590616851514538001888757321806648780121964927114305
1042427814463577392502392068736666393802652814885896436159836958847037969194140196774159018
1468691936457282547701415534156649276936242756316064916919890052051057955812892796323905091
810989002784108135630168909498303503663553100884239143787534925282821909617189905902406087
627920302738032653152669639734623161626672621063254262533949806632680001664217298754507567
1075170247640290657812037631231469452780251076145768808142058353118418631044372577711606723
956308279801366516669458644523174335402416831010676396335616832118929235724315555777039474
1366332746172627203627744588100581466399328937585584444271807640806099047300349448973368399
1226705095117644801453301310207706714897612368163096821668566627816561228284058732010044627
1797271680481765627078404329705647294409881594113640281704638832916141827580820939899456374
1392067476397595299119695825638214625452247586006196159551889654659926824705881795579601439
405057688437873657785949874096734984578575999929108780278309782176041076473228036919274351
1502202263913687234168095854686937195581368277494269103347655590177542157314190945285148496
797893622765451183589363840570954264701705509262436458586181880992178677065223345167275947
919745045623065677481669185981443587654975307401765083248982339442185887114459343561383567
1166629894764645930998637691834521118205815412995258194470578374032031618535188413724360921
28231058612057789058189649118198993595922309667293538423347352441886534934748217774253145
423733786312429614493088520210964932043025165534331073391917084048091685964216063695712336
729340911604387366165957991984029615142923039408229456913917556551560648105493292505652922
2011363946071493856388534668627857337482862533912201912158539554509888474406091646868363820
47228597873301143191180211433143708233975179277212163884022775661599746690667532672555519
1237153222227128030927083132402653367210752584606547916724368380185383241723211449293271273
1804246511854471092404618495406070413658156387597451750732289601388903992086550754195776868
1319371456259763329923229051552692672099217356573327501916051896280959617185634840134845576
111708379355049080324157057273494359826569673218944066660714255887520231805120290299776964
694016968972975988263836996755952489635485775559523540426600743639627514527347687624865572
366244646661476070139610172369618823182096783370425695618477314217632678275254622697103147
438982276880351187708919309048238347425194295889695565512370977862642912500351623491781425
119033572603763045661993145825248168237549093819950247261206495366075144962210284584120764
1458448103811298091642731218908471081250132973165180145667684760981882790181885168416824514
1180926912186508503667306638066710654133468269872365308260542657201370716372736637383596028
263805959812837853138856067737803591941091356871066714632316675629844147852224812417407456
1340972479867197169187367247990931460622768496587410610968839974648648852323270408974271010
113730679056979959295787594971967988134105729896768430354162590955522145982019590485497539
1477270668212174358824711695092845053425279119844907766631920662818294091437773595454161692
657771829896095938937123194012602839398446450794313478374689413322978528137350831955600453
1878260166022789053344170431063067503249407954571765576193493436119684744227523298308726555
800764925884449376894590289304636590332183453301509452769194551618851984823834364621161663
1359982765241175452129602269319385410682149473562424537098642046465611248106576684836424255
1668190008257099958247085382041445513764831914490513294512172449852392159376799824096105042
1583610910998108875167241718712932257535843177564909374726633591222638696087577616430762618
653198288929566608503778803095596676315506718264586920055841004508193797590561217169236350
655900995636576175981652559319405234009601683742431683401303787607446225265965476080865991
363384893228959694747769457132915132705130056290513892238191933476075044333411823577895809
