3600
~
400
~
2
~
353987497828928235179058336859747614574108957177581053687305732245650997716433408885565516908682959870410162579799206455
824341373351421745082690189100752291633808457859264613545174562901964800773498284503504077543975951205283334026455672884
1847679474585845861766180472887791299878564836540533058671229987243983803875592645142864088061500841006998146379929541079
879814897095664685448572960226132970034784716162592569066016283426358805223603666325254136301843330271096449347869024398
1171586004646080802965406013413723706682677384913065731687567866169884170274766420475793188391630787228197939210663525102
1669330469305569174008019182205112473736218300057185574264778750041840575961637623690619844504589621993453646147607352093
2453898389401472472201039164172728112878242410613716028833660246450728135528316000367567373039413875041135554614686093740
2250006920069756567001694664074157369346512459221813444836189549896856421681514401760406006760285390619337826731507270198
1082182798424186758560685233745253147252186083517608176843835509205824940616556547059444241265693028035805642592382312747
11827856422034136169492128150144262011563580793701279357999270360438417965803362297179915987062378197367160188294937568
1508810955171808332492852856604529455179205105442058962999211811576664681959591139249464451788087434465456989414089153783
2018526901144747182855776554121100298682434819648916159551684981287441566656246240883980715309122587592012454408856806567
1932461716186994985329767105024780760755497075654291655337404008840610094731254910754393374994501431836906498303000836837
278566159905946068184423370064651033368125752143588405107502326077688765816320889975370910282489839009482761104485733159
64381264996412737808215779601971548615998031068764537858743031141719052488667866456001270635626977276120150361428213688
2364506121860906526701539090813422879642085630843525977114543982774718873213577361092349777803645508572420295922950344811
434913821079643935672713358259725007007785147890314450929003099765507756750176627551747285419864586641835309800297584124
626040989811671239569277231587377848850534088506760855700805671722871424397503349654066533091878372963226687869086013749
599976823548454998050905195202080944492677794986853158153755029932825030638001478261702321062281287263063759828843717525
55043821375267778970585900401399338550186479934288273017099476925712686288104810515351984328005072672083978848697582311
574790597480863220938200306524911022445580393954804665255537470711960640325484909449015990398530342799882764383230657670
927009752669034524912898060051125077409229032637114042598636406590136591143907761558589161000409147478251541681538828092
1350840658570798740895639837571223416125837742117110306831114182396415821163105837550177263689830082610980604094923723304
1188602974193229676390711475059402585620197820626691583696555108698112138521099674524485327777183175515903101559793640426
346094524132319720412288477642064864952766730548930950728550053877506267966779691734568302089828601956920461925869636388
2010426421663055860946843507108150855150140450908401716900557329833055695860859536183189579781156367440828439722389306522
554555577539673378335798054297728751839693824524952779521780755730363294974118634833158952099634600198518540632978867708
2297529334789660581645281236283923680046838617123804937037221698149361300477038477473218012629903739921474551365080491606
577716895492093117742055466798978426920560909470871858224479977313399889284479169804732763724890134004205791422399344968
2071573902720967667458844450453940824603584409764471944949697953572495283020921868955583691434960991203024584151556449528
1614591245156057946824026304795317152755297064084616267759032703092490615460775924852167552148353232145396450496263129386
337595792054705142847457408494563069622109920637500987603426447685905648184686447258482217799791956888635908961698077693
2227407879099801553256842792938346901082993583768172963073022168839958098990456537335911458854321855148032055268312955231
481717907614848031157065554444072626293141356922453075949602769812683099375953804294646204704107764629342136913847203344
1924193227120530393747751841176256412056824814864858797055886070176427891369271758134476117927050613411664984309953562368
1486117960112519151302937889790491888985550037242971067749613093010366963162126517487308346815167474028532972131060980966
2424180208969551360323422600427042282922545260725948629979066212248067946270753921751481062545948627247479129503457912451
1686018023665880796278035632017299115477354874449545786093549054897664248885075122103259323146541944917391518930138170665
2045314633531490251025151288039636771646941603970848961490214087132338737544901215076897805958027414814706690116312541512
550123542733120086639569173884714441427764313191084784788760788247013546801794175141177417186852874362853639157266142900
1918695698759522613095242918184549246478168634905382420349517651874557205530702306708537794543907360314283912050953236910
1353213122731729206254329819881381865281008908046405460888854526265857029820443116866449458437777956195374275461608845339
1614690441848258039546555997661914785477429580021075528503898360050165801113980129155874398909846973380050647365850715429
2515067203232010470117512456565641680815572074230266314442716602769332287888114288155570448697658202811492018870307520524
812483231342655030225861277473787092354081131226383263285572520279643117264751480872811102818324910993943826715926062299
833432172644895298897019561172387337330714065069744254199795693392607662491747398806897514841765715692927946928793009734
2337249133381804596482061436585212992931731525032096418315723036661728953359161095870069659801330969271129884699318291289
1795859654866560824507647249387247348792978757175983503141644453754442036160156806991991734243923060665682933389870923349
1678068534434427435732731752806239426954769793632331813218317363980651203129161256425288248300975515372979041681810833230
2197171434899085823487048114510731542680180916772189310755030444954683733894655783383275587227392752125834052717552690072
243838238073226558645066126630396844245231279790131614851037437250916295099441009609997166239747628185776440244608906445
246973393128998809589459381288757058518587552934313521552235209276700294379783147118609125488204512879985999889126730155
1066799766146677434001113053401082038116851892155712154713392991440962349583840573896578506767305523815314450424991137440
1579515051109389055737346292557002883695700315253016444205492704990959287180283136682467929592395284250717140766901009391
201963741714645181350420150128147647314222331275156286765987273476000179341845677950776203801937309805581566681603982119
883055511657100297052427073247730425691697098129533721310877943935262743771716033540851737779013682428205813535032008343
325967809011500267984399346266319859068691470767828188922151625873631516728431932085477022541330392014213652714955331053
359557444500324687626197915031086955672540105838035058178514100086053957966873203555642188365808214942272744356956983286
1034478646056805297342906039180686929924829539707502599593894834709662762060434944122977662568731436750752125349594971981
733074340042185572094351820788906889712577109708266377034765743912062128793881454420905135094190411094122831943876283072
2075504423556736240772406184172309622014832870990908757196321867288276005887727531696671020372947365672513489980800124593
879546025278503197580403277774942092227242982989769950952834942374219605701979282975921946849597404417949967586992821034
1483134858879123422926677632561772941122029053771259967230924719949664762013587558226269882678745210243319940062482301993
607743502868608286376474426173767152965756029298503433133119856300043705291030221998253738428159198632549689683961564956
61992618746359080479028353643752152304431376925044297750656095218447439505094777551314571596235514084470025133468898449
2471432028223316332406096025605065441181623698814531730028472856936101756667395208752763075560223869854651945752988549998
2121208115323652317967206079690595667681102615677000027349521197533941119743872727223583192005159224067557998788093987335
2260700048360767396671242141118820919894482058890447225149101092955796549519911033719740446611804824354705091050478622180
1304599387437794597401251135447139506937958748634349069136127934625887057376918436399573755318735940381351775817826079247
195634955929574012481259073585920795142101417973277686494113228167121899397798970342425190710752623748279609926717019973
1630421631928665098103119908276264675669675261254592556351168962652487313156086475303483837855342254098734190219362070984
47735946218845162635405669034295370875291717861382062581682183429793259738598181972050224131472856300518893668957449239
269346652809197764831352958492429452425019379108233934068193844647093589879913056521309843118694146043828234065955601026
1520472283069116668285940890543559578385474474117156040778075051233884477351955483775282870617397579951390044754041755183
573835423536052380671314593001967055733093893501230343976448651848224829379977348366458076788517531853118300348643129225
1835461126284936471002038414778858953593835015888355449159775997706628800469067017033862459263149208429016277267729452838
1175101891243661240573172524345103733329773189660932883094118325967479254646537091759008946072756060893147116424632232652
1745325913774329037916044554478222991669936237573736768431283296042484089193248563081425345786421670117893635428481742523
175938144343461009846637263150969826515056460717442247630015784788913846497502070914118297864928309530277491025441036555
1081316853286236186898887744504687274622215047727649026322806034208623933036216586193791974740619216438998495929933240876
2336635053628536844400939715437706659874830872329826768133312482179979345984026077382573485412628850099927201472997276150
1987031504556206903803816481646162174466240404558236080591406898730213105316495778748938501054496647079442713462301243057
70740788425390338411290645062887053775837457457097977341941560967649325347395718647358091441581641766726084242149323512
154642178537623850445477780151339513128789919252191472152138053307854306445638379506719309248314251170613052932591653827
1257978896426145490877971850036673825105989749161028807638871684256306544803776276784285406002279019963990363325399456475
2219357764904305443123975626233082793666952066947721286351668154689868564237017019337417798214647812337797963425633267595
2433988385003486236129727636088775778229963168452785217491739477171511743109348341130448919932131514058690803141063922187
1014114756398635237910863800230061433986611169088461831720940454970460252597778683593110095274565056827559749524603708325
2383328857780416389627750690150177489391534892604437575927270664877513102080033360795913476235460305303231493187419333279
1195816402544463801433318782259592565623164821424125988959390849054262509435857120834652862832548154838993788487760408262
810556905583485399682239966933182038121811254779237918660282546598610009002300545499520044834749585516889474750898471093
1360268917449871033874294776942650982171111485608088320452465425648344555453297200286610683041464526889930263134609273932
1608688515295051629183737031876004244372244678236142820977788455666374203598077249160928039212875273058863532121043401322
260178456530071977220206370539387303214398973397404158595957899621059754094022463608599110790458977394404658854491700891
91662663363740023514519015254657901595688184536744597055906648977684879732077803765623570715079034918276764674224441744
99927070851859670222918415088058121259411525022281128575076018217813558000231263643315423972587567308468996663531604133
1524268901779658057642354449387214830705817292525549316928254518365040430989847054744446081952864049295644047084819062341
60870022214993640919713012225772020647526241783186690806299685558624120340397804693957621528231669512784175957331515830
1598424986825667718219591371178097289554137355651945578236474868689819776860810887041161486140488263718838641334650117267
816951954120654633750143988035919076796425211350713411260184786147431730531714812259425799239681729553956766252423209293
492227300230887354916333336149848979912723405206041633552048193356979715270003963282664036707002123719794676181064148655
1597409250282534159079075986131391374161421143273498417824885950515260770784108370977561189735718059799775471850351057613
2282752129682306207065596366517360947046990836560749531658943046872516457870154062221088897518432188068982466580938642603
1707155929321568364195615508648455412293986842141385258752727621120901747964766171620333288938014115210185810013515967384
1507984455705243198590043770455060288005941722172513236761360799554445664220542104503742075306019971931471838219513122367
150150580233612008130320171799843565899361350685701342726258134385371570525101281059381846103645654478392669207358682587
615595993166460018803758433328236091433120193641301295351627298183400878206130867609897529035472506010938242602234015554
233324856858059132841324360874209282901185846850961749909998304834743105553663644924618868968713016329685549798375403805
393515622948814344062243973270163073447809847504082204864318964898926171754347422568249069274788758950333930266244251543
70126150844232686577408420843546441601063282589280094288152590038274078205414718899486713362906206392632262383318424635
1354412917505315708236339562853426311270856859550836163582272017960368291687086512217923017089180656331452607783462602146
1115231987224792219190797745748264551212810216096705019452281777701428637920062256201912253555091148404912482247667241745
261232015793181796412553668703653720080408789042979485177215844899391635590294221722828286328549044342987705297155362863
1341722843509187310387590945047637748827086955573940753442778379185248442810975270016733019565050558369795047011731236778
955544935764787815096191268570413200146022078757891599946510469997744695539035553051766517848998119546983496275641795363
2522220460091219994437924449833239817412639637727217616414319873129629324036525802078114052307054688728963764335625607511
1376419453298509138096159196121360570580266729066906491473979061712172426997768447638184194917112496782609616532626302916
994516667703011045573546365648737844025956736333219139273743245752855908735307162565348336757081539244183662019765564702
1004177363948169162002164050552119054404569901281801993541162857300384279324032236153350725449502506080644437569235597696
2376347116398808901656355767048844390168535608899540292159806354002216337182824266435668628781447531934024067570866792904
434060420035089159987348126069441422530005742009315914180032183074905864435640079821755404364432242743870625643860955090
342214321629034875302328862226970782849306726261865801853180659575995018918898687739831947827094435559651411696444670824
2503971432224201894548707790572479256773714870666530324777225760307143798874865340312291306527957490449018220967408643201
2236136667585830125275452168814748109608062094802707971835148974285114969851172803705274624615933198016427674802910257463
834263278922536713872134651433676956143525923054273853364586335562050501525321823999653487070453671223325189686764288456
795379349541293903474337031742188964280434396309515773919535568286110702471879272594652601537558355545391218402185117115
478129593048575437836953277447260664900378853792260482357477510831428967385310735217385959191080629814278163052742878722
2080157150891893887619026861659507911373711834370501038318011204917377876665358754700348257453710139633852209609140322150
1437301145244987616216027137506217065469433672270454343873837519309448537262006251506155705814010250800083570591251020346
430378243492227956812431058655233674150426649000847233907685127149409974122748221047454563909545321105960099931189232060
813700530701093171284254761348351966926032032809946770616810612357130033021249523315364764433338804612019526049983301153
1284296435235855640368410282169783798225926794826086207332702510045591935481488984056345461667184040887344748097668178697
1551551956789409556306362181966888119698070392575942834669373619960937147626761044770360749313507494389586087959884506720
2092671973785677886438377497295724894214354962410480647898043489462585548253248278874017197079764760574371485632777922187
1233153256214810737517460853515569260808859145695465017854372214594119151237675670044566131476145157288393442423532348699
302728735668906993024661664935725756951074484799429507616695684048631588016226630007274140290398924513153018557654146827
172943001817531622213506145106884061408585946379147173714135446206428351532191985665686906171987049034050162129122526325
1389110816331858927466307459376153005836299018691810684712989355855928855407851451938650692390066050982666696971741469445
234539945716255495770615262235350335456658885619141728778145890919569626939597892769372619264290565668771311605986147722
1321862981615146889199990706550424817162962682051196741427953776101023273927106091528804584301701310677475458721439799422
283719791509902110616708507764453792153167323650220206946283708228058718097250931391445764856419650929704057468585619942
801848953792346485627961475501739669430098565446752421640293431160627435693563101607463964416154066440503145574337905680
2360480422189089666743545171895750722286809154123678903459184890972493644953925094307484339854102085022198680088947589273
2006290162757709757771432798771701279038441580191586132232920616056567725786848658105007618725470304853840186765089121623
435149520677721811607710864234440521418147347898195538991761921413842908729935192291491619585594591158133882977521761421
2042186797468297423339904523719336705112828961533644104904143535977976966258961032119722213073533934218996386145042645314
296940004742040838100913595253003069640731038098103921741724654459085656677847424387913863739552409412367963290563972902
1253357169423346367322127359117800632510005061071717446415433862028774687564875831311123574776203737347486442340963038704
2458876613426556288617287675674229581294633515352174396973187098957190662074457376775614591649043983512744321782885793524
949610449957479505467463302838693783330025524241023784349452664776768154293397902186680083739408174362835451389594778434
423479411666959826245824079253944261418900068892955593305232570620437065263846033103234976472636951174233128871582674968
1797350743507771885987679994587658967555845460637170695433415596868626874551746908159099597713244215911399741079849173357
1446448597636492208080075027575527562186575634438890365281538748205860628244253504629568370511773566057559869076651359809
2385529421875738272257431428172918669241440138490811987515087386355658593651937545123214039158638687673879285309130514231
1478910189657535313586323236901678185181922655052222781876291177770227580530829614726902773241944222137037505631286500403
1881136809678099400237146732975366146876409262116160701150691870613804793217883946758286408359868676870568634246233309472
585642247620040838860670695513442819299568495778791980483820618916111598519437030046895808515202045054917016937140176674
496155687179939999096651167732843260795617627240717484094776210726614683755585950256383631102173108696358747534324511371
1468128872083351185650728933233894289434166477043467220030070848528009519788647988892655519790495370537054697777087659606
2175165489085577502823096032929460288531988377160014428820499955679411742618569701707183254705802711151083090396133422047
77232684653057554407718573508098358523891387829476716314679169967737084178633448435796384113615356925838435935250441164
47871939732065839570840604404091499409551416728723997991287951050918401159238705207793017146293539200884701461054607733
522636148403829170045239410259627265466742825003746265246703146738385087143388387920391547696666441125056911029721107615
1733586167307284582255883602618668399859116071284263020975491995213806519064624099173891652531319845761996084138250947125
1261510404865493853629970562208107253375177417449343205676350156398706401065169245770235683220098525174521822081995453649
743083773207777269279145462875355170804244841545006266015927533921222352580744647254029373476823978653273899104830175831
1560802965061071816577197995592889922069013564500484919524592372253410956644668883272036143387152010455602838895771916376
2555981357521194264336579198651965587410799090522324043805258911062929804016899432050623536852139094717714362875626651346
2404758233889387942497776710276890671075458874845223801018680830192990831844844183229777187284671210603673596723195459295
2447262169633546093311884216657332257417041714042534098276997860443643235723631592294175734444863970052477220941729728432
1561855108784980562824324379172539396624814115941419719825074186653768606815092762405809147618279002929387417544088729850
2225950675770118164660355738601973767357378066123725633330832145370640154461717127649311924844428347865170219713435539030
76002320340759852905360736996368546820342179835965519441448215163068045577512601531108532543165340353460816306462574855
1681983148696928348844146946003119189583073789647937869816097919931915393640496353480439792911851649038885422274310989123
1005637298124400607694698595139850227771659819869533144124623116623678116852445035063314474735199062742832292405330456991
1985625868412208552523573477783207136001427059234086628073916409892591326478523516032334614530235714588608745412661651021
2026299068719529362750141207308702419392225208808523115000415601574987850304655241661462329481100938822699614043095221954
875986021451145437543590381975202359488899334965860344723965184704407428923567783612508337635128453580737347562158811863
2187446305623712911137889354891362279747729543778636199316700031028276467239574374329665915830736677880139503946646946010
2393393568419433956846464483831722761992919009625818887606988540892995703533991734802838551572876896891404853955094224790
2338632994172791789734139108995767867825964335474572730802703633104905618152320634173838716597594942406666420280021658172
885280423068686206169917138857485606139425705025651380155335868133393463979193314994544725979823638501389187012232606031
1609879349860887431824987328545211268755083771405229920397517550312446002790746064995765415780992472127349438696117651697
351141875283781436628768559523303439792049333763462886357448382514633694326764839929220984292641198829683186507214632299
583081001438275682636893234269397344430130667757395103375342792723171051622498055560778100151281553561802400188771272345
1783355216493720436115258621113004099815976010833446220791867741477573852801355591380285677156412113682531566463954574626
643597214163939755154814157784513327203213650977188075019365358187499670512547025625987428189439786608609491764964712824
976988880397333909999959309892472214847283423570447989100028839536374982168802328949824797715680465206829071105127216120
1208143252187662499101967987467751810633379561428326293445755184095849379140233372572954726180770255763432338898893400159
2439805466205994508639264914089818000657348984401107599745745062999465151442933772391283295073356869232335887993628371970
2530718561009741665782805883969666337217148408728951592197345502434335656841662548024156094415660449048049737351036813582
2412088736889766406983917964862569531741385107253921303400276175622676102078220004162735433213065809347322917320095690726
530716865292414140427675984154066820677849108448035241618004770758873038290486433977903060394855864443885896593143826468
1323145865264822988695241514661340772884688528110559520644563748080686944459096032078166573772990059658043729699989827999
49845688091488630101735734930342659622091859764754883669523648389359468177469196862144017603598303384044994589605747653
1932266894857531026932415562593148451729849356277777809997536744418322157207301696042886287521369605038121494284803975784
695448250796489563921443220859852390411791781685845649183277772047691940191041302683249520452595371236497437729992122278
478790607591083577296459029892513924252691374590994415587072716797826019236810196680008517580832261550158583771361559216
2062530760559083638632949427082713313013848596219813355167558865609696883969141592623367242328637789210427787508760640900
2015674670216610789531553810675185765141321061183978004503789113367106691317379198521977179712457979167521214656725026421
719180970234059892188770182689908567621277839052575233883360617644277823009527680871642629524011988437256565797053434545
2469836442713231960341755466743765623917526700520497050882047301976736683985908070518636655464195717933059666460136249312
1369134517034577583334337151306851903882149896351165695909565161984099284453670501256877229895997798318895259119330910642
166560922043504931682479624340652634365577938845310206371475150534970582603924829155944498796931999690469690980812337482
2355353449521530637662866126893490862191763054177128908739693651029080667297938771187847478647169463143699523097744295161
121131035569311097627825510622390823986974519565233485394942652099700996698105232850338904745139857613145229450475797285
972968558997465091438289616210116154696677437123810682618170919233839107035433553071536523727469960356902775069518589855
2388608129324792472312198155585185438828534353556379603132732303708265747379046218581388372016798184455703795474838009773
753528725901308332124895663685746797604103702775921249132141886281503808851784087760849660411180655766589223104551843317
1124797000115697404461460051083587700502544091044998956235304605216877968989013343972131277076365795502209542811467155740
1047728199606312131126576126299148355065688993922077156099190050312204342164948726318020749703012948714453328010019828908
226864386107777808919895226511710760448761164217690485651018336415992847094432394877160757683658912089567604029115659446
661986867375542725648711058973239394731919572258268551106220146448648587258650790135217958639964072643832311972998587648
1661359483145408352713489331139067099779245038113658362316703271181309641576440030564127892943734802099272734632242669974
1048105491495815467383908395502921249714916173283124397320727932724287010916241340622051156794761008480200886132882842080
467832625340127129113344788448938435582957055186634691166754918869431622766396873762352199449171448933015686065479752953
783594928919657634624778515292272219516587600608743161058165119577963196124489726423481601385969303429115743176442289232
292383512122908678198532207534528812708899308440099107624738162844663531660657462215719295554127388986523684131219324388
2139672117706509029012623113722089755656848247053562056484435392705326567622582913669652389471461133308093481944167513725
1026170127582784786169302715027567780750663257362558181728772350761696041414758157701507428762838366667416350716975396111
1523348493178514992338080804576760991500943415539839438910619357780090314265870035070800099085244532802920382006633221187
1471590881175442534236536000566778369178680198306935725691451952214918219013702753412491878764701723793318209814663944698
1336515857533576776256162050762597457559693038888454266769081939697067361794324120300540783140885833962667656889219432265
2233957124772284162478730599945213156963575448905045528723698781825649485765815903022707241148403762970835585790504903507
1333370322067626314984240405899006200822855116532033352609282206000509103033345167187229309774790300270991709841913286445
2175357583996483002148637423381584270182401599461630453970178185332361243058175183438833898581024620850967176701184701883
2277896927026122429670435027942170418461711655242836650597891547299439524663527271006697832703047601852012128979481740051
194336252441491267551351406324775618946101028912153431795479539284524976376911882911578162994035201280741217531025016889
2442601976372045463569400957552279643775132001806124954846900726293702474563363858997345217457151937367256541705338274121
1205443082556364835241439505850017807357988097559670458321972337818759904028519661190216817748657350749160321744847731462
2343005692966714823344477050380000416357516990459271306878143018598920669536374121235088395581056113350066792846160577883
218943683931742515785281172196109434109839802669092874064380489709307052335313204718745892528822199374401429020716527665
193403066831597796919872869118907781183314397398277712831095803146171197187790866177825574374328436635767227378069234728
454987084898497262679012513318850298736010915738269627073533280399435871244807102140620735326225256122891758498952061585
623051576133529775049361545431171745139412730647552657132159077636696203666952165598448154317168695118624396321225450597
2016518499433612959364509901931947122632481976551513804295514832409541182573826457651869287447050209997631327567354922221
810599475829082864906998295896193643112367132008324658945137423062863449202518426493042099660372100364258684297626119046
1575550054192365449241026435184999274393493518865080210546585508519728551749212971030500616309854261154682582405887890873
1382847469167933928456559809304691623129289908653162377395145803256004413409936817561142055399361056977085596401504580330
1577540606869558225942269986059345965545820218646521924010332830541319923041185643220583603605755459425372878111119753716
170884843161468092932464554863769678072275377787844244143313082985022273335400429039566331417553141726517456426113003640
596915775680808850108109430409438407647802390581283055513071966359427855991871838600896190371955586466737942061475098640
844825293960853236582185898192090864318907184924974202006626192426157212746653951509394869505554539761545626203408026659
1571137283060397254794871926749266457467478259819006922695615553316734023753297786594691350383555456773364378186707476287
2065023833656025257181717545659398361796489138809070211977873538829590155564792140577835326391954614475693626516527926436
69642470828232790564496338188899351112930968361519403500891784067156603820723734223382374046611860988806188282400160982
104844390503907888650437438338897291215488723229883582408140276951991742052693832903643691650381495797123428346019659922
1536210164442151345944900397377602331969042658359490224372190475837543143709188713865271564282546984947714332545809438356
2273125821068162933222934622147487042158826758799122220676531065498302113796629312112912847240800118819227975826652798293
1574962128453524465613273323847039589083702495124111187622259855613372806951922705356660361055607236604201841197180890983
1641462064338373463981521160924907512192224458255768415862829317311690960660013053260827588121305387899152145776502918249
559772443497598703020106576078213141420637717619119403743104416578794324650099225114684708002761793838021325937857751409
109948046704405326620763088819926321858333032056957387529042811609836463126055204536495902854860547698383750201960801173
1754639449893909142846709103284571057057056911243068672302026530190755201608710376391241453862230503202570387337171772096
532866872621866186717877601192089524673955916485841324199395069625163416366613013802024997986372980961816757049772930051
307016878671228126411998575264891682184948332605152255050326977022109303652493055131967173342694641633964923810964633153
2299296816607430150828993680321555555373576094331477977729581644664405943641622986243520984112781675788037702231867366919
1220581705912338958264462048557201038781610983878622817535043811797639764693875388340360184628986930208950120499306753383
2048729626439707057825949475810659955783889098131244890568244686296734213916868555349680095851600071806340303400502826328
1662348159372847352243694175171146360631536193738183457257043443060999287350920487712982136914504789033243845044870641691
2016740553641652118078669107883564710405277875961432011487523954113203175961560880054368903693871098064094803572074620285
267133099595933681823391875106417767579353021841563435276364239594660925027867493347249007292684088784194910142508595999
852303778556265228119407830116153426629491069250484194822629421949687595692891174837923905862498023988494439453085346710
1188255132581034543549244099832541604979214880507153637731542249722893478466789116601443667599688440972509084213883391321
846895971750073582162021133735932921259798004410751948035108837869536447635094398837329342187461439238552947424358451058
1258918195476667295651608587014295896489065854581361685854756104178510478393120352761005186651373899429999922497513557844
293668287693452650865618890651483326357488233791465651960677867719771801860698760924058526046765602701354392460241752045
1017701913240133282094261554690431132417612938431817280011274668018263308511953217280202091830508762116079171245552497752
2044702875736405434092317895918682001150825515756429088035188931068464334844640198208262775674143065859162331771385522741
1655166073415454132723747330241699512126817525513737622273678781160813992324471764209314005049047873556985671042407046651
2133894363298443877363818125948817195115827377744010689981089094716597647318519119298078151153301856004552009211301104721
2196410987696474832431113460295769539069729572690741187854623839816564318028029346614862102867703501976707323303587779752
1843767231469923025773858521120842115407823995512623266983176727542639602085307671193113748006281330716310804692467669644
2579356750454650780289338106261397544814652944683507851398592894097702706895049689992062694017256995193791017536314675970
455149280905755378063627933121526477794336081137618738414907570088347717001544353513277152894994805621909709879185339463
332169791522987045714907204897214279070524736277342661223649051084080833390747623071865333012206409129433212818710058387
453673570593736481026856302285661499663353355425072437996052114810443110627646992866056872661721477765942262374019379464
2399190402283738464758524292333609665777166819812292591365901592364761469231215831673397277253115254726987718574259353642
2195886001179101693901187079009631455892098093529408113064630345439909734444001635026586448498156753120401825191067000542
1755667623073784460291902775895570687919132685936783791918153133598451564736782225695846002304680506417970429647006890689
2266321300807673840762072223064756076440944863990684778023367903144216292435056660124290874363988223871870623047423030896
625682537630928571539094731183583269462961196021887840017688800681456851936549598613212948603306510928211152575049136288
698821634971939286063966200594703564129045589307259828529066468898355726015128258209473780341943242081367022047187399319
1694566913663750350152914712399723791678986286174666449811414880198653007375872660556302275524564443397368563610573460516
592887109742509744824094240268930844786629990976738801865210223857840816472045976739059674170679279877425780651284615988
1333549018289229707858726820969991941192640562126990940992031622143897941200611958706763013703460563767270117625916565977
1205611347360476444382138569321023460598102118563250653278496556833623898073750300260136846883352120862548895176747527470
1289430776168236401018930896563742090653784561780071811916992773025832891100439416371693633692069794278931116909318656665
1622349133591567784182619400930285270367955026754666408716836661154359932075229709501756433174815235204716499169194975503
553733194216775610009329871156409716213096888682911525599840103321737622091942498366010422585035760619445731316722244899
2188159799712858534946113278099208124652487546469467648615462007923062838084402995329090136939933508375327835953096251957
70826685895451188860244937830222088630406607908165284275583443635916927784765502116984883381045298266652552252583927446
1438855083896136585615854802226944937896712270708742620282042085675616719334364005460801668519026275807491081258196512476
1352608800772448736461337792018115319591014041955267300875395732290484868203673284776792907563729293413490064118461502900
2552721333883828878573255916358761871084752396154317946367124153555545980616101337983017102721107613896958206538593552298
2499606365209476097640638259215330922353926104207446446500209583968174745287226442965824321224603416427008310152051649017
2481044382117758490972977015171806973274292862236433813525378856180136925738687578227251089349035364012743763565729207142
1928797325702220851499467464172958654363363614029981361983177566617447294859960496274007925221564600544419049529028117177
823749201264740654662672553878285245484404049515671825899891114323827477304479239900631189563127923376865314230869658988
2014380171053252092171638237935774122636407962202647722159636699934506788631412333505053495800362469409327226794136762944
2025633091923227405256929564456952549373587316442936570092919771787203183049393892603994171409925841179381334034104762208
1944755882577746201442274813189184504853038485708108771791584224482942253376487837742032340844849378186222668722318003085
838085966497478334944283575079383338095361242638723849516633171190929082250108920896928731418060122534303173452634774690
1337600769138419243199595575808482969648261631291252166407279446672367688287250931450666813711432633072164783187016447075
777091683346872107559318449181283544646959194152210941500802539564352263544096777339518733287343147287297431558497689811
2575786638165892797499226731174976947332562319094295376372093735374056670964706936726169813063997618657973807928906331806
1663872495227454581146888259406765391508914853869157652585037503291112847177638215291768744708753991274858494195273542308
1894382369760296385082798732271472134337722811035942303902627804291534677658793534170145530645889426391880925074210875740
2002136620581528102281206194124374939330230887206391082981962449952003098913454904053506051110744550312391094738941818051
552022950938038196975705307616716279679085825409608404184213383310567500204293651644746455739407634459028270831811265209
2005368948803589819349071237188866297690111376444757066712551212284438314142147536825661199934380166360804175207612809602
2207956654524948882565269754515638728909116252728655959078401331260775822275695971128702955699386796705458657400135260953
2237724810909359431573848478663159914690852434243382066723380340944308563458676581200560343086210591199487748151730776154
460079108032820205506639393126454052045054780239004426389684647533768385803452948319529807745826614922575235275312362574
565372371303221084777365509612462146306764518621957022848252361166125329748427831104478815767761607621996703719434080695
142354638796134549225233660024788702753352867379478858279759177390994499722124310253743831182535689565085620096060879281
2517003799773580470996652088481037602215445587327423344617658581756618874520723859786654698011379039846335766507036170023
250531435458020627340392870157106775706476751912016119448562030095255207244174728958510498065598727062179764882715559752
591376798822776410252990536211428578851232536578624103359867230520645231699962212777620495750050220361240673321952776585
509814504403632506787169546307497200567951302196331330839245170059378218820596899866559416627505285202537373996648007961
235262559338889878669311790240207194647104549863634326885395862994706417737834375945021925586383577693592443440578801911
423747153536577461847344758399133129211559984861392711132275577372369421079341859786631975616340468971363743684268135261
1139111939844703215748626377390500724871947949194519342537795460085933239744740189587218976582958995334462361496002765401
2518147068594119906780849698370977936517562170179091829267766561753975812164942416344467992736196835856301100878643247468
593201192978032280794697762499923899674317710220696377449320935078283364581419195346675998967412999046934938142021008406
1573802373782707923546069401557752511652373545574312845604781626156088747911493837114489900522166129527607349564517211767
1116254832787767829309649890645660883066395589680614563522013172876631165906431775770190062673690763283917896136223894780
1775051280708173902332155152410656227845252888273334559527300308488641837446737333735416340661607673306101106238166855062
2449798653418467834598752155715674018943650677067561531058287685652152606900986549965018849077799515543666548908463195334
3388949508609097475851951339176792040496039415122371110923103445225755059269396640300708176395554207796691153072004876
1584333693436827060255949810272993339438882901875051777001453531135021338592710606107888563996445352160131559529466227098
2510913790119549832454420151589308545022193918209567601570470667090802364176126154470824543315261397470381456155046566506
97608081323957992969762772339852013109518463834832299760928798565005593159948330460082010072372834994212855785280651652
355124582023876776079019819724612561150419122937092296521021673083126621320775761747927381836491178347505169020029674681
1159095890410178064298574270397165880158335010990685832709548723061275524873053694924467244112819163280657470139833780180
1830346023357317090238080085191680755413238075220356238147684423633966441202962358082091500804085343170233110772160756933
1127023400394656180407599249716799321478314630488133782658629937321048390648887331890774967344614033161825379115089088031
1893276544460275675805354748683097647983792644111411713739683426875482032900690209558275167115858703854770787343982489391
805141597647716854889895167996948192791624866621477212321080864384117439287426680561377448153599912770695845044901827513
2119625658539131513667839837164977319113769978521066818442077949697104437276902162044222149740835651928038535834411590985
1276141804844597437168429387620948191875946104338775481955912057272875662605267627863614258172065022703482089979697474667
2210229434548563373864180746372277751759103594103701843154133394381417902985674485904554601895887813144352713224676030325
2500724946629539725048909957883831195299532823695680475371692547193486730329086256289798844531990871680612806993583348132
2543014986198779956402987165082518622452053849163470119554145966527240416366772990751136058001333324718003735798242996450
212868846676700208346277873583431122142632201853009539429725246717837858148440245811498151556154286415517789507523617170
1524621591757593987677490856872323153348287993943927305453189395920850053824200333581519652172504620063819513443227020973
2253546057701580761516012306072761989363418108880802934389076594159705723966570416061880199915107219856719409275059103304
2076445474200489386644425191715956938864180334461683805925215739791925325169385816912481922673836031687871319082805060506
2408951327045258727256656423196634194345364183235848885242167365350872753440952685138058173749014738897605759641585861567
1715136434016915383926525209838462866644559011753006872386286638080162473078137412189347371996493475658887113767104280147
2234655271344657005434320032111779398175506572455442264496274036062207514779542028781278598365333140789173396810427309355
1863110186222803886789669558668190473898557755249541124040591244005524698905272748247464634136275983728308116273039672048
1913712679803955093982167639722919683027437156066255541899595254496892790468026102772683351740580020452735119506724630036
152264388879270445795528258106359653170621049429477125662913347374613018449818910646508510455627053695779892980466608455
1825750852058631401888382896698025878214940073389588452799538805480526689715644710445933745154555349756467221735093741467
375848546910837770953792392616537257217555118392013984508021439788308254418375800380471674317353115786921042509264874865
1698240969018878233972393485619216268995559815616374704682234316417091494213596000909161962651403357211694200241413446826
1903769969197964616395578945810396444850071330243140470135703077984057950417756888641651244302505650306051923822314853011
1894940121112872395979765314684268945612195032006354475809701726963637653427902498885480460368245629118008166814643734999
167979189940667400800965323899636918760169099201463951608045071161902400505244998042779232837910318344955999617621246901
1548292147239921580080763443123585724723291887852628502227671336713282606322780913678921221811363733257648851899121001733
1815599869805808346189929538064626973635365628886843124641757166225926090361642873132392570666126616418343187081965521632
63029464043034607423365565195108903332708423010615939629064441919527147490922000365560690867005776183386442603867264954
2545221997654797312125739991666924552089642654216871637833390555440959000846830932468094691581471594154393571335569405034
2291878820355855478206459491013077587224822985199254700498054995569854414904310929505962960510508451989705078393123784544
1104656461760839324386939916684394583021241920651423780681556683274853291291851295714365397410109808312021516844497092995
830674231328373137194283919950861791292931212374375267028532730965023993551606152438105790822846808200416852450043564071
1974241769401331341966522743421361710293062647853982203111508879722744127042905763806380004056938341964983256276139799416
696372905629083730763608953630953653420342336641370338510196234111395492850920934849621190432220317914215968849558698139
2253881302502153120982348387847823332089769573618907819251945250634871534398389294256446584621205807268313210910500338632
833482582293766628630704908207674445953634447031306858721460235998071791428215592333157223070250852659270992578024225971
1506776759553408027807276534187897048118538387055711819507408237955623764065237375432251760354964888354103901089207508768
1331539575504744410365064461621966833087937885208463804441268806826267555395304157952330815429407126206990413549634076629
17016236343125195524150816902298339766379792713472936136996259874209288817790759027253492500215220219455306421930416219
123285984060284855196787118312872094595338056499118599313970788737323443440925789338390964594439053841230952208680427594
644430315847945546868907815556204290238875979306883857014976435064381725520788278393479281883082709526641393467661891125
1075387995249337367374993846585140905343188792434501718364885295960692543631407270016435820670005767629353638560915140258
324091611527954884860709951191979029223113292386259486582608750860455245800648933550679511318000790352540325773560499137
2484404054094225043160080021600048985159422608536375569504206251158436791505101443235313191931350624871435542064619188979
1442569055223662433580337510603894227384637295135554813936247934072903444643312604141946881924998109034997318530984555308
1970220098476588109372439047898709450908944992418499465256282992627048215520520718367391871193671799276801734111306051291
599698198106842438036461648338857506214356432642346439014216906939884456222407669470115361106743649349487206149434587788
1591775859296645295811950239836079497401025412795966874709006553782963764656203025561748997970043188118606242251935554808
2485917799568602013117568232204644185793963602787773793164062018971945927270103295123613257686062558213668852553837023903
384243375912069011602577870522330448227370400497021455812446477739510259858990419470380464033137202040097726669623156803
888853609821897881784815996075624923841316914541794093731736663370269034418146667213098722197368139775106560265430191964
744188093468275241914999504682202191464121095467623387806397649378413305896966004986218729575446316099493214707481344964
538995164834038963354812637048694433527758761468318711948010976250289531136053869583769694038433392065854826408682678370
2054928640127819538568143209807084228081759170707932168415267278096700049077098650381858005363060698220539699805800986258
184677748530121521914259410710997304794121231108095494860650386871682585399086006150422987835701208628585869559761079000
126149896550273047881975328679827622909701102116582625662028883941323322777663813275384677657732965378851766671987042827
1391824921110037761126581250246723387791080211566279481697476417839861806343678241810835191645282040908013016858866801621
857562223771385671854611426710389417285585036705331324130758858058405021224806918722616146270373321561113147156460545157
2046152298064050544832716174532484634145751903609706929389429269479593342140027119166555042676115878222970111893245276699
1978041000426377899229762804908874981312513569704604670768525029655466903049946709418121339862742297826377241019604764133
615593368913115779510135158297176098610909453004351599050196530514474809910908153463240292165647708142701022274242204183
245187318573625669855618128089799529299296683582143564408440222536326476739904378042017306764346914095824334915841672
496013098750226284952420104132890042496950642344462199665219629679464123013165044667117058322254984764480192651476758798
59157536442740997010731550911277279347581778250765199648190346961855203051695495761243832014626182082135347071769829974
420428958295918433855459047411618314728655808834521264256521918423188365970406453047335084028564903398863891670270006320
