3600
~
70
~
2
~
775491913248520786975
630845720204502117872
305984907399432385159
1164502942278488021026
427394235274263812817
228351684996945168409
656760511610010388875
790762505425485298557
102868481527972330499
532259110042950881843
321620092683869636695
458780056467086755199
455460175951228207430
369429220607723034044
665235909758899294437
102399713642245192830
182282383061556801695
870770455214963211001
814430184842363303316
164933407581592630219
310707214765110421676
655053568884582081986
1082766423681282040283
802638398379903571223
581870618286017834458
1019250068801351986554
22620623745096754377
73556612331186505345
180204246929192926571
12090239961755868651
610098051338006652141
37430670402423596456
1047475482789162865124
1153685373670164570095
1113849125942384471188
346209930399149232020
965990598214282483576
1078009897409574134516
893688496332955525715
1158963365719265853167
952379736073671640113
722357940197216013127
332808092104164566651
1165994290132876956093
571426068649903568323
745378406610556711840
1057378496553810184348
318146209993497449350
1012798609368631634253
375401731955112122456
321982550151401698710
1156643027995171567344
998012761836802119993
818956468837842195440
999136931847760359404
576270153848784738917
1033619834728765877926
341506988586947995290
36038135057206413829
912481973063459347584
189371927106136560748
324467973185552060341
763060556728515775191
125961940614965715350
141332558845857358599
398313415078771767589
774906351538722180065
354246504295564210397
444530884544444753818
346214676827312107614
