3600
~
400
~
2
~
1473955935956356067422134372526101553777416642492145490905706561177564773274419894095237086405782547094171438874318920808
582092726974405771615557201724224380601675265056413949493414089273010270231468829495672086271707816744547593097249542768
2199438587936807770011921398583891495360577156726312326307533758815340059665910926092992882749615020893016475127718709980
373939331441925075351905544399195445048005517440656865220971147941840555409571475410757533696041873000299578090726029040
975171839506797171066199258746846168925066063226058877921669613550127907419106373905472543760895753203684245331925643783
1226928363292526018624126211509695714132702756610134105747383055602418676932552180331836964175434473965583627522884518866
1731925492134566291555994386380921249574462663101703932868051354310798097822321241739231996813656445761994753220943452767
1526931459951872456483757970227553953442740756542885515579614377954942408525499510751285302676558700536538792057231145802
159561140915010290811637635122477264615354377475175117891943713755980163481253860328834482073757343719764838188781975622
1394968262471465989004172527264384211460872895520539588237132078828506309579240339171158693823330962052071559648050223743
2131749488817587977141832866955467056273931036100921470405393130852261889371779313741636293777303339585364119813671810142
1229912149435743439995294258403515668829618860707352147911564387984538071128315152444067718681344286856513491029223468149
1192309119549937753629092381857043632973075481166290999123793093880387488924446702400171657597316777429755532187362921436
2467154701665390148487663033295159657118199158693285073502627395991000656828102575317740602624572720741907577867544042731
369472881583318544322536648543002672856556457483521776212951021123453130705622901039021360546603707951207216752690459056
190087142970251932527520530519635965806349252608779055306153260435505250082356060427524886705559462539950339271886413024
2130672942456028565185285884284548916100639110411283316082930690563422917204678198093948450444143552077794620636238056956
307924985352639191730939281351509893199102614146799398147501900182372323679869093017931029197455128891297136797215322813
640119775002493662437828929251668332518872241605095632685151986603823633086255681524728249094859573033944995642024539883
1221507122044657460948655145934432197137317766791451817744589565365189329873308054288003753157731505751744993198646086620
371396791043105242393351994622740988599730484913072617557429994605166445650512866187124314617549305561744555733928486324
1283141652830747156724307555295803948796963866663000261869436315629317456702080621338657684871305334441412155840667202745
2568607066192543975287396030743793827609771499544832832287257617940933785368993803130548991122698492548211595683975521439
1225177108835061549063804060980179363377235038549233250147432144281538980872027963959791468617671089396161305467798287093
1510399456614597201296787076711777738618970048181999677694294979832246558808714724734459141076889065323117158650401218998
2415826631926198696640598888769205287722509962025097439611868025930671811261290496286505131575673940925603364130278846302
385510057263851304647880005389183056564035730219339482612895941640299901611278121355693501645975758978221101235205398488
117819300120537344444437042820186999281673833846697369532317532409821196525104312184130376195243969067745428843635951079
1747111175473535829038815601585905617398243635233378565368149902198543109162149015918668870073033956454938233866723863293
2491626984468214848006504735202496479486052865927138216063554824945419858042768311012226910867689189709227612136877285475
1138049820380284408157241599062360439361694080563649365274347648009241022400114060777991116506544104777484793771299575491
2483363071989082492142078712184609711414952333782133013002718798664938493810009659508198050975625097505328830551273025252
1535884408317581922904591525341062814225101019414462100526379591594381250965260099737314631181200269610048542524111601275
1449115811053710403065957335987262499099995424090939124472697206275918833405543594666258987444649492459499341096730625116
1988849265758357979493570209363418090468235286500213940003767848459718933330928900042627213510100585971542462969468845712
229757924255464190208274447269608595471411937279351688118869645668624515775545661947345493788601850088714306438703367102
2529642632581818421492493903543896309928531218019968871654844340136216445182637224387236165636600384232913110337001405413
606343622813430630731397870620533382389307893559041606008677854698660566756896197468382632058812331852019519786609712206
2296297512475039113208643441184963259079694909197649724016045711693280962641021333084927153107452471910296135550041755768
2520126571145387824250250949545693188888179606212275801888857850418751646104976190089676320582964254333439903531140679694
1848620793979796916350757244881159787959173637820289208947996488388651480970149209017134175733445916686597605290737479153
1807332168704482547264023878791617473364745812381316553720591504979860465069460957303233666997090213514987969986622573726
755545913529908639264951361824420457022072953244105050620051599014910220848122715680359894085834734430202271297667500506
843629072436921619068472993910380002555025208420842935801401389851286022002241402950221842941871558024691406718841447548
101432513192180378374996047514946434353031654993567444612130367482972051402520735919724834042080186674488099456288589566
85067338399415360478295157882752473659037786078355705363398414465302618314441788535659486237745456649202777715513712567
1855899144311164802174657696921776247732425448331802575537711490780118220035553245202775483913412021631767230534821832016
1657316696669279493809838561657557241732326763895966373214397258439482690473225530415950668351424574235306323086474231751
938659981703688001183679322769318009794484556857749183259826800002534413784539894524533989331793488160441966907270725336
1051737036101692281910595172532892191001667848191994512895846427153540017951450500190706448155319554991424399267784904716
39834928585930193283115541755076074395532438993263530953044087213073959968712085307282605656130983663243974672418591163
911498187009991217091520666205446537519847103924810965042124987885525509499894161088126924316244289373796345403314311814
556770287666727887474533094665297944297125513853622475340602481984440042446648280707189713087209131252076164596484132359
358157737831534491166624592108942898455280167209141337067558001626303894979378662885915438797463506101540743578419412496
850826329088358495785317426151847358102867453619629791955035089916838311065421138155098856181609025032577780471356633549
2055285904744765743972016186959636357137029713596111352900203569733765459929468468340372988337754896258377356731143337539
1998641432370751634988637876414471219039421348341593880686013619109130598337441542239376337615331876406570618274592978094
481398994739761230390990763332217340786190018800594271858050319464754116464103085150370088415481926038879153183022334113
1467257659446319255559176232281383616136832814517173944918135595073076946703861501988405644860694698199544745312171444628
2497752047461035832317606651132515186497553324748806610013585134765147258643738704387412225141853012489819245073814071512
2126063517032186411454736510354928167374907054719692696846714982118645079842893293267770462253674007245634258088582942826
2329637254149132237706387277450567532720008903671992488248470420717847533521569880735676333211611028651361750267970717438
1240070275726346145711737036987439134338701403743414706714721925927669791876811494271276998342216315288148091195003608080
1340677280212654277428623170202109927440872181076749123754704931426048804139005295162368996648408933040985154929242701200
2531467055728521440772328439111874878205398856985847266730703416360559296754013144112186818826254435995226499154541938533
1169197268564139390717431265891608614403884978630158636658660768418781773201159830449582270472932392485884149924598835808
2573072546929149221257020830405551910792996685756446093778306366214092834230091945775367411195368018531319455112550445327
231339443204729223184674868952279606955040994849109164737981454278524580733948563126247942237752072135648456984322787765
1316769903393265335785151648124961234059481852209825241962772818854827752193491317750639051463990462663643312749065058194
1891686498835500865249984928479110882905632484315822852938676917301437957210508658437902791627320752545489039080603027288
2130350794696612342864333183993622305708231234245059268906686208473970754215406820035409834612669725046525116748492266077
2351340365476940058435665027323759983993892988224591168207738313761157987827258898214941694448583597390604684332121946743
2481144822173959504010335393147054018318119871087892790088513615343085051226903590273507455507160500684961663374726022862
819068531576899941973057099311093275444317824553967623705022171645055046264931737276941357797133618727024866988010508884
1886489423454613210260189512355372333509363037169229023683077323466706050256197572583971254324335253216387020207052170008
289288629915647632144617007898012805715128344670358129013164083621628998087365810390552915540641926312817242147508989465
579830173992681132713422483937985583976624302227808492554021320204509730441444175054206845092509083293054490161280650219
1219110905643483462115149493410768966650745882781411039995983885773824725938845874918925762154734504062317501120065843900
910953357877096215334032028268228748696341659923472409275000521084112017414403507359111927396107367605527638195643238942
192093862718760480854538125829342528298507886404687821699891121233272703356751228616870630251755340506871003971048762403
1941578724465060021053911487483858979441097933695983702967585927918375994240335634624158702313445348342998586998181510266
145411208737477164720782012505245497846971119445407905982970755908736536939175540830408101886741228000925059520795346882
498759034124592211097376147180325515930558681248030580750541184968134226798377414210861390444201458319258077956975729153
2166210221930137436648887544551979008361342981347637492323828886972770873376539662198243621484315778521954484652057652721
600160532893594034729309928596256780324563990338191491927131550985269898149440396476684295661758544532232965876663322991
1060076001000129538919527614969652918727389541648626155626749364984364148655948826730975162374446386372871719294789217541
1559092525870539587404100466305026813046155626008583068890112554248230378668168638373399407476780836592376610512210501647
1352941260070479779519051603921304481173032834519043625335499936703233906045935318946581880810199535538008055980910473458
681870225959739330008488348361163211625365566361999659610998872967206992952853133975873330218617625374731120138086825523
324103190305734369867173615162450975763252431435564233376826235513083807855509859640541733411842875942202224122795412848
1250867935140437215221101997456404102394809396942862577820783450890622049272197128245648965344040308808440239777783725956
2243983437102789163616313367935070165340352819678004361641148300759531390565357760168627224420468989841215478039822423198
2389665708405693372181499693946889883256233563847631746782670326831332589573715206067647382789041953382773636450715991371
1443772556821235394124661307604123049632240870902810046566410584387166127564054669238597492657023600310116695440360527871
1302290061322204364490817316238624673724604876546735309236317605061300106319068895070154147094174797819582001561411830089
220197061208695727919278624390840624745284172899127201700873866009158240785943349148099626964506044236499087527856456488
2433718096816008365148105574150801251416970841372553218425486128638904827948484791476320789895654616629125073066078360329
589829324461254597340348948957239193412589649132645483356732862552525546574156807377912143846303269615021441465291282037
1054457911668404303751438590558077599732004847482722000190022431148482600740660919558718437438883687868373893599112385456
2196752204119735521968302473024929909508384053518130056805394211390623478704227047899390666702262457327390065171351996313
569856715903562148999829650764463094320644852334470658034281118452895805179825299014744670600941630844561074866360803300
1401029307939653938603129242999779599037540624458606090916443169782111223485502610831571559273508502533583853438418199041
52201371482784966297678663572030324707580242157103993433056029846893021867338252783732928302699741689698764887611530932
312462196721657059168035772724003565890182944532322928083112693128461241252078118976285669214249987796857828835660281564
154016583233996871887483773732790714000678591725918045273066499018654986111026102687088460625191087709840194718775010858
340420929352098805077970702059657143551700756268856934148873145568999889290572605406472200137170118241878478361120773694
27003462258692077211480068683900765880705900982646215449137927427504377326590174573450754305646495569424366821966841520
386470944759804750755365753732863487572255907708860678956563751096691654551626225396026334011230659488823872453359366204
1117454796044654200027688610360370431869449128747030217317596766275578157937452338488764412706924792254096924004354108662
52813605733321532631620959717126643778319292026370643551187696834674090352998247186309131377882797005141736904863968222
2244777012886960958265955964838402885291595825286282131382577909429112582099522159164989004842833604253662959400104056630
1488344832345474689998179893538239257844913444425891842058250557949801022579936846052480874794651817753247666128249841586
350009864330858096320158714404217894888114286388244481400493853760335782013894388723854089423002839680332947836641520486
2304016067177007560928687126326592659555296679365370530879723688397789494927354265612947793300957489383239193346580753816
483520818399313861614393238760552684526209641163228900999317349160206664761435634266957616355598499926100414090409017217
2527442775235318609868428101898710663939573379316852260957785834520714832357433759077599031583080305566649763023417373349
1166972967868248995033975754468546155940188810489941107352312050471985755116783951972335949550733037240657560377301424820
585294734739872094773080744102774423390110866857235122899344204158058563276397948958695833116668628966056595936102935205
2377601606603578948054052727821004374829456214046921715263804455377160208601349622840585664317281424144340837159938617979
650123441697137914569941036998032124165059886083114599581671442056079967227944555789171092940570312880978326344718277354
2179164760451831312484572220406665565482384879042222240098867399145824055224367504757473889080346671423978746622345505714
1294488509432275996008957127738498428094184197040329423783814389195327693592540586547051821304730660363062347373286366111
2235538173863183485603713987419398664521247845815707712902032521537478953669903965384099525648984483133634217336481925076
2083458966192223662302865526264273808779081181387592160152723063339423711963861331654168222444433157312777399579146241971
488908287608584972311611081996436869459553339445372418839258352594837959395439338764000694301956280988901833660530723835
2382642429476420156873645417620834648076383627309377708165912942386606071882175650239465926490348543279836588204871866531
306208270731095326199490716794806805797048519843458437418024743715205326902427893405233588671187444923079430112583582701
713877889652442049684758627271136757024022189802385605069122336101784618971455143702945382922116593138007554376206820062
718316137712089472990525780599834981689571819078424520633038684938845652693490187254069535026303532168743193654895551210
1702162510456731263710123789513126084376377051079944936569122182292107138604548755563586147951842385537643543716415002857
1577537949112436457918603267272114971304467972043738671948170997022367128334334025324053003044581413547722029268747227513
233256050471250237354433565020255688993194615225687623576649707274500253581365824040662027126050916607591878124233160453
1915938469420503188178685443274410609367784358973176985444743814439279375394007104548739636569701371033654951744033002999
13627371672821260818500926884718373271668061368843851056008783787624840719093724329196650068197938655541590797635531182
355432379634819178474930378541815796371919555267272285940933205381131262343702735214101327410544677015412419215388353272
1757370223422102103133264425070651441689675315328567638535590290597024900192903506997852803252366822289403031415479268884
1325091689734192619130899956382280197034432960743866509634178794710544629523673901569352991803543465018383047510018609303
635921277908185238694892811595428468975516250374486608321997428056132799485070176349904506407470185570098928454577095268
1843223478745636733736875089302644986838527463850594004223131947212562062123109657936735451554556470201506613322030747674
1210473507275398151454002925427245709206038969985549251265214674488892646347398227595464635661683360249824044481046860756
839649017339335185756215279836042310576626910847972477732187912761129573016904234733788261585268745043044028653620718865
820217746259003094967035050270438419203299180929624763361871687963318942170244299270810462542332693085733690063647357364
1435251122184725900296713022395706287779797665156452814980688386736955521397498556745666848384816507162471979096779517241
2071562822537828906734759733100819546599518383220533367552260442777138791880979778719998817547351239415937868079993583086
1004359931281099871418730552974381623498551081883138649111852012648834802589302986703523055924679065416405791265900138825
1567981407071438987685277719305954165243943393306107935563715593400829293148036823436288742076871713099764717689494568564
1380912998636989763187368278016928875584204164782135845909362428743937964944148881650697634831060622679365170838831588761
1623905105030282971830590263805062360372285469837153654935055150917528432142947376877660722833767347078331696548765736951
2563041049217007263490625715133459971797499739045092859836669018266830154671006323758136851765063731148238068949594258760
906635908898081455422572958106811125842126660548720046850883893498116891584034579596345177852553127437784207009044554802
2130331192860582109626008811912154887331857887165880255404699461864765747503711139952624702417862455233780920195094558479
1141759397485316358797662166549818723609173120149831038700765153538649161461936871941442193161370336880649935620389567017
2231440304916597437355652701750601416657204408708216379020621301112745054561186229729628712809513092172104938246802378627
1194106330064788824227741602217173047429457923427849036587118958696093984748398074863907125468707361180591905800789892989
2239430194176574696306233537500346269703107336757737486003010683605343851727064793532600778960900491880115873270797555595
111439630573350511444293565773812102736203354438619291124099181268337710813407331524637771785611843001003533431206666297
2080592278243540181152009263227462548358057144839898842804881228953316939372345408977244535559378479854040774557005539732
1512439820041497744722790638781081170565529909867385593748324455409703207088951302326387227638827438325479852638013060366
801131001721419543339575092101214976006511195967156210770177113241987700336525387049694095023890788201619782418104794090
1412644787702843740262092742490960222596298323309838956256438105192406060125544701643730299829110198781988760206483563850
934829793027801109065554312037684169007338635598697560824430870259940114480679398371980947607002418934545331942721524229
912914416653265835334550465069238791543043013894603468170402637502511699255144502909846823482665904908862601367091654129
1952211406483387399426803522844867011059058619068802711230863733772643514408662162834875968275103858351860983396942236104
435716327579621854116602857062593598263949432873334533227565455983453530658555471330217856989477089957328418008440553649
2337519299157269859548216933449851211652404263851779904257690007110559346272977782265170794745476810976232503203690823079
1009308038306870654233743169726938272611899512573442781762860088485503483372910100665014694380544598258780451800524673599
756671872377755657233233556590862307396001442276855092768102737900421070743120159248739701826301482313591857547429263966
1572538279226603174937111728843716487754448836927940589781523862547090652057220329816621772346466588918095695376457263368
1921476022227227975873488345558086191886221109591119883168596077623623752586547459075685336974067275942128677728129593953
2203358092504539826373399302094015070046566274900496054243753941767419442022285747452726230916039431008912690435392843394
2417917576000404871235400325163735424041936460847997542390083316832306801007459783894249011120688020640797469197442342935
1429752351988405058421206938352810780392847250277217438091393237585799026951033418916409513266233485589726511702266880964
2409806922809467698147199855408502811974875226464901066779133035910973421658613723826849377012075200004318485836410404801
2320904673009742990841520196905837723775169403265464195245578435486430784865974893560149485719184883532547120775835812610
1475807533154405655851158735301893061670338214029419055688709456059720324452419660186655411461608335075471639467190497934
677253405553026021536910308498429081595129476931735384648037507486037293649281741867574230572531670486932654496736731695
1178021449705564622903579290240321558698753170173892525956068665149136601975770298408047092499308552273130571805049610630
1743275436996274482177927449397522618048743158873115880483572185912065156670848885703919441688097549708657451463330237473
762746725704607110247984552299739326077242624351922381689220024635162646886354516826661596638338114864769197648179348972
1480637931573863535397348096499744149316176692681993554059146560943997001505223624356881055628758458618704508471740867757
139855459915465442729151577252180229499779962709611089089184164105791594338642019415043651434051862732903384130940270245
1162868996077724193110420783781866173792720616874705899455246306094893414671639357460554465736111521456168191978607258551
1575348985285414336694958200904484368243916325164066444713261635251544539744360572960554223008608992879922396833342831130
339119372816925253609805242343422080821818949656383097242603153570037421919295213875543737792780278139613519074182110787
2039058327970674764771151790485146783136125565859871557193849225429924447398248913940404484320758455556982937679283460141
735451326553807176851400905245586316915473721298056418234512841385266609103428507467808566847212026903743330256397151619
927659314977969728010747770145369534294417220212653032819474715244761984150713733561291838172610890339808040497156344816
2272294226203688959425806545402405258687872262807142639363713624055618259320375343697614782886428675920911934020332741836
1519715185349301193390714934723876312543200357976322874414768750184500964432553790057680858938362924643080304269902004224
858792612568235312746566888559055850083570847980707683663743274909455986491504080426819220345910407661502600030425176396
1068436666740062310704102833993508847663275040848136101091886267706293487498597493846783870425549273487854945915007761129
1729774285758751787689495450734905942758407880242403222494120418700271936730786755876995305424877960657932820858256196110
729733021060825649844342141049601791890428224521617895700304278010531772921034939782770794755103277762226679082724561243
1284829034453487476902845776747770941740471565347665223891402956418356777265803717531023392010528052854148284239607992486
1034691397214346279922621979745281028879673814599205777172199328690021193381963739536566187385631910642587996988105785586
1589219578646598442739274543580510027396842269261780515859419389624560194484207122524443543590206897599573230754728416513
325513507883086558105700408945297546128541929164411923262232132897464858268536625247667706857393320594799223830059196869
370745555824411471420317873235300989647930367827270609215398525580686273094897284779241296353053627853462317198081586891
275220231608753364518437726801802763255781478554773770696338847730509595559342055199110044355238817190780118155933375674
949926066018698108987540255508170088681614825374665870509801315237279741711033100753475955794742689239451824502824148991
1773488847201115305036216367073305815224121621726878895597316149980789239600814171016644284808989081258386225960693545936
2511523230718868905629405321367972841000436269427255968354521971215264709021471232841514684989511055749542959830488153618
818172439219597634267648052945298487358601292310816693873682393494560340497345261831120404546680807806527924773433796042
622816977506784024427127004196789355045675205069549628715013433793982921948596069161390827707761895921847580028088997362
1678743359445151474238539913697338636003068864968224719025896712482980669955074273445434143047026124252839916186378255559
870226293366745945228794178361242410840596166365086771191604971087160154875598541022203571738364488929668114788189344647
1956989818141156293018246717464016327837136571112863610291753553156277181345290499905014764769241667526928909752621228430
1783351179376066101897490168539403237527755122301846865849627908446032988626852970148029155999713319699734743195059698627
2201567894705552028880418240501551934632794947645935098233685065749813547055456795009527563557748576642100287891781647801
838364223911967974412772461316904347497126688567023540998518519937984803117421320713286527882254820565483658328795062604
245521808874744758660516609845050699739120636642067049040089213432095276517967541536199655863012608036394700670127853537
1242649818226720902485738142574704629032995696039838609481248659729184579567733665929449810704418257793666223815017628781
1771205863472267563066361289040316564051335395221973469984205758783721580883753256339240395030938043465167652905958342417
2486639630831341407005395350196152997288970235258102464534849232015746708138390103906968452868963626938655696036542745008
730567614509396928683443489302403671480363259639470072958124227452434617383675504110389718065472660914380118889840178520
2098251720390447001042582923205083232891391168675739127256078129748935189963946427943819397601635715062021124177781391513
206586862333454618069808656307592836113464187819908775169212775963747115587366759436338011441871672412582752573968450813
1578750841843447388901002396514524489161833266063872754361022684808073094356419503353345272227673816143528634647658140578
1168238176181576278320429499773120436131667463862056590891946431224802029760920322913718233319791743765411264820372086036
787252236627921945957977435486885962102147478663843685180046627241005453184495353796978500979645327955106260888960316802
2121745641807389472190695395786027129523769190405925905907355641103264107978162114384930209927629422446642319873331158456
931656456064747204345056673241357765482464900895852440017224937096272759811433852769650940887051353676612752992385329697
439476879467225871176146082327371561722824027162964551994784053981158257416615444496288295882717481771631773045262468260
2346006635810744747954681758760584725721940645382163832201638974452783716701963795445566844547920581765435510268866217822
572886664000805979625569774552644927924982427285101766637937621616909516616419491351606239239970752106984317962647421875
1882408418133765165725417869679830374694444814533520623764188327680556959091746375294149773907473999978227939589577918453
436555937883149857343974409356916826862013411554866245823146462469843374407043193413243479375470165584662935280740978687
1953130650349889308672156214643186712041590616705240292886569899100388974444691979379972299171520993955374330537058589549
1302344677251910971241872481805454410586259941453774428947964192916772847036647654158745635167238878303758649467478015830
169190765683055879900495203559501748036600235662333362506872412469615506435877679787155228925344444106073859348994118411
188462039188213261027342784373844832370100906539276416591592281481333847302032658527716144575239192555186627153852431829
2339926695961710456212159209068696612030666006044402461613823896770321147244071235511649153692281214092184394926529225641
200098621519963575371812844084086345837676817132645287706533367094403531564070596446760182103286638124568213956228237879
1553807666703664773194883624187853409686284381864226371830674256441706579210013162524846301567988705927315276098003624217
1954253651979653158362549505290454611724851640896710346639435525169889913123274225053949506885321461335226512535852305946
1983466708884966123887104607112631488130838619406213451135273066204673526479142945202515596538497195144262174371653909530
813722760344071889763873975929201234206083702814658487158202557833563297876482330005625136554227058931675555829541107077
1304128289511097913504074395247015749612919481338847976905970201111247491052220176140163948345922778700620341470163287094
699539304796211284777199637997556597738061199111688693142619369778280887687777551939865232372759389516312536849389007474
2122094433974669725283206476686136929613385041922391592973595239714723237545656822765030618281484812088092658319982288639
719411210329928086684881605825726997819933516477450685890462041148272121111786406022033603386450336786611926442950969544
1101676396602230944747581231543141675672845218426623168187852196029189831282304915069911632592251390606923990327302646620
1065452573363996083737819034838220959325740449318752620510091089742723092581798412666387796728257305579258195905218178551
2209362565128604202607830611031375161784663379842622734117373165492895068481363392061695937015137114901515158677247907871
1001349625383210853683272275143526815946302993312531934752494777054701621206236565765203860270604118799199444719678858450
594329114189907975030064680643108687503809624045954848954011668387858946243592994970516584498565327053115248171950710458
1144210978403952082632975168436005369032223273062434958038183720013739823835244676050910333508994231003113650387756601775
2023321481320538972571978924747316264025075433300013216087265501927332032914734266777858646165943841716462946416772429174
1484848651911744720733581350664452240026169298827760289666999901664124770146033361257961483953950315899440709619225404095
121557579041615036688441022157026132298162758021631167292741488268947688428924917452568686241246231551283184906042320856
1080810558878167158789757298919629630922784010383254260002089672389628353226551794570380808634771005046333362284136295357
52986922766323961401002070746534227615900922999570660886411770324043906576617194613649754877737862127651858719915229937
1312983681875844148548420052743748279461972022853072234865157504358192252608591995416977634289626865151808470714772862060
1339906107209223098554282950945566629794460171508505543809597661012891942326815284004368806137402432487730535613675679469
886781528207058310485373510636575193259060341030925520737431808029227421048489012616633154419147756425274038845386897452
1475902567674215231687028333481484487048504751671228937889084287862455786573848902060921442590318302808589461194418879583
2329389622246196297722174213803797334104569511583907530641974052517153801453223595088144807994641834922845325792526275083
608220359979467186692212540940413456151660275068027361793510035693846565872542495781700554614638408019379890518769119796
2230980647983668020894657086086215631421961524014385941811732306865966316152236071572870837030732731957355303404066319450
1323352921565370980859236481895658003957652040733936646043989820444729865085069879107308828651570842759929700998909690755
1039682913631576703572784581099638144856639533393055219646870425782126286316694497942993020356706308219764372643702311864
1936457149569757017614204946461005530319799472240356225220647175236393616674196264908897718884095733622065284030974046839
1177515706854257267629036020932725318966738503947764063943436183750149397520293561531618195291697989874495551809171064985
1077449899181497113830354239651026168375436574428428616506453702239887271996842333399727190673633794920830092809090487192
830404463471129434923726755687490339367011112589049345904418421153475463629542890773845896604903163805935895482069253594
2508607046701510417400487313521970061107344461668703871131060068380438532239550781634751572990317632175341315872325426433
1792087342282277883034459198924565525296229309126676403430529442755928972057379211445375898510182004314475912336673754962
944650467372727416883496243305402764010238784697193185499600864483320099211201199684930036834072717532541686212659431367
1088341921421738546799449111655906958003952453726360967267458440324408229935880491903005031900186041159800990169152856250
592605521728483557530242295693160466923628339159655314679626332304425605348952394745312286569555708998828417505677981738
1641334041486548882459982291456705145601534803262328717282781129697045199934701337125915675056827459588239118456758920686
1154647034780242209147450104861947817200654476767669106698614673661030662338232819951351558538874137674024953047968968151
721777656543796101599065053138931410447945722214564333084339462905146610473236442164822848850816901738178302577468387037
2408312211851084749357170897196079920221989505702554432775220330390499868353210745662028190881778896532892739901937490888
1584351996667005869592597478166817012901075359956057850276159363629312662222400639852621451624010797959416349253571174935
2373467707565553187755872391174972436371189368085408608812328879455060285556226800274279033086936961577396826789861428732
1186082784057957239352528662962374115523945974813652068568871945915558204746480799387944132037217781707507979056946079543
1750149477551307519613927567646810494313470783648543985119282975133963656863407247918366047278709965111590865651675953466
2024487060396170101450376743553177985693073054334719117289452660337604286638514684980881019317067229499664006401428079337
713865371194346356380536208846483065514307327418597105554565382585963308539492744550260123387325516172481982974796585841
2338710357513083435216973042951372503705370980647645693290940704698071297864825953377849582317091064601050741298614885619
675640036778003076986547140201055966420888588001878431069365547137226678251882335513510704786519059725027619010779142030
1713498160952178627604090013325415659353258632267619475903944381563908609732292411909509217313368720816115405941013624549
1721837898808574666770132439147187803923012989898858172060055955760123067071624470766369190565244930092110274834873417896
717400174611163222718759274762948253876922370147415906871665827780162974069299922029399838972125970087548640634154771990
205186787417764271995456916986153823038507456695002020644303657924053451253804947935182473763535271018091375328099946708
1235950451793823092089916014688882950657215703557462903429559765432995176334193510154200609156305442736127473877612991007
1291839489643456222382284340651372063300260371554499590524493476567779987818776212460151866045470493627258268475009419413
888532509908847421655039491732322972397573510186517691551419271174216355837022899674018708587345665724151758444651596247
897686713039885974470281407942363639236936042520847164734895867116309156345321682504046696382650325799226536308436205904
2045054144173900992992901347707407896871780963979723415187268809833494895298335681773974415311899026903496939134738384085
299286389500093121259253896788816478059242749602787784121540353336083375550969480673552032117995878851024413575235938077
1059143858206740041050890963183965845404740518000056753719424228323084341700175603378983343429594763201971673068772708149
320086194460785908004091722828025627689763782931961119702342566685710618750006140732849377305466478099794980269559571282
2118879084911640842929171644524384262213443307612524230077399434170040918219782495772949148958464982189958447078137256543
214655123982529063694579128853298941963938722448832542414950628346321773441499367677114822413751819540349810711655543314
1190418280741498254914348322871671353175602966459685550424798015729185536262104875536509339485636168644542314314071183887
1312163869098357739220636306561772588290746727882704003763198955823200092395039913749229446681599411965657685463207702668
2211516541495929438328664555449885583331165574519042330465987258309243292706654828372921833451966513107524230043052063811
1292366242749784146030743026469302521614060123703292112834756309550817763284569338105251246274690819123604102687655399003
1676172516231643572723226276456258067127892507014229509210351492188099592976012225159307189652550996472334075632343147121
1806295138698393645991263700324247353111476494313760084642555962596194079352420227263138602131739042611598400944579998192
1366321173444883697648199159696491727804508132719434828908681974314719147818421731318927744669088673212640825856841720643
1670562147325791082738277670852432488317025166578749915275050493833700137182922847999818587141560607388032894373519006080
515467384428980130627759953806099382162071915201399462961678284886063661039879729929603663560375099447924336200976069055
2424619436424979814382590258590998895910639185919716371282719627130863768190164348843850394114385060697843698543656940200
1077290346246253092129806042207308997911966147527715200706322926252812422612439036348943979595441041982776806314933696130
1773706254883730552265584478815277469628387336811316534343875178420353622543316649558162177955622480643448142805707820079
1233186979373868943857821046646978588866928340674176286893944464965767875196431140568444499221093775461037397033324359202
714525993741845479833827715864879241475033645730434927175397667265061863939664525618192681443020665053003216868087554494
881056449482510366221674863559553542807031074923809569978798998147240753303877174984560861266671013034452086539564609133
825641007853096747146803684397326342373284446350104529779370988864407006886639136526532245295906901093990601956474295204
36281745250833573250174513602472503547690871216651339262777498191023061949644807537861347122837947428521268512324174069
126774178884546428740885074930662916523861176332456617028061383387750940006007222128558503812267632645001108117650471032
468088279444198385849530023002253753142403797023130280991360000701714314440582231220608269389895778052389274813037559373
227751318063675871514647243095397107149282935202625336165166822073196850113173512469112120785068751668054257121125616212
1123342190801164144745468687942875045996001459138366317010352049998978080093206053958494405477282850739967062798557050535
2372500820976282746213529065967040390268829355866084238681192365128164076582933166208882887414502861555633552065433767107
432996549190382922155360439910071624287510360975444702833274209104401231188138286718163563586049759878044229356982279647
1658025600907018492199418573650159735463412390600075030878754722326183464038574976833790982684618321972658893106779254031
624240134785663864667497705454770967469565519432549732804821282461307811318404705064706249664639407552136565613089132681
865387189553250101465671567379218041664857248185342880619493904259634242821318044347750323409675936904967351844800521064
2031215333068725572139698258834274097190702181237787437451551740604160156331255140707065243223827736612616969044626025192
515151334234907100969132329434929572337416523789452089149115557570512165109850007577436387151183110218548360988254241438
146302996529989284882729128818144734113095240177796133898482345656034934730937392100595995158399117421360369113740678410
956784443035813157766321313219194347600672595241015720946881005313145931522882347530002142126368581600369534317268289464
1978877838213466604192821410593637062340316534220325508542559172608909670793836164218141852383603829328465478675802481929
512571409842977564160890260168423520080003908881466518393341830628844750757099947644121201412316193436289805882747431569
1722711970265716456733878378460483940324330868809978267624438655037128943694322317275143882589934067724391207936812465978
2198676429483630923932686574677390154978350921808657911970187376000273072099358699622611702749828151076597409818795726099
1278620789108872501571616316637992432700274237923751742547807559619987806971646757267375611134809432745194061839050669198
386282572235502811474288121651364474764844717560978857619038990328868230882980182454327654914829168390167470107512617382
154787865274953322577925466047247920149616125454981530046860013733113308040231393517599641156140065405836352575984305350
1802261834933559145997083312376333489314683628740702849959179633725530996494900604241122264835889180757367877456322211698
1029416575551753188278589761490878191591393745203722386773889063707731995960905947631974212502013985100413130162413309282
270078972492548017576590892833400218363356128842442663547882604649798061587239695784451913545552147610310697472083717059
649940414902522254013595278393846551421163033171943164365129739255091295880218700614927043121807671756752948440003232545
2524453139238822368117319716872286783455293683303381156008412969950388642661698351416769251889673933812030412356357200442
2269760759660260534515783069502492985172318498139840152401836222238739118305679033185187082302631926542251323350525279269
1067435028792167247148683818283160615508228968314610999501488081469131238835131292138871286585536346268556999975230481499
758726806983473093378588681624094731297959684987473609513122107987441193548929053141522317529412883143135668198921049934
1197270752899712858171600452844713368055466992400198839640117344593942783814367710582825994178387084914793073494391897260
34655757917447190884025556647007512178633287992772041916227121317108563464802446581504837782529649812197100393225435992
1199453018519960839118698410230142492310977058381064192330103834965607109263485068576868582864164977266485784071239645307
473883384049473746513853093601979146093767746880322382056996649874201667402577350491786788449282018686322752923958029774
871379685722496323755665992826028579495506831903219927799177582835449565891137679491879770270686843878039254708122212524
2283914796616217788754878124104492688179909027800765861979002379759132504229158506061923236480648076483196507199483213366
1428244994482825545914795650463809057550225654593622633595852929033600502980937183291725807329448896218420334682626143379
789065647763238262864383465352438852093239079375209146939138301761234592260325760594667689096353866037841165267268671612
1535376208920536462014109933853226501178618287690858984849476057657672778883499746377809809309048238307601611227319382391
1541258841925266202036014039159603292920049198803873497186075884445946401047836842620850783679460575575376563300430840684
460784209214009565223518242452189578962009087868930964931288814161040722408832143928022265797052078862830520010039793283
967121689713885634948477344638307711311129173593592088718073841044653640017858691700292398212513233810982435467052599776
971316330758584135949498100140297948971122987819736926573749697621732522775833080020605230823023220866978107722492885399
2250332181143843785779248887095922097860797763319274030278830567983791311973511781293660298068393484359023532626631447080
2501283775040380017382171878526798886502331948945209463276045731714771649807847477321313954442914276316180452381589910591
445011186855247511386866673441264026521585575135494654960641242135476361080220378515166133869440850756558253855906144560
660557612572465227965301040172733772929884000159031621575152211282332318675027161719189008267439279585256413696770776611
904526171364117836422467018855417209906039101313085066484833520206688232115768159873717745027864369967468385826532876380
1517549200279516003385852513470051185600903693307735401122566116265648795981293749561821304617198359639426263396069717090
2538787469101630139098696204026736402523420503360504480017068340652746755544639826870378717435683533621197792740042727359
609815693299039498648080910014362219360814087029220069944696239324817571446196145749808435800729626132634935330681057464
1306011077941181466421937817707889023482269078882972905018131850328609095979967979309791911453438738634108698379672147465
108112016621193910628555489996538251036403520274331060265256221054062339085660680749600293591007611246519934478624933092
219300932262397453925696762547708895766320981051601122144730311666572988114755282848623423692427643010105329625216073226
660688897406289544744913460592333108748679256679219613464227539727326214137213354479508877500257871565886335043130996755
1188225817779511376145165916200557670166519789203221512864034995032633718913758848025849454019406506821818484085688937495
2051727853805775814290957692828717747392272374434094274509973619083676337458988904569503732476327663486985270998231616556
2221675583131422559194524106622995645740268110894195558952560728940769673952123362687836962244849269021234892426521268548
1651735701871184501937955142897233438825654367105576727616713630966614670801416368553356738122697710737200826366375105683
1010824345900762373791365856453899606329840107936972056434758502317892482603697431474422389727474288994783225093801432772
2329212246759363413670520906315802056219106478404931540264936622426709532720586305366453305921442036800136633732574441196
1911121033734343841149636451039221767091547200459829850232424152213831278361595500400743535379895369716727034785579423048
1796408977376008263041829760891264966767019020088109336887590185797109698577538339978497928313752103854498191796129125307
82463607143285535282646118487877766389870625108479021422633203973606393347762005777198957060790457424327463152225203555
1046251370427963593190046203414697131528847466604156454969235578823517801624105398834417946119624565836101829556957356197
49794364167743872451851159370744221131044295321417615582223653144452687688022233554870301538075227053829389265901092189
1745787098689268624847735136277908601442559076583390386744141467357599122766798539769736889761329719018327408999217464261
787658660967944437853237813282406447959832847511820068597631613355309917569249375648812739909265274419395254292482186709
2450880445476086199313293660994241589503900776115399819835201421900280531801335867291163672095159758694080928054128734709
1087209748753001459908255164826961751495094231079687360235589571389504983095826086565591359627878485816291532180875698947
2384589448697583693810201484626607368937912742053140825520509159400587539221827671132552799690335192393655915047853555149
2533955734815936358325954495631206627654921672490367050083812523115014141227026546330434371462025561913794919544857270747
1175973039973818168028792034476500122936010503278063493625538395456494187141210794694712116340402895740305597761210187945
2379539601826571862596785539670513307182251574652587736483916473388497823270537356742037989989119240276251340395440523769
2316849373193465099354284263648837188482260064713601963539550418918355339634961661598355002650926516980008455730909884430
1610816718340963145672277552100056259633669215109689320217216294828794454594953232102875435751086719315392892379602141845
575582450500978350074839345582494637599907122454317973410195003454694095890791497136059697608543663359831569666318622507
1157534888397081389908109984348630662544299104677147597419198205688676154695134074114250425783953478340085324873071868378
1011747031917216641464170677432877108081780610938136978876103541207112132324208879350110087617628309195293458670720394614
2567733399394491367027210510383666361608302759818307874013080652771648557805072594974404566292906086262712421664233800488
779917880726446568543591639418087673180697903143067517235776489024156829255189821414892272239932867103473107530003219829
1201302869097280942539116370700367718015358248762853447663127410752533874137999795444746133287162886619744667862010160936
1417930655285207187454323828765323727511353444904821047939125408232639759358558404378861473185725960859899835925503715901
1459492362996401534406780304241237965609366932172738871221509899451060081633857117967839909385774514739445679927457186058
681074177909567267190818526738332568044797536853351407960030912548968741889326162329153163732496370196958368370172480440
1553892193284602949223827023380995223354167466968783580148831379205653923979634991740444989990290087525578160941372654303
360000804651436108277486943574065666989538801207697454587099139177042871834164008315691075306195633823425544650459854202
13858837295689107198443450269859589955112098234038692620777154704021764752390442325576880482619759618880048130424670201
2256666552661442680106639013487267931551939169178932774230187134690503980727974887484012940686839385683603640128492208684
