3600
~
200
~
2
~
1076879223660384736698041384301867672606160409067091043456301
567717865041225336667119749133486847438948814214294110535268
144320829340381642329288957394748283744997702056538418541174
1446031495961684335992125492983925741064375378837784575936012
120806220058850227564514102666452949763341792287531371538683
1368815864935083556447836893632173438070817371322775442677403
982666590951746791819631817381847307930804271046911060394084
661076116271024613883205613762332157389173808521225326782147
10108095235532560569783493873050905058254113296519054756738
108542408155037075272796742521458795982954357660155365628082
579370489802097071480788882024770111590660863663753167559950
1097834275562880936418676846975962432363299321807074443427973
956576337486734586507445224151613991950339426326540265795494
1410888637202880470701884604618853158492803561417402227955918
1142888110854458312336874618718706348764948710883423839977680
1165959294119892604567025410247058487443638175441239306546378
394096721038036131404923234833246847267074648810395036182397
1497991863675775479213959913578215065027839908411636511631412
1299585322298052861777116482187433542745470873276678535283052
1101512056811096281137154258650792287541662668810595739544727
28955282176610377407130573914228853850091814310917036292381
954441347375018177609784350424007798610206022487178305104251
1051377785493185480563309533642901284843924576468809935476209
1044393492980630333779442254814390999968912320694113502511876
883526933100375362388744174319487074428981035265206871590916
1155730464350702372818567859012826151865736154031899251295137
503015179072827863774530582104871990278673310401120571572550
892737897589803907318534595660739902190199912993008066977050
981187223253476804349241356366691208611436716508851041574581
339956145296207267630604710991075401740481717651963768356628
530785295869740039019302916362503522087511357320391060935730
664281921527169258838693597724683466140943422866628322670437
534038075794400619380827486100066590813066021783693862137968
10539676614287190458682521323768871301612071256473417215119
1162210511102173632612081802270639964982759087113267467248259
1050036072266642156027374636518161645292998695853673740445154
877105066700278118867119354141006867202893433924000802879091
1527544340026318628883542649671986378349200391754021498574136
1163767480045898497068338459658454449405406306908186108168660
1570069382635511187556251369692766396253410619987399613626999
1019744898903764063655491894067592527757663282487532345466913
506509272274668794988990593957541412656966718854597618388415
775674803721634395906786512969429987794874513087225106031291
1400269902104364680180438224272507754311045716733549915566820
1429619929472000013128217709078268851611984424847184574248355
297205939607381930479944059083022358747377800648157822202675
196914215509436373565734385438495152639197907034804159117950
555765677664218376047039230582547929706882708663578465716884
362965020678510741317143868755521758157665821793281727725204
993216137262125594584635591264708207700383594664035292296371
821917465263623587134340096997849447666959891918021020468335
346889099691091267921704284484860907113077680022182620274714
736692119909549669301652786005859170358589941533798706990817
1449708367493591783230608448669770819195540019830999740453050
974772599422787357828628319780733143539164376672401781691069
268703647299715988255086208511665036727005964032693762548523
635553240765800218628884392980812645989222858229946736922864
632557444647111646739582244064833048609178770465906791121388
71406311917818685850594927561186679479607880237698377433082
674422771722598644133281940718084865744202919164603750161574
1380573933645228211516391280374993932618269958969815308465273
1503693891865513725398412852061791816397980013024677724208842
466986883161182611134680389383102710651995901632238744017393
581536579274695023386015309172825340078866666078185134075976
1387019792207170781201377532996712759953457372862799605191359
401473813343481228568272697408038082104582524658033522844123
336056288966061922121174419708566948585317830944882679369232
1037377336848843994434135322728154232624020898063866536565989
1569521609953847602826138165045231657576109567999115386298063
1518448942986778620536531940326734598912866440826879111739478
42133197569757962152816201660919589861284046525700978742368
969904985981854146430230187208631798627865586883586936241452
1364688927541508353519674638457947804672039801709094618216198
79984167665053128809627941695178143133907229317258308389113
1501026486552539568413367867000299141656167166903169770861971
950526988956652817517465533590751214072867868601200963971403
894183223242533968582466468767876870590573363445493058214489
498573427726108540938540325048207423976442012124485873724839
838815770971884902136315812329113234878548376990109464665580
554213334816759137357904953473547148826195588680084199447843
1293713189000628110268878945205923442538948968564434035655878
935984896689305434675980722316662477132395456930492284043764
1250585058636084728613711895656686624939605929971803929958582
1132814258174224122695509941457519607380341205775033364707001
600137720606178087174303539962848756630509002705170636436754
743387505578572963724208507607939604103801240016487017523895
790134123883587761576405999210644336066213739658502235702980
985625533986003692237214612810183815234562802261135884951974
442420543786792332652575879316988740998862295776325327650985
503715701567299360690313534303925257216914342126015425536803
1454017295183517661760295846057462880040471530002838436340442
1532946690034274179205456926292666885868870497323875314593563
72808251081131348608323965240834872842026370103909492679861
20622767408377525215382724408916037117282984631269168443601
593862021959092329453852382622477526786010330051557123865885
254296127910158461791014127207398417175422051350111231848869
977627742875328757422552575693026174819955847228890564156559
737072159403654932602705080183986304781037873721858735874315
501415338154051521722124871918238737290426461973883447483587
1360824467119856003320503972320799403359764100448818756331567
1362870399919831422327418489457088473977422471836665164667911
1534083041003684364389335919819628816344792794857078212246552
924893537585996495606538685785869643587310316971268176872573
63109961858750118312692172159039118423111944231352709965414
1598128299727088962512546162186338551239376923917130839014570
933974644879112082296632569937456452869522942106987368952202
1129698459257372353536402862467656688481065553745051674773428
1345878965729873252026402193238519921584254291850351108600094
323973101913355371507891505376994740228789248547705757289804
879670036304004555801543650210244925926418664613787739711868
716011139052904295798381515147841045183531267544559796374976
412763788527517101044267285098501318134557943611048435389158
398544664261301797816265720713150765113946600041971496277800
1074210094516975976435998374672267522602816702198164496772380
594364811315353058359289879400062068202252110330335951340175
201737393722464973178556679709058440765770268845891703502406
999872456224604644332933079913659780854225426183992437174046
963855642238003043597649808355017905189251069016950678796151
822039210506682276512703784562236374444447170572124388417364
497542320993489179164286725367035013325225007257315966992774
563688439185333147426388149623914493471226805361407867043137
1257287204976322293602286064315684400841661872608604684586784
102065437623731553843315388812226674118275748803983769307814
1079595330723625699559660773304296135412192461746527182775499
971641153965043929157286473038286039324492611720963202036589
1093599021671858914321361991183080995642344349665643678266023
83800472380552378144312723624566720698723570130924912990937
20434332805229301371977443784086830598555544049727316190959
756425756582931872712352336926253966373127429812637489743889
348658484352795289769764028961242755100585358570995688729625
494511973007317511250242471112103519499351134635906315248601
233352061925899461447159613529442514488386436245043119486062
301072783664072438453424634762686818409093665254500159302603
421436385546655499392766646079317336885615002486042749071192
1103546053626782665176598860816663385287084301198948587394493
441295186514411413821378481526737189987070035889499861433864
465095799308693454021770094899030628485194021085294780413244
1283722124599986338490810153149687487091118862041026892457969
1268906099643179438401844314192700884128277148934616492186897
1107848037662383543024358286618989436382182076147022724100822
378647617737476497838088363580750703653719400463786588585015
638191056418306571368583480427296686746623037971276118198479
1174031130109892293179944362300113038297844542967004287148237
551205223498426410960572069882978266258737727162742946741367
967855277414640550422386113880542719061430311989031092028962
1150915636744553050394182753587185296438948816275550757926767
1287590810724093905345301602716175320240112166476384456164746
647873963241983217982501054443839080027797974442230478607578
155389571832707585017683472518166895822956439320279322832491
225312995298288467013463245723980560080453408180335790738320
549257033582552379123065121544706753473251228934898839039096
1078779040091834269984972990201914869069292866754631942831738
583808004591475676066882630523700413851027006727437826690297
129543726669020711379278276709775664281233213195475339599275
1077033725169599266299126268244000627201252692629216985978844
251882597442079312821557418202222273593847234091641907690194
1422095314878516038407723441554364465409083588078810507151761
1572366925749326701148885566729619699576899999339505059994655
543408658669772185613447811091456810681745664938480821599629
825786923421665313702519606237431040763851696443625736204655
1387651137294083976225935722852201509230269272341600587118084
668914083790178201327947056657890842754941144013585581131960
397677780415298760581303918639796766958587190895776671706716
658660679097653679630013272391230064499214173684019404279828
1354953528882032248125058404128774808008989327899307486389302
3114358942239010377388657069440224598304322272051693345886
1216845687830340921455420267086798410126944742211400545374794
43656700179137731325389537020841344862429964468680435702010
394965494548853876561495618940980908393379925782643638909469
669625679629245246181392523358102871753985052975929928207634
802882968139816045773646614225269261078405719632205185506167
405003418270225345669122212750756915643131338618124271689238
235396366588398045849526606103150680534976920686152060926080
334948910219170993417609280644542227945078613382490048867830
739071094252673988908309520667790276675635700483217957254815
909530480941199077163573502103081185359824212160682412400704
803306163013396616583883587926768614597226097196665326553562
1184448702797780816635537073852742173306535619073234499751851
54698702502243631718859912014185096064879023383369730256377
1052668022978472805486422582874103111250608566198141363129925
199599983057182088072964523467920993571284355187152761270990
583090360624916523795882384601519390532740878550591585688232
259641394073993156437648065042698680766505035390059424415684
1298745873256914235021100527031547353889918135731087090586416
488583828211908563396673341137890244215540369406629934005376
1034264196889730434223627607400941638543886943635744190355216
56451306819220333114987714785585856384917823400422403800629
251244160512896969062200417597465419231797242453435204221348
1372625536701652575747325108005132778064588387382544817631611
621401728660376696323557861627584445987809234515057170659349
734525205990613316555631190370220887487293803313778328295816
723413541703542255626881037507825782755291018759659404768484
129793342719716553472919453851515209055175195710722710331391
350034492847912134907162499371575171524844158252583294022311
573084189029118046442825799792039671063882430510440395481964
1059852665630330283488588441196808628608464346743130492648954
266536080482810821429476943143290373719059342307071776616976
1523756227885101270491492096601570493937384111694302801818169
1029656340388222842970828673213966615770586297754262194115887
733709350741760323085737261047361107133062370312240125742841
