3600
~
70
~
2
~
223302010945907696058
556472476545358780766
963691635532097710379
289280885652642258460
9197203456166807472
1085605677765356382224
775683812106117492989
836853982003020443841
186081549353078037919
928218965988899317003
1044594349559634735276
798666727736966580517
786703005966717528139
421934283178926324077
1023107349514309976300
436761757071709513110
49715908028091278089
1081542515489248719380
687987397179941250453
1123576802459449279004
906767914551705079957
457610959498487735678
623409174977939735239
628105639227993041105
624675385774631408042
261021730933926688609
595657109600223862059
715725901736022645167
94253536288046818437
253630641048025544927
632685412501002200860
77321872385002728341
1011451450047413180986
239688142980106328330
855176973012301599348
1043696760028760713174
970232121403433170223
939480948293861244007
549536323148272922429
34629851117076059109
913623034445095394220
970060446997520087464
1063818854786267229344
728877141147015485352
613906334630898803986
1050399128235853864986
718280129823477416903
83328457087054601144
933605091903825197252
947225429423675082070
78215271954756073864
1082474984717804958940
386625433774667954429
943222191701022998357
250994134170705834316
534897505601719449445
62485749067743605048
114758003711049910147
394946434337548756383
252615809771172281164
138146473302201261747
361993951512553732663
317978546732777321891
433525401984567331546
346770336228691878711
860801462148032432949
181301989894774158485
617046389739385148148
1024352911596194410141
900512266705928000502
