3600
~
400
~
2
~
588760429630650756456006988655367396531027570564470268455381094880205330970943281803883516532523965008248505058665912261
54283459032997954009105936147770795588354941651539274853655290582266142878145956126935622510034439752514917618476588168
296821137996698260149267626680827247162895843264590481435940159024705088632735350310094865575213417937212802690633433660
1138079850299466033835463413952284138970390994075930591399051031798014699511243123288538136007795427776555855432377176788
1264763976035694773365959472056206853933777272478744685033850336886557605092823139126607596774323340542407695926491634638
2153103875690429767383875179848800115827609855767624796221827516757239431256689293577591907485629943100286116233879001904
1646617009386490244783817316667840284597666902826474330457579844423024124727750429638644139630730592871967721089570760736
1898590504654489423777642433116162698702600302219227959578388563585202327078257740039130903769642407641662998005251198543
2430162589446132154225487721985843919893139998865857322876133341319790132551427247768927988644441372204179328619638286474
1237517489546803031935970331728452586353577250557284519166704570403627638640759761627597880110475665920029695364823601811
467609229300059164474889270899282008104447143546659709543561791328876438284246037757708657722696720966219462226507531679
1470253608968169052037708563451927694264253779886760938389664573243402452612929288040895846195292658381523038838351090107
2417126329926040570794712075816073927857299068284968921708423298603680425521680695027483309819235303301713797813931175912
2450126539160257548577298688333332930343779533825398508960695272862944017576432162185370055789731563065014692597906721743
2570030484049373520204951651547630121458323696569121644524550167633365273088927938245385702350552215001076778422280093565
1579408842982353476709221576543641175548883549869560735460450876962696911900424137622838531393993126893301427108333457491
510350657907012190145543766903945317059966161944869846904062650156805886622140716271062685083066050474886232336366429157
2204791793688875070809747401092508283649364689632428710786664629125464800488324157496903887461646363721762989086578634666
1101869418235116662700139846355800432692741798475763818430759715909254860425331722714117114378622380566378087638690164179
499095794327176795189562274157934420043262296964394428179253834027974563579758875589402546204597530962186762561126163033
2383695895673949178833842312442606348935444956634673436888039983016526071777992512820604218219671424130140670756898466865
2019886069497677275314890394479504071234035179043206646943134194813003999940404945758344851993587727401955417734333139776
447096698691928999645772039096018064363624228989293870172586763904778280322917708312127251910759681819332016567239500629
2151717568676127535816382945731187008674565933767247383736261257466395434886076952544239589933977314115668998311879783940
2128124613241229636822911625463496001701947255745256712313485956741201510103783167643822136727608583259458589170374525922
1558310864355895856246068894973423772605176059770671052217048958266578399992311993840814977941123817633647389096026607514
901945498991227086982476542099005424951310780918848594737598772294660592337149345805789913562836206012884678001611512781
705419609520814534594218235873888941841107793023235530268230870768500706828687586652196219912042608235382055458738070332
1704392739252429348276379426592918479978853976854920476662904937932740566946788323447523977562239074275436675902493072505
249301546084197655897405559837660164557709283325096482204498732834225659551012243934580511107499437875186808098656820794
2043922903135377172341667261785299825030219901813605408367993685185973260656131341917797318811453534597267895780862341270
1454852995941771180255543415646692645450091734255097969983602696093378784268121923701536862576302437063844603438103407452
2428895397113554273977149360905988944389093243402168017405333946053998201527854839185525341843227117970820678340001578476
2433305943613623541111325165095702474263555004951885565914095728656357949482418708811076249573184545903596816213468452316
2246083176438278855610573683677649794024019211089430601645875013871175251435446191014903148340023829314265151899925713452
1409733960814444527464025605204144951809020339171485204243829859533185475107211365159651491551515676188343643037351934290
1277242673813212364253154372374875835495243164481480762944113735418791600189797453819321527848899637512304094479640683921
2125508979623721104498830567828570310017017554934796427126259623550363326925888925157920716569053103279304196684089351059
2274409798974896664772166728997953633748240513668945332903354701738778306967428297237729739642314019680844392266236197946
924215981104806393015200640749723917806977771885890693190191345480895545348092574436889635876446789964185851646207046996
1359721322836892733189818338307984587004436148376522342596836921223924210999469474867313744575651015634860333214322735642
576412143394518795819773789592502301234405846427536879808640771316708386777961856951438518293989434627210891063318663104
204969469099912721957040210442135503991011320193219486911798645806974626697956706039339542607492759155670214676719508113
1037660153362956239242530274083546350706578046263964486584336898305034722568189741312411433195868695249164108499839908482
2099183364086532986006903187189931480393143239751348663315388764630056056901845966842664252334595582303032136468684930850
1616196862234505802127010851204506631755065132118903318091898100345748323834387689677460914236579693543103750504219302892
2018121876639008515445140332036733738626654193014983639341550257419040486249550794329194782355339727368929498130841329248
1824976279444955480308495488390700391352191847976901765330999858599055223060085865499360319346505838465859785048928393619
308770041440307919773766548896754116551885263891019712176796759277074425387403102325619765242159624005659097017424927315
280409169297015002387593193542432654868493598821567979257193339341638350811052982353693601130290819304727245053613897204
259094895793918089270207342293588184278014027787697844987778193224928492014652921278610402964269604801941211885735637557
1988518201684654237534287268064664583241506309248395928198780143903700678500391653863222754487300528373095371176063909015
69246920663412705508863530357798484203177656043730702146843569181605471523871695281456386893619573931505384586361280279
497583226240680505499606778219457814704940208137721441060806194145375993087723779573955894379732140813924563272417814517
2482031289911298119240453469950160705776061251778231055619085451417461989583065133053100553626289125006744658595939125449
497147357399919381841564557776239669057760882912140890882832977459468506622547312131896082521535703130878820015233230359
1106033145593504571964904925967980152075379120711545528523432991812610287065781753197833553313440368087532252691284575440
2060136257344496779362782183826565608874219565874365275719838656138796401651257605083804252479337310841647398455068868695
509870709137080576695626949517421012596903758037654487748166700190621758189343794471403812748146717176448548207043644365
2073585569960559081220483036406782643314734190310919343362579175163453841744020421483821941202851103043218423335885491189
1519327595172770707566853642006260546745902838415809325862889662396877037699954465601886378753981199277884620220933252191
901967091723856684541257902640420032426971909877097578163781789968911827602259462800457057913008320614115077422454215963
904406948455436490601108009736260758404023187987164388831968021929907406472068109572097181443542240018019260018148891322
2460983225946171444268750133234082506122702728125203568790156369410975705552292144669378853298203074866538189419752251318
1003603093665401581996571029707898427711643756164361263311498182497985663602145080271021019886909320414467135778031473886
183044316213010697754260425543195437852311500833923796335591139943691918115663037487368238645398376433677149158271635005
497076658817058840157103171337644316276166597836348230061259936557959510001972098178660459717912831035065719072869628333
2538638197726710263312978921505233048576076911821410125948105629744511877802083111920335213679310293282435973283887164753
1576619574783681677646618193981251548026218278127805744285634384710775408770418023073264273239814237297349139399511422972
907569771564564698855632426900221552958359702264694191876480472784379789818162616393253601587492186226024712086336919075
975529095522442139226358492345091206527658068696859397046006407739924068162231220611964593576536805454210668431224521053
2194679052536077167910999169148069329079792049478437401471343907343165065012999183278280425097702321161031884240388787508
45744853164237877495503317471668268505687300497248029082479615050021612502197117971018819161154827431405548864495100966
2201787461313969152662324545295332655359534878497815203284289365398059259731318484431228648577655431107602790152755316448
1275265903413071722783079621285273917726577545721136774768012770716692288632787498180369887814255650739090169162153441168
23251797663519173203113680741463480828994554587113328674168505810615001398131320509164148621905684653463813977390679524
102801972703790847789336418770744305880475834586774322454574092385895565243951622790500667420669047298179969248694982902
1686697971184818717072285927252642592029544488957850858803418096939087648546227725894623829460440261791619252286932573234
748551453259176084744442956971242778004526258074979464148197881226236167616228299629366851755561207858241977484323632715
1598259321492281708903825752641595425362431771034177659594114718166600382921115949819021824371609402544620750266243106145
227231149695146652104031911099317106193490100263963484095402047111970355085420253888047673791258921174294903642324622334
609819184202794358267591429324179067813837410476145767783149221725478854316283965312877411847931265172547937413175367214
125201810567015429665011098486361632829176310647661492791320155918715584658420058186487706444722606276635515150697382514
361034385117328281692033633786160189076919387292994128351803140402732386410342534838238755049243373570875343548694680812
749339108805280577665234958223424322363700889316597030156632331852928739098318712456857561371865243064805287838009417160
747064859937277643626344368625730933592526296206232582455079052889146608496623693360352419942153270054561882389411724297
1417385632468814923277152106981056475330510986447359140042623200489387823197193052542349296175841250564655926674530141591
1604846152546311746229741226468453304516179034692160672165813231405990464307116571068357827523564826935614499897227310799
415815087603831683476846602680745610451485791602551923630480613768957042826490654573011461023105561668642691995672961860
1727952376605381508328316318206079783406574820903892472195567167983073174445055526805756701674772415975717890003817122622
170968207223632888297867375150563068630701411091008000590619927742978767413699144852724470374391288903969565495026725526
242079384933882042886666761784109127063516286090956028646429451166236015781550641937377242008626364887040450695633767866
1743778592353588237030314106927486861244843904336464823916841414105749391511052762696555716651589724082068917917558823569
998163394542540576171142658877095328893524471507571399969623265829225999589163973249097650787431413787935664608542999235
104793479226301321780068672479343277762375266000863852273039443663429630337327146134864904062496567778708355627716730717
1911804582139368289428950129657949117192725260222677279499714663213087276041340597427195860427509609679320681693135508630
1447365782020635747810894567889658873495608495847772392072281292704423188665356283355098451780908269570289643330986039185
433966079763763347442843442149640922167562608312890376313915416655599031042709578627228867946272074608903016359728089859
464583221824017518177815548010879855296549038397324732571870267451577204429911884253200585164882583159570465074757485836
361452389562297397925127220798281183032444908575953184351144694036211479919128398449577487069450039725671072430818843555
1283188660297042352895323828822601738457845350337723045829710122759830483731037179351460841574631758795337716692552899255
1388626957014901797823835897808946733127786167374671530961725716237225406317293550399302784565093797440854772631570188216
2463476533610497210028503076921755021887300936660355590984387583539815867934521361016066579863720951334112850517001421647
1962827598094214711374789246067243720434950718707034095094699887883920548408043520711149194543229705681336552598754052218
2303952914724835016310475266745867731105549055898553622542524257371013341275643143203864004385822563048722761032129497604
2446053306037545685260720612206679498604250340390004831883511450897845844956922120018405107490997157110836823883979261661
65162083189439773608658147046806234782165657854832984415844697464022581652981505585641491081194402852872836850540942624
1306457396033544480778113891318485703130894488502496599911283261340151013092183613751234922564006994329989232302221053508
938230855609178575412805740206911864560995866744346331171102759456719476458719950152565979064438311218572362893498893693
2255486449678434704280419580795781106063191204362030461575904172039969168124442391419072069800411856780964777320724886818
436919115847532706218527622258461781540161151450206353299805482123741857982845565793977373562170139513793386352676972133
1897344912869539832076031296455376014065441081735526906502293762779004036810878329404899392092643477717047760531657732363
2466060940500280950362322819713477479258270092578427098686746529677517881661843893579696155145898769785884109511160310477
1345257703713882985022890509771159005049791460526897274599381375717168084342773407172244131278978888945835368688993547376
1210954284620139821777759098318149559719541798872741090195969568062892518947313486816998940455576143384140712042967953920
368615370454713562709431147417951359691398718753076294015535227707906712751805574164537057476856739208252465950274885205
1887301824303645746200728317070154069247969425508315212872168637798275354126003640421351356864890980634599876773333209801
2186308780297464099632027109381339146156313426762989576380837087176502091226383682401669335778113807710598109823034609056
2253366440866105896306940094941755050430190212262821616160820272291136691316522254900861306862711776860709352901712292467
407689427736338138245093226432630302462935359984136311967035086837421516412147529021826728385765624081693325401999636720
2478389935463446764167084125963070634565035808303131652319231421775227559417740209741156649098222541136393449519502719443
841685261627039684079802762199357204073144471408275922455366710611582735224801466634291910775309575694505145745699236993
512514754935910814442510282754495928641370313187405964324207764275473477299254188352254900265329916135739905941876026162
2405942794566587579977417711425633216525065203731718688929904117037464577999617352274721292656913565512686958910250203132
2519702428503510275462492702019462723850413515718980946929683567255867981981846619008766800419631400182057333176606439669
886869072954693823173982001696298204264177516588287397367695715004883712928524054139200532760255129467416060942174082337
1520801277706285220231329367317754847239835205892905103683653503532542487201221833269645839791873164466466453958390462974
1860218147453552830585218008975254065319151072606324474365307964443514146608626888782002435761198516794271633954892366674
30437338420462041980387975052456192878336710054248358476659610656785013900921432532049320215533875879599152007640421042
825585169093883373238884139740822101333040120998649141089420151697549457587026441606347282866054110167968270687000505983
1267712961758559567811848632009146834290277319878634364580798316275039168460659903169540904578350671144857818515928876045
1976681104854163188301831492957216448878741885655202157847149250134319960252724092965501145974446255352641243069340141646
1668370715962785237837695656939717716947665408571702892603350695796890406405437287217216217656547804636304178610745642263
595059667307219161892080082251136230501477563074934840851141870131286116248563884748286104665654557328267967135039243883
687959711229273110675874206208717078526103463244949458229109704716798715547862431835408396974881217151724402883580329066
590982264538848333987785984215005632836617803534274414816671555821369612477509579698753641758921905565992412597034238344
2492947354124169618218356529451657857537727562142875272300215816608576369398088178022058778095249747498749017366038449425
253937979439079082276550558454781489929941813546773919645945394470656882727808144554680983315506125016280364233893718684
700992488533493848164889169967344122822576515703932956844860113677418309348787718884951492738673743145610081532056015327
60214731494417330781610116960827955862974407463737186368339347039666013742707880692028187476499966636732981346170016695
259356925993644744129426768104640974050798249445392705781135402063274619784742669459966472243741743051954686520987470173
683662485801818573812353883881643446352138311092492322179559739851981569520147224734319402550583533348408552762428535328
1924445156341609120867868559686306270225016532946322573678184217605985232391492101101494119226589146738338561681706450410
751629919133963907940649195030559856610962502663649913447074068261731469349646956411649335126310102758369841035867836676
1545492838101448418260930474848809486017896138049542842722534018518203471216047522264631933913180646601263353973241118712
2526687628422551549141202246713469017961948569036041234949645217817052487876334921968362061848778433622769365352398937183
1339204273950019312867762901470568370899570965132306988667383242353139972999070936554075054161091544870034365677647518159
656531327417062095806583251670822942919927119254703091992891403331394780049244626171248486157324070169178796462244832490
44505650845291574236273804810645780415420856337742204163018164874795958993066119623448439836145384759928083603339278651
2220064320109810039073824284013529672661756398157006307243720772115311268323903293789631106558112649408809072199548620587
1116836579221515689907098509283409702054142549626369404840291184814596202176296421078604846643441031530212609209796266104
1178536334429058315973774556933757843098081473537328772209070953631901418883136278959219301284527905308578794916726262241
883260145307733361482089104593809060450875971708381551316711269459627429675836353925611361266128907079227198071910244081
75056815008178117521108910427751825576048304803087806764198476159858695490669797870565967657570755942612074023388946926
1387060526324530619107438900884947901983973105960408119231453899176360336912186792914547640836733317016366533705346496889
62963394779123724802011182890646167208460300186956847700705742315224259182240082848596378915461131471864826648935685967
953612448924227351579968781149947806651635463836898193627062018977125788944411216709525541603706039435656095707003367085
2483887031372911725352323667160820353975442857880007019438938557386455612123588355148329495854380564921441598624541963434
1262389103767671561252566409705967086421678022530368062515011843561850936538107005646060297346378274678276078573767580782
2260728042912848539899496816763336891730451148734825519845068972257964698902380534459938485348911165431662173852102538640
2106078610285250968897389055384063416553523871774051737036359447464880185797259753165203028134129767759572775835881639642
610698449276572647390507789243404955837373378594253497059956114129447355214603205255686087697253076724312896501899653539
626674953013210315275336034230732508921992496001963672460339131713629112106995372853794131594878181350605740677441757294
471355379101696848926385898047418786511325909647258013736046236867283492869136531153748596295604809462089922138544656827
1313840860982025573167580021539655304958579774352886650806041703309566385257662797940975584766096657732105377796236642682
1350826496119852963453280777116853048403647847760907791732648576955764120079151118908855988342526140983868225580183908604
1505603784774821282258419313142579464886609820388096052703685265385223739335431463176322410074127122609957917973476874599
1570958884509779842210259264169595490804222044137428784440175780231244749162026217943805768761790464953115828850214485157
1862861153069270938082970350985060048257823946295880933393591658045404385759743119502657737776657816316931674506760218286
1757908139354724599534675984585469810030625102670668778905266571490043544535502233457942428753526049906623475120406641327
1814110037368716654628551972154273701381576709368697173579476519082369059851825873682984341715718570947824958789062605490
1256995515189604351602435031837114471264725942004592994496312337429560990159484536518982953644918925283711619708188856305
2069058496721015917817928327044645787090891362795840368998968658347078806978156959476547847220878474165675751984666109661
527847527908923273950715576061946799344030830075619638264180897962864393206386301450166730763274666370776275978266660528
268121563947739006361268333994339307736366576496059963499178629571672020200971899923675584542443863231828113613664009041
860717991880469659469403552308787540528821128601381526171730075718630008169575156417187735948472560928286608599750288100
1424000265061644990791681344699645042939108764581398969841988747877477722689501294948260600015991981352444926634323269736
495934676216191461245992980982771400971227890086921784500975328601646423755796458289825760522072246499193398359163595662
1786219176159332364967805031317040307415115335088627603949480047397116614136834441261598491195343873171896439638600898064
1098760965398668633523217491468859157485060699059937976304458123536531721155535480276466395184310427069109884820542835025
2409654176064355228825584124077058396086084662417878020941383825215468017883892106389809210889795079132475721531826522485
2365337232784096304287088877693606600188460333239134393141017595588067526672151614204390931342983697348993814288244937509
1281217957694048813634561951870658517519444215118550804161549849921738724967984322374394673779693323351910136557847595258
1686874276087800942392156075843269400615704007859367800650446229655992742991060697842616204523778604002669298415283069962
1655622471211398983919373510331889832617593036389293117570231779741790410290851099119317797037126297185966885224590632628
1134103081066471529508330936475048556346513276276083668531437504580162048345761448241341761339220717660307092077062189917
2335064442360120628450017021888631360668958262222577021675790586972724991926334513680222156057619748732640798206663761898
1559406851927084465549344574659698121463589953998994114924713396595964853690298234068840501951743863367295617413537176812
2151371045151228167999705060862639922221286633428330057751764327174266886563826882332976073300947695214938628837051258623
878482250388333125662006549285774077397755613050904730620992614158169461905791348070938634932965938182489989276343809712
1233234024728292263262658296328416855934430598920528355636473929624978755921867822040883824667797392421176632727065292353
1348987024844706839713083022945851141365321607971424287827995499289527562631608509346339039836401081160307511634911036725
326523816001255396602115666600094132760073599277734177255586422785960130053473292148741650627054051922394499558664281024
798671872716826332139435311436921221048057016401829336729841057639090575584561786517585624290154315123051690882638658942
857471755243619814649464286870337011751960129812377210721608790912399752408888389237018075474192795105878685465192369840
1770656390006640007209715778017111512438415388585494259692193631736254884269004359185058813968493759417838590085951690751
359959814262229013567700466595970110675163170937661894504843815059690414900232313957529484868190581648963082322116121665
1501016368821318566476944893470242596605297311052646826263639166086372054122667307377957677959799254291783672460201182802
234551843469213765133917299330806773939632288500068968082805731236603683410728005794253279643021676920975048888419351631
2345532434870741931284730871598060255438158157520890404175649994542887383920486749630796656716536565538310503850747253099
1300669778649074009752332043172102567313709444541336149625850316139864670988141275695811290217020703803853637094178317289
2356717015063575588155146230394814582884154385943610781687864241143216562989801701491725487388368504452218639555135068551
955731330039473218616902417466851161756683030308659565812330190809239706199449523614734336689739102325692917217621543381
1080198983157901380150761864647874964470756419286191404426901874499316117347859057777312542821665675215188329862092372661
1841037869976971485974300885058407766207170284305476005542024611596847141932662056463459502583396389804203621192633395516
656020826440015327746053280182200544383004579379252564841337925196090983519270130569771484306517908781610400806786899311
1085025819589244436264599625496214353824435718515521836213156224757674994752352670202754866690446577107183290994479074132
1581710986221777310731067336705455824481167309700607339773725475647467114197645348758174190129046977618784353063771562797
1560527422741512805068685829812392026476854891654340708040545042135273170792904391442392909027905536042719669454563743679
1185259167526739360848925572802062988989198632730109143516825799319287920112123856206689647003976216714450670732259290495
304534336985494216638850104493909837714280498327697201152972970653188211258518235616530872489355553796189781070787790118
113546870955799576394147358973893103198415867069996244230372576758171934059638220081963555928088837092158153378469153253
290067528708195841221415468006185713759172613056765996295048152732777755840462112655481617839803661389850926752128334423
2395615501238036152692214233392692813239439199766916486724964106872313839606685314499288847028137903045707291505879737082
343335678649007937624707785997668846430361040429861545122563117947947616099012492696028623436729986477790863433974560969
2373491396715855267037365753473263345137969536375825309725448555984789157180941560783248678398310982029760802342734970564
532967287814589847965922596462986283402680249161087466702854779408715987405685004357005579429793317122746305223355588732
2304102640610130841432604289132582774313347305372003023397509809138672649024210968410288774992564052071068940492124624115
1824307494159126565688528280828841067800030130091733093470473893633151446056656910537195931393623389750109971791724610776
2578822920520928222887867030840954423013839729281351079525469796196280990909376357736957153473399527919082754316419763569
1442792057155772700962797004051466769377826028375896173942135951316849915679567684522112795743022052892343454752095219603
32836156558393133396143320211916885551159606644941157632620678754016436486205446186195351802055289574307052924529562647
2188373446895989998204516941016676425899689927355526737320489281184776633261604250430112464417619362854384300951122327643
604613740554661855670942027154639527733616987995817154485345268499236231612174486220144100222401222311870844730289424076
193603581043934785122751676965566404917410073509547491258254636004182219980371487266850664297801588336744950159632602964
607254052461809999272687083435743963041524856495176955345845492560302389670103380364323535498803345937084261785757033767
1369877627048903855656179653533925586548156631146682691423578364082385345602987601200395272807927940138665289708939553415
913024521566367261406527222479176771938554130903842594663720501970147525231177159763675641228696003709591690523158516763
1842487318508776576558182416835687051455701905929764571368803684587948159558076955021890940393764345163691952170321636666
1027891707220612770516021741133630235466544607811988160465819261599170972965425263419084564004542285009370258407000591307
1476872513064957444277633350389470094085108062914448962706372885109926645536455523848166852054031868950749385639698197135
1653852997544677728022937599029359996439008243160304602918722673509614736109388114084726988709270386553052347907495905096
50319763724047880495757038291655371614692816874703856340342947579007288392086880611326527503767331988206698362329428308
2058307574939406403337078669882332424953555647596267151575996284814292278647923339332226173886134286878611726297093764255
489810198092703436160106710765419451959711041562007877265794238458636814525207939123176035999423167942436782913865334233
1343344898744646182773705601700919059027490545653542710446780686530656983852081705575620695471959239674562170297348886359
1902127229442180661108806621381859624693054986358870704198128820314740514224449695221113600820393389605983488700501974652
1965313441875133211352360027061263801642009708813260278791041420114781302629712317683359229002795577850276275246605835925
1180722963295908052223549818413891615016763223268943975581091574723977007618490719037659376349318235791203824522459411606
706463906906780389999721746863391608446973412572163482734205709889459610435927646585407985844474742119407574440727360200
2027328677445076392045730518876549512311310925409850301315359042232508350546985123582992195426978116403054024129505737860
1129985417904530952886254393691641546678815606059194699029652407959262314240441656289403035537066953508040544473380174743
1573954838028526148987457444138584623043790363147740852428203227599177408765731051930576714104419001915674665523321661395
1584449424954351673645611474165197738328319963733343314364988940203729772279223115069372665404073572669541645879174982948
1063845963464337231380969530255207400460395003886276583811922913963515222890220337708107924948857158588274937238511356424
2496237436849543870212116297937286857146604343616771216085124459672991695529274164262292015581199921821086503006173216335
2481132950040561844081686351671739969439721249404364517165146062599079949171422952998889046897437261959734287863931323577
1186016919935296831276443206896578776582407739042632753451177371506574746197994314227361877567972853084608608321860924875
832470839129697880921913038300094776701022752734433382986266673568717257961226426286190568472406275330809971091994291809
1701689313412863379401100202160712346207454262611032668560552470654148144745259320543152624909599395856392817496450772684
894035481619486500789082798783984088078361849729420413518781882389577072379412075177101411505989099158497891135588343894
1570566616042530970874569122089397504334780545289882061827449923670346918741097654195256756467674536037308944231231828549
1565094690706953087508140190382803870694109766806886643409837161828298497237154349067649260384448528817099446656962945781
629994995971119016923804638013742334100895735285269595450669966102709017715694969812178511222346203094658642853048682807
2165177148835565208114332827511901634510198581263421393415736617971280948080468381945335678227099006300695508664755821392
709987714824225648059748930554729735344355613090005447518601341776283384501098744012705492372762093917955682407018151605
1063113706686395555653054063483029613980528529161276804685467956748589879359053004670927204396084946420785052807461123457
1111086285365407787566998233495909255895099765620105976515382119232112815238713324509905729415936491419199183934745059442
863051035475107021354343472136210894974067334126523240508787357993672905016522946608119651237479333614255859660308813895
778750078557963185626789040079597058376398120138155524276991867434061238339684821965226314188067465586256482054151021686
977986761096181186091948945224795427119041752107672574182259609196128461943087832871494928598683781294049017787199104138
2463903506133753101553060155144452152340170772568788810319157232909234985212726541411048481991575755685018669195847004474
2066158020619583690735158966287895983303448499117122989019706578660223094332225299305870376240947737164634919531950886704
2418826340172802663362600022390205392167276949373724640125738305190548904613710874337853363193398346256647986254190547832
838571540270058912038957167732474965274899650835048909400540109773473679357986542901089804394954468009649617836180889990
1653915102848109843537730957333501004597431838700420499823377388253187636887424500203442134509739946711797450838605587464
1850119913992575296622458052776837751166184011792922318611511727088930414282714081640007128511451348854988778610242732755
1372838566807787935198789029012550162136138396892611134199302741304045914315571079996260561725339508638273611940766048522
1891575091589143101139147826051528563238128252043256690335848596161762776707606067785626883993789451899075685969932736194
576738290842221287368198771699569273110068437703930327933634110285363427839932433911632001204493587271115324716777829497
726831842530845937120246237010891756674013844438866268975280653731265412634906529377035047032093410187481048625592817404
57738120433418081340792570574692983720887489677516967573391303285586318882004115356325787287960090057161414365800569955
1204279019101512260316436408992760705668678099776170005094354607210766734763058381241913495255434838405180510961868786702
1074980818740305776814919477902076317215282307549967197504882499368923883219330252402591570511993228463590472273440860457
640329696950611092837292704749040049311958038284116572923244147423090278515728868537731730264045447168224125268334231054
2569946704244265410260244090988668511025242845511089907950781508271151295652937341503229417648033466372871973686212706388
2575899735247331501387854303597858365506443527519827702665630520142690513266356125548395290635063157297330698500181181651
2242582342756601972555608586995024607409097557292827350407655431232159255887371796272460620844899762601754934648574938285
618962248556809422744436570917477754926196330214401105447082260156644289513085322337591494593008988071106097198765952749
1618302915303573273160166675728310452582911639512714426899438903292748846622490421492053229723006768299675214167433011630
1311699681158781711185079857101789863875404522282604947547083902263916806996731850442602886250785142304386398917936099363
210454741580679261334418167542196314531911772975292039578691380841481509503760702783573584908370215973628946492733667765
1530692290478919899226194559182209439958196342011341888132102836861060609325571538228528175746708937441766971254204913528
1175725550405443498210421340950351960282333902703483887909601886246960039105182915419977915581640965774986061339811956167
1707031013767875407211041181081813235013480093866571314908563960854109484261605350122037380804266509684283266209478945143
2103052868475798247344641409522301055276857472908993751951287613008933941117070169521596428629785506189105390505130335936
1016294886748917772606019444415335581665555805858431805986467489171313397751723096970235679607346428593914382074077920231
1404659995762401013842397241553512076334341560563135303046964136008621029096162041888405689629110039290855249089115849911
1982092887767539769492758099840125371870715462445873859382426863763531469526694081039382744058705320311764510681939262347
2491625671679120935632847933883728687899810213207561434358498296479175866009584754485713681536208639226740312900032185771
1926837269278902074734768036327309775451608221650099793889277694678321914388358966923815965686971593204012688001967352731
749749953727813180916791553366637330963020774304655265842561651567771989636348732639342717102552245152283339071754268322
174369099848758581566839005250669556383207901946730682649955218641572923919155048194777698382994628422085872224799410092
703423552081968117834275434809054453811747941943817181770985735085003504012583449600790796005758735247507474062526152188
119923270597077854521223391743789684492494592594428075273306952241148667423114438055827251495035463264916610452360122975
12272986272422578287290380012732506754744960359584967943502681761666820296342544184022820242630547092879094773132003733
1632938974124999163182593625454028119396309553401219059060806827569755772846488278329726810819528518860875563315794236607
1637418892258082357072700019811904188667893660382161584183485137765057862983674552598138892117832403209746101461186358631
1288762765388651121838251076185840978676039623796628155026202509337498208306060560228637518063950410671927402405962290458
272712744338425191291208262590596245906560460596467330750869353107313120607391414364085043089834060221685764467071072544
1606062056103662606160680814002365199377660271999947551792257234875969905116270496486964212027166197673006114895560469643
2069298882240837845353834757145875926130462492378554441045503733574080910197433523414688335570158914719315516581480994834
508417892184096317672436522280973439391558617489032613405368913924934710265352159462730491796590874978034509294200039882
1971814493905200155190675689064223589537095285095739338930444355331275353495901733996887044683531527387918875653942012191
996906392521959518667835596556958587716223454739710775643185915694490440598167083816246259838786477997753552797042926284
2248145268921406722003368661425368539320209906701141897170379429511298438097701273676517227210590138773402837588370633255
2088110856586139168226439787304224155315694324619357732038149285457551261691952390560717685122727413037047645635764973787
1973016146650291516876942476306410962743249460035838779584037307780388851585194345387484209449930620009390487726289896698
172786196519489597483455310513178004457650325809360893507090934553997101451249240832067038437532100794097077277289871114
1554051804168309086040318068961116790818850654467856862534239356091357207329417576140263550892341289499917652135302422971
2403387824383166911790248403964986997856169557211934635020963044814334463828674175837704145341382669356208560424784500489
2460091724549518671357455414933656766401915402886085774115631954883008574600997350588241323325623901177076670386381785199
2426880980126060508306278580434815484461986100413465142739799203655178350422382254679552733956955394081206648178627774401
936614807197607300334518223357893503328479461024779082567767378521142770589201165064723927780815645095108276557279525741
1499402253731142962232722154550576797200324696898986080764749008312282371789023386199246119925428036398140096453291141095
1878321217615043436416445952386932739569656920414722690182765904121024220061267967551967244074004599091744367990175229300
2542328114173487679493274963391343004883866719487658522728495551926646322054981304748257076025867901590388323043318778221
1449784046345639369377813193305254929342280330292243940287446569201637306167359567539872719427062915659880328470074230757
813227206367865183593552889337651784214635150970242009606946867731616132083177190805205901942769808521202458906350555307
1005622962056397382557273094992586643584792543017231808852208456592417351795674255091783789417063041309471978461417599522
1001115330707977290442525571195966172741647419087174928159198058480992619603390534474888910503369830415290591688362468747
239760189007520946443199035896806174105899126814934440795272342455851393606235305198160030298980791244536965347375429426
882375719416936389010265306222135853345275305540481996525787709313764398033398022868217580976806244463278986352319406259
1246770693216649635886190117785348147317662042288176677657098039337012142460311884867592962811810038367742540337229752888
43198726781019005611264534528547022591663442100954474855720404606644544918833918718521407613850725025020059031288312978
1946130730940728622088715551948765528165442760536429233316664741483759411119133855193859894552635826008297743559927911285
145550240123084914799454625321729295400717388789766535133582980550816765791829604156764200044164582581501562161109824635
656954019905756778545044578848016320730559988361366692406361834952976909088507572144383453542738448623318815755933203118
946422526610155048261312091754433522574047760681790105880273317965283873810774513828680180481629558824536479283326388524
612892294053202621017792754187546187828263831085024910816385247595034387111701911464477852255654902328586533452926472007
2138067935108594430381517120820047456103728592252613878578926735637967411252093717986591106624948805238366215655960256262
1878401489169524640256566798016487301932459044981719179253108926161750582087949885697276953547570230931914011312025946131
1116629316805325694836192836797110639838431876262021715110451637458486083354785461309390666603921895189653449186245066295
150417368595368233342125656605860406796452088484508259960274351145903440317639053390416350838628339468848652667029527570
448477864681722262068395760437050799566626244757805999855894449337429867768248271632951755901441444691772894388521728745
1239725655196850591463582114475248211171208741615771299660021452450909761969535576244097616708021138776844200886581155433
361084684183143645097332857276110376456670106992307222523099538595278505363105399732072601422645664106020920892757109046
2156313188290664236263982637409670747796323106037218719574956664213792184159063853767841405366836006774786552917041920477
2441920473833040108206375891445750953944164049851016014200249030233752081725970443008088427355536131406025094941794762550
965123737941127837320069056970222115359112501648073741481536604049199988581122834321918810510671759367982856803291312487
389209984485719239851748001092880922015592984761346875728088298509880019688170857271335423731888288522593884565983286191
2002392410985442359242221618657815361233545257115798095286489772836770420740324374969628058528751657233808483051572920960
2100066494950443926431372250343643113374511120399167498816837269517960729361267826562320295235438619051051844813227079546
577344439959729183186069535293751950715668604250389982953664891456297185144825090370893456728346654923212978976187169160
1042873372102533344755999556991229638374649969212840252163831840678769149601543580520825629453182825925742168677876621723
234952615647936552499148863347109435968317165015919927917566107873853912045907691363788472541447509212635547665506485396
179379028297030581460344360645211481600307620046172963483664261336683504613097390590402961257205771400925230502234193352
761998739859477168964302927765513281775221532524944275148220640523776954490123771434851695780596871437429010774569794449
557637853570998136363675016171441678814474887391813808680448514842041891854104565190462398413413972273904941857266504615
2195116349920303156825387306790235010449065282249602181021036212235662086726260809026863460116608848406082076624258004738
968358694785417685829567869168558055699485199035852739051982076172276527347970845556217241149795733074060545368232919389
137087349799080828564436847887541679444972013355468986450656978568620744561670895066174100891346045387088922893057238764
2437366153578494619674191996503643590428072311516936277046805313524877115268217035557073527818840041885047833265433394237
2271059590124882332774753039730667994126764516242354362635534287598618362930324456205290650552211004224925622651486913431
2197939151729278127875529432944285934783988272578959673883077570364337592721890986419774829876304716243412776217586482057
98922914236537228137528905244298340977078602263879930374493435608158791098903154248702418754877510623299628591550079359
1552415192749455215275093460300011991417983503852149739787789249496159256973461958154128252093895111271411448991743085066
480784548729335333900854082072442589070255664142190173744844855856741913554810015133313147708420893351204506629988849596
1084161292789169100695709641078162933541555586154703141898468645081079574453031463246466954834847090587051570198798802088
679064221028080376780855640649196820320402215897577197149158373313176859254422136670079315651140545866792190524898262431
561037796038534365230422386803704007457881379892600725042659984557616053089589293774413107954219973315109168259742279553
277977647920226909583478034278040808569983873768022839732685931296451380522333256810257033657585917303962441255399156419
1432326977815611067443918797625508575549169459777536455251288759716002141707175855730043526340842158613842117492693005524
1145743530797391704032418145457606499961371671677923741075546484483223565776858946996479891337783464195044175709104360297
1731681968371530239512316962144033116198064797174851463042236503136364364986588127427719523711867649140084997606264778953
2126524559285853638099572769735750434035002286297747635857541446216370511662682284827984950576920818269777054195730781163
1888680384372792384822554626141497909740049729503103357005507507780453085937836870646581126975139586418178121884796266231
72161954940278766401287261187484339652254057267720086061900726899516690600082713731790910302071856742603649677298444920
936125262088588191666081629981198637686155636000617752932065639260915873761772737263127189987265250617623425176314712061
1759818102801657240033916453764695910937754565749407076162040581120019449155704349963103162731741184887872391749760274411
137106308049800511682244575084742188351021574330234124773889610841972357031454807225639933067984284165121961662572812871
2303830631366815434181106861112389656298360335893841902467724812517372932243901043024124584238990820340600058360682644333
1704106217376594293919128764075199898874605996207248299876027644435732189530815736581724518835182242127580451815666146296
115031734870908752925009685092994248438387587364431253731672881087073220871385371024156430765217564564572064276367762432
1212269791438059455492594112993373175466942735096448775174470841564296770859681277481517725878900776321169526922142208273
1676375280031782500556234306173800386969616757837694264868706678206012749167582355341580986273677139368000882831585173770
1892292551389650026280600134329340552547803608496965145320709043443573890840566686916907612093960956390735971028258384881
283309358519932967857184865382437015648771209880922895625334613689165582739320850835245133548926970597292381645735548933
1346997409093412822958011793257488441358945807912141203978322715241465138075575051147375301245110370312192086357841329853
1274947776680925602681421148082327549553154457448453200865522388186407833377586515777592500256092972653179715595084811652
2399420008425595716728527964339154429079766700905101201721565511510682652372747704607363368385801834334495428628777711377
1971369588837510771161073005604816515999171850474965049050872164908846389849139403859519559300682932853469801790826109053
1724663321408591320666124264037530546855681059957430878412166001487512449126502362102472673060886031209679348321239143346
379883724365784336545787506311194889398810157568175089439841992192435628993650971914239349538357891725999511247315360508
291166406032531800533528072352787675554659473407416748189342010333555524690437728680036394936189390511475859704151573612
511271925980242696552993156247320671885342264779181433329320194746295501797325730153206387171752297143641195459543448886
265847838424368774756208803437736686239867264922031115418644186015817662080930091976461115567161960558293338561896235951
446037385580303736409007144770022169046086585929732161211604357667094297059762287161684240574473355240758322290708847781
2379302100788958513826360590750716878648036094915936812240006012375073452302708434378439582868382180848646426779378838334
866952280963698809970402504678889956613054975773585672675690143537684269032389988835338162016363665261371985004410523591
2417756166813049379685435542664002740474551573106322058751982321385661126398679492619510364802771556003555318056803408761
320598227554240190221919067434625691960861937417084925489294618895082907278632180958738716472013037451492164718012717474
1889154518867902958331523739258350045991442117048939970750864974158615316847388672784204744195476461747209362207408628373
1054169176955830993078994688074906130453338364449032074455602826950994942548521174692833963670753678764533028720072573386
2545235958354429284261829436409215366749056019332178866527265878966530413181787642636476914281811959923860019270350990532
2364803342892072012038326676777299864466710125879267694598239563281528717760166405659160852892468833290938581942413232718
1312101073872673822434868617116218086728234275809160646922733190815411856888570906117265207223143053908815524371168792861
1371483805347969133442229711479774200105732635200808878854345819411450115689400088557304221764032384666840973907305165318
302871495533136653846021091081036578109084101078132626950621371507214858490323150602718530725764805900492172068198643348
1320300257826738079869933179690375863578173669067280897857233246756724294080335429194845229672818472232637631549039021911
