150
~
47
~
2
~
3168578263
8816114117
5792867027
9517464401
1362435520
5133805294
1698299200
5849395612
9457622672
8087809931
1817858530
7264036215
6184986009
3104901774
9676099832
6936544144
3983493560
6894883817
6002557813
1114709291
4793191404
3643910604
1173843782
1390800260
6963576758
1708004573
8889182100
3901471266
1033853512
8138246479
5007366482
1926434785
2885609276
3283119768
9992767135
8538019956
7905217405
4965331075
7522453569
3405148888
5493057176
8531998566
6906640441
4054351278
7540558225
8374016669
1857320818
