3600
~
40
~
2
~
653577836544
317898774380
687576970465
926072170290
981681922445
549479654046
295790009293
951983649045
6115986492
693319877138
985755253844
183641563720
870115199751
238844001264
213340183829
1053401880840
969640413146
249248244196
1078817490150
788278701721
585329464750
569793365292
956392220073
178424814874
644328035207
49011468481
522230834573
941625187115
896227421804
1070146717508
473338882572
907716156946
133054033784
369547986359
1031299618425
381682178906
169773317385
80426739518
1033005608056
807238380001
