3600
~
60
~
2
~
559920217932671808
809780466650440275
513055033216784886
602440408251941558
1080122744829271384
920439095050232095
825189654722394211
717250409744935763
421401034129778499
439012376217390841
38132260809882469
72707850834320145
400848017390670057
872231776049331588
433302515718370019
318386083332391999
780009031271493107
52948338819788961
530014269687501163
1148178124584665546
687694745559670623
339661432919050367
82843565545027677
203082614576470331
364479308017732548
286083075475280279
972318375190125878
1040814702598591327
524638209600718167
363416597911699283
335781316717238358
464076284554835605
371017459577213918
439871499812995772
227206695033393066
999033843671914297
501090541195753784
1126131764328136835
465134415317103916
239626075817075746
343178297630965209
271891698205988214
1144463060573021038
61235111580324626
271007114353319596
362279937471280342
101181143048632631
977717499525227780
145507242918724171
1045565852034487697
1070555051802793111
22842176028022404
503196506338231900
2211125659555811
1120824344284850528
295677476051550757
362953482788577848
824916824816073531
967613355426838805
632136498852121822
