3600
~
500
~
2
~
291394343931946862629146756638271174351129711611743233515632106119225352395460685737697884360050825690489647516210548668889270882765431887725683705964
2846695410172362593654962324017012693135907107542726768661422413465946407673052918081235298229688489747797812604375005014315062134304338812972618688257
1267770630451273875647097400102744794733504259013760244602050037229324229929224015724381000952721779509654489832236860448460955398556399041427561486465
3268934479473814805096516360023308368832601542123979913636719558328920466583526921583509187305754959003128141828850337895907899806285022111772217598520
2394255208710320257445934967138115261314204536375644306427971151516749741872945767987266066183735678321176170177368585428833756769511456154600068358064
2079524956945984935270481108929905142907327806243573823706743092136319677488074012727574701335355918750516303188811562251986660136907958574009846020721
735907214310094840919233659367324166444305618625916829211342383760242359889365923135570735211398844431172059070215203825218570189365584977139076069049
973732674651633574477696331508034614115520456158517402504027471728226785960688346234992827949146947943605194627149294462273432323806617054426144310655
971069181928245898225086366541638229381410532694314048531575853145927774425151638903979240676568929522800370698403866305413709756931510021921899904404
2173048213481675180384125170409014945460178491255506219226026044714338461101223518559341882302470483559214838931818475763290001977295975959884500799219
1495084474126590660219287322871152668181818916206017786125693851418511889788002002295221542865502490421541746864785841823773687312413064257869125907767
3138959672019360690062271790471768430708991991381470356933391702795642256433308458371999280094849813070526120106214660273206535690541415408983838875113
3120729883573668172425083234111109167337401239851957052674390418908529712723747212255982367242488672380666036812363767436943327993064308816750331614419
808356215880371592169978513412561600010915380435782318476042077912619948174208287528650587879558095066192088990584997673238112450738728555094624638702
2154033734159927996071016030553708314299342448648637967018206191608536062661701744509981993160093823537819484034295728338215616169853584574598972009539
178413084078869393213222287452172946077523035747773399340210132996554990590712342675760716005758872017681521317699981956883992951716334916569454769338
1645391381104372971750831716500890407543128707068767529506551153437595427951180844355276722191185435709632653144603943196234881897057193136430178198844
1515999578731070582435381938351459938388624516130183928729679566381133871028338834453818800602539018878831362149248303132255576162635440105061639297291
328447877886393886636967899968779877213266793630928066081333325109522312426847627237040944193556677595874878594313527162730508804242370958089244328700
2097857945675286145373963654466588566175275574599833576651652041151659441521222135834379882179047998850171884917868316714422713046608463578260577763261
3119885894920010214671778442255325393549884582598286873613473731318762963723686330338998934434114215704509104967256187255402505809151263904186445886159
443016023485364568574317079459964459183829588449579054215012580184780931784128026280690514697186506730293652894210765322028941888930899772036885278401
1516824023312349091595487336416466395301802919995489516502340739074393401772749233604053291046744809712849701254342005947669599515546361357017307018475
1606797551367859473927946115976280676943506992942095492727994756745134533506440558677358038994291236072131297659048212506723114339542022840161782751907
2807435745744986542307280731592728534852648091567433468274623472744134970535129449663469617613234291677796917177537833655368816954717860043226279474397
3061229266337201288902358442119786019584086206517978074389809901875895893793370528144577961028321906485766378605970239870330024266350642898619679480493
1324700984604321835994637800743401492658726489403907866891308858873610354632068598579610817415938372992268320711478659167753051814852275639970271676851
2393448929992333362864763420664224378555809978014908624975749174262700797536421634083637036678937933735891219091112582748980710972444830089653903923758
814358459797447889560736388440008559975974154763646956373370583842634762402852036628699302335404038833363023717441551168011522957401410116044562008991
571388092180003627747448415917917417911068108004275898839143039457475093031434108608530376026029854672971253955732857692581009988073337867838854636369
2453500059110330347689312803637827899178895969024966253030932645877971265219083315170998964054093242782557413170323707328632567176513506204612550471060
2952902738464866330334084569767484249670768280435629702434957797679700580421413493239962134017707127721271034597651644734488679510997316614316671664447
1765869939393101984067406787190565025638615549424821892544554463234874041533015314542383085169686133388783467515874796904383304453055927224331605939880
451377322598230381203096000604853153997473141073610941424409002324304694111328781425432151061338861488747824094975976995342670899940000800010344549296
1706500246248679808069101601222201669690861205692484849112018310727923964768909958414119588282917019550606955196603513887342074648763385008564687777833
577021286183155098142977744478090495090301053436240423046578955927498719162893841745641733116822555756225832925880037990579119650409517283709247411299
3262381704583175608251287697976578874807757028236065525725272754469119615982519252831445464534561628271432099184108056261314581570412371364027354822333
734362830172032484859604768822335969758541938639723406130987194165827485427481844166144510063086516461751185346056140124290709721617372069918683210011
1838794214772406677974466996864691981580127277998633203914904202450272460561735080377803891305655664602398672179450329079347738321162895001609413807899
2251174145566342796581350374012186464154420983941350084723454592130599080308690469083876372269861789705644635486086451843282152171692256645321264510803
804108304679976161893981390692499038904825104266895304599076474364677124915302417026154315485502872846149321178029083806308905617337263953306239825110
1897269018455716368065565047962859269728965059212074655967141297216845272002533293511568981367839094896241927820675540650793750392496528085814143336269
3080875878474816744619820951782454021117159456733924576658311329187141299195522121935083082500589785472415486030659733717735835176286330361618472639175
761600859675963936529145519440212111329339642780991752680241000727022787857713910681299389389147909703753841212183848313283099577587321891424457453148
1174771642048643356289917600757181976059050141564453664984182133081832162007647336357804293489203221551600112417880246659004402551593840451284915066048
2516050237395534936665004223880758258949696467654345435559989286680192478911457559340756693395806529873695989481356483677070035015860295268356949883529
130888808475985027619910124064387404028406612953625886849236745018319017311088964893730603307343294297461055115185254945913905830382244194479058123868
3156977512981947545125042346128452738736483843114429173377683679057347103083715687560040760385765106263738824014045521477228647233106649414620621241609
1277563669131087116237305683760051633979384932529851806491594956428694834073467268860816820273846227395676703291474405270279890389164069241060664005290
2270707235672551263715210314659117860729155823811339318870629265482271448910762216971750575543044988621957249849622255628329702409293987035083184414129
2843460115895811470252019094708275644953335749526736631008369907679166416238594069181055556071195041725948535843506121240046844816519503681357155256816
2611424059439514759413771702542080810443708309224895255371605504606164045918434483842061426429774452486580075965812692522378377250125627602846719512550
499089434620573602970794357779574820150392859595234395940205614452602614435581105842191034597277958061396467026797801809190019299925528332657210002407
2534806872866467486363088958396894340873310144119963056359831734915187955246614473173539432993853324828146707080740239802760792655856887770064858116361
1840444559821143940707644326383663143704213600659341010498865082767388492248838960289112096192167628942741777367004841749246004984174597533985467845965
1163672223955727074896641583858085150368149946793208861882771253651374914551448554528555582965128840654195304963772195682552085447779472462939285116861
1603493901008938793037093627935315464412246817772549749442364496313782394727611356078081165761576294267852474185801258299760299447383413921554901946980
1115892214341327881563862864769926932165768391028007365540101957385117637301669768489477662798126155875201254762429369665617596723137692465265087743841
1052740768931848023479368668826978030653445243438163209836113417263675154681525147189807782923482479293109741650158078813338406775124009601838955244995
376402225430560232408051084030799505047042944027255258297988436390871933516627221065095028597210412871824316257609351118529066317665176201334572054034
2406830391751579920049422629440932574223793436010697168107450640643213811383177304561025017340350603771846200156359410935238186802123464103016775372467
1112392498649451369628548438487103758516904243461024089541510959124219230623570510138859043319326347074139520491749780726770276362646221237314967169930
1860109986768901681784136712519425711314672379356089056563108291421131828187319310409416076298198350108254375367009223185837004679297493236472200772237
3182580585966265807796639986882741868215646278746690124181406391404445414496218230226770972972727662994821213054565719732573674431249629002373722000787
267451929613699585193766448039885930259004127591042223791072049606356543392932673224464817763942843142210546104919634374736777999703430392667414927517
2072199354684033674148270930301771606344892788813848611564592148029908615882261795223815119864523429119742421596859575711357268364834959618862626484506
1840430742461896858065701917187424854441875694296595546268831257484369019118421565559796530129080189704627841971113674905867038953356547353929700347668
1184599125884045652785267631884940445975577471532852234676242011038946327394791693956056215624644473322226345224031029278846017776095200177422674649375
2719029568519418527390757598966448667249234734984090651242076057255967227490775112420639893367684380002038403331610570312909624525129909174300387217806
2022788066676470784822083226018039779014904002753621586839260296124789934748681595525128404784480786398146897124394052141645915348395616938015533477893
1110872641631564671954263484673145871231050689547040136327556703896359825667179074312106307067022348684720158501530158802830218497724967762929030772927
2880170774543631610203058003740428317476000415628385502725969323887076528038849341519491721848557447271673969272848962645554787757284542374577982592794
2436360421643994164682419462608636554106441042118290864447820378872493921601122358568657914802262901374326503082358444555866285707942252966351672006171
2982595707901718451547766871450916138922389099228006115373357279446581255598313521206618302752059882001046195238004872740602199140187199420201621037550
2101234084104366595749613128316162757523357728648768524866591732258807023216380407706566857225409778131620403931313782108031448705502053442882390087937
2404014604698124520738442522469116142679686723765987453433229508270522738107529523843984054700561466772831380548203924031919222739972108080142898666973
684805074813957382089644334472440589253952083850670526646273424557484240748848055949950489829302967975507248533855065656272281632572842882440398853077
1413628439792353556076797063900742149383166217546712677391591622739423629467999383754584214802130739479213777146195384313912016128320379924676272785362
2590635880951757801565159375988903967081557235108469109435871951604756053554450477992753176688050260902007910572956650448905019203885793055040414195274
2314675213991567653194732555452647411821260729369192027691502899311802603815052585721148030418485458551294865506710036667837569629842143347758547128721
3035724722775669281740704459382992716429557096964674247043894463573424253067619647606479705155451620575219202270449294769973640076309633111122510931943
2848138075882682401338517287988214165416815864585499571692158080636224663184387893104542587078237616074664345144818127604821771088091001478106774414980
3039991054938583895616670138734600351606537441012031938800416500857139074514970384589370342214313861409862835633187803871725796295186677441513710790085
2390563071154092044340920218437764916449145665946816783312653067558431474823000106618260796707097428249556871572906918169800648911604369793226689675196
277403817025775266838070403014052822747431107895296907766247878571494318562521859917311110662970027115523967855066410311344299966175462481800878204091
82888724355285752895738276783538266146353342815745071710781400276202320307957703509660668110203082345073470106839558788846127958704840003369939037836
1702866146891899241086628190826526641133957444037064640648383150244372148983593245387318847931103787301548394674538131534352356704109539881814375134545
2376061982861591325292412816445120250953299599844039913909187594582478748947302257467410159912297590034183232854720294390721283336402413270732507925571
1443725328027420832008086956624523481768091665396560245874850888819750304670221109653821264354879340579430692418250314994194538496482817223129645885551
142194190941522100695937732829577839143445884764043464318387906031100571281741066597597293764881973322588133069971353055091172782226146208209552481263
1617138521799727013704895086856964910804771529051834453090738972596287730985288897747961234157265379546494354860072018638264899040430757467846428526384
2727471241989380190371931588086314824421435231679726123250646272045501573627483499474767092074206792981292677146045825260883808550263475064213486076853
863081281115857975471212205112904946895052993459535038827148120580190563006682999689957727759291906327890326611752018648440274085345106283324121740101
3147195165404109403538823016020258832688502138697441655255489091961105834531714916293932039035051213415772096357821175626762297066738443809860804496876
77286092561767132695273911605744284552976906038949185118132744709155911222945413813714692273729397184935737583376529297386627784700512212756947652705
406039071984075065410647451894475772848334873607294316160586918734361603947374478246546738059656281799420391214765406559877125960038104928612237552297
1598122351529176318886705336042699208350008526108998890047033231047551710956151088192094441941759187472683475254517295840144757307778917318237946659446
2611993024707225813824119963583909013655689399401944920772600332079356412521930215652690764064050421548483174476246356204305322755337126151340260852660
2025767869628863128182268627383893220640167901425871731461389562402903024974499561098288680505703999807023787191991218448954160192310209691935408621538
2672906238301362136136782708601856065690505548324233543905451077127291555150977051224126502288466936080886985696229157018019476562819266058800485942131
1963629330801804843538234842621545829503571026626714854564901211595736839209665704377964011406326672421862551998486564928850543736154105767698162303770
2688208110146014640704566909666791658399860326733328666852514966134212574288699409721919825424828905919976816160104030651977941637520778766263510355844
2909246691244378050784035039956676065362174493757624722764127778925906858031285687059024944083455214733476818225539786669640954804661047749412091674037
723445024540029403482279069984364935749639705164559702846515173784243896430337039006557208162291514887533672770454576510910174570079763253882842350168
30474238217517541167393395419387454456053216682358079978102563764851086702483176356957194415614583354994333428976425455798539409242657001255033008090
3067537469784186149147669396442237025786936365373130751536097892257779036547721224426353095273758133439958500185397693397689491605530205329288028863856
2508943800449373262519209353101738585536664639753995771628282528867146922923725260223762202142883425796425327188598132670065119012097506362352489274908
2073940036975675628797743152730515839816370847021217956458272964688190289347369616373558186776818814575779892429153519501606014706985909306436932563564
1295507556184262770330232906325567884697085201907943409185382283604029564087802867186176823423866559448947712039177908914749290012926792275432559268543
262441177680073689405852269217437832443332461332644923004133229779253648710531417239121074030279926280073179764170416785828193229793134272610241746674
66343460733854427831956969705687883998971991647258089682170499904108241579599639880577612284653543909249929288120978018855334825449827606716198413423
1441335181622808650210511770703967945518905990813355752688414029286199153253280297026687268323059805603454614818909517753902809930052915775561196165746
799331714321535879835056949090261605502776497537582498825170922583421702604735861258240104351171196392612648016488296615133051807841948017349613008589
2561130315183497440273476567082387465328014299200715521942602268436810722113944403663655724620152196487302798623804369593368013814376247692946217983204
665440802853162433196628226672516457626989645595883269344669950427095114900679612375412868702738824109661192061934377239480568897864746656995414115955
2693606323606350149239508371113091827058465091369845671408889024387945459531150421180155389296613917429632535379978222427816257576390441172043257727576
2412559127379170242173371150783721216023951614594374894960057396535566134029406148827702922948652371663518766354075009061037948208781454680812239569250
610830833167820963581299042818771722552501505602918038139435721543195743970432771223104805050390049997937860579891259447076362696943183325513698801275
571571515839344309933390339091486186547764805839871451856413083779715148980866406059187333629098002300550360447048788523236255062558080360482801177106
1484929320584905111106020433426981372183828512954829181181088099227426710092721203700634808624728579631273092006953464672767139371667525330805420092697
2846114550904315453258680502955080535299041141096618088196446892847605411201168164928365222594570595982015470544727278332973953245397318826887812347557
1870813449955170418154548424405844719914244589683443801428400315992750348225646562377367212311030928209792752131810216561794915735478179446681115545842
2393809326904902945599059495561904064170794661841050976564347999206241050671691890192214308247366549450837062299313537445977603100971522207342628577388
351279510307672209531395990460514259725197871836480379599302605014447109101959231788937013553167341325021470970908809621981472892545097491257775772166
586657678236999193351646912185334959526845238050551736346398378938481066323817431869531412140800785020945084649205865825185563412116015190835901507337
763826936444271562412900136594457179407639999035340399585021822783207543688374129050323680257407214051235795221311325341853792011165876535210071727879
2369245809942584913027644914596125545528317657523555575901274501149193143547469621437458528366451679755347610795281245273489998557063701085569730746776
120939984335640138318614907708349452457574763436976968634609903737460866850016284012659394046816321894471017869153566268379087449692403903015304436678
1783725218959478081797512335833212780099561217580743323946618272538853124789607675721843678541059015141504399573777219473954720137690254858049114131179
1977834324346764470443755152512172188974455367916386865634741133858484117860574100051449475277236374512309028725845215202934637993506995824797411572029
2823178823727150810477316084131517071558700655910683510241785462572097249646037084732259680464702528610131495076497826299382111811341999657315574533372
1203840769478823046131234935694757181928638229093787670554806974699798211927184779875950304578154859645278384186897553164780554318685675902039532197048
1424610380373588785293719365475470219123104811406910069174075766926087368369965240185360863985835818395873800591420971343978743069598392306850177857065
1953600866901844969508389847613529402578801393369059284676160792188390566188635239119529322838375433763418858094230609034685672456059252394717485532018
1981828243222038148626660683576087424453202591375265025618666193523910828643875634633623949334712919755134718569508900865720084397568240970699244821848
437640102532639336450670219128099100340813128136875003797023065219673019701369016343270937177128750630323446336983100793542684433759125344222287616572
1802633713876276318430617198185794496330920778596082437641973686559292214658730025339957698265461903718743368960247396114278815277591332229410881958873
3271941645423796975264161212943989684605133706127158729709761952206178860346376357887010542517378304035995348722614163520781022268137717322187683687710
2935751421055660256562604915186366075328529016766345990212484780299166842427469354746086233639266828750349469021439231832674534814135458060528188117904
1562228463144788117416987835615664100376167032367887578680196256908591000035828848955198811559110934631339822098713844030752280237205032312228817068995
1558365435560248402914737060430832301422246734786056238606911637538827616767098714712273468133889308294955633007952948582095706491183160884193482330259
1480821102284853861710446654951015423129238024754527982430820752789639209350125570457707224501316456004585241912319956556244209403888915101080052627450
1139396096271291131212841971767615779048423772646695581500087150041249226837105020841577614336372937592710338037441527635818772906930485832142874589937
1225187773126013375059859072496864207121907323226114151975992468866046597526792008445771172931303379725971014902834723007453552983163706316570361064659
961168911883375666425944496492010897504839639967367693398306598741469144342722677402078321976546448017275389220028946431659258629190794566542540118868
426510858905676046048255000172011190374318287305770673500586527270235339764504348909875795358160588253717675089217302778794454597533161461804509443111
2038483272450333211335450912264523683940881548404192106417204759748198268607010279471767564660867166584267478989095525892622303712011993923893628771543
2594528748258720889936155763419409721393176176803050101553779474897565135956093598655562396022666295694283987233927000550859671898669344516268429226203
1717078099221385498715026750760685166961975213467724196834297357321936229715599635774993872449890730542092034129085920419681631557252502573042482879150
2283847276452813477214043621408064897582018196112105219840356626763478039980143677427791486568070749785915331014166338126982967626547821166220769163348
3031047099066635845488701935267240619778162326991119121524847769794833235213776714854895082804249054663546322621572102111924551867111161462155392127369
1287264544899945018899821786504000948386112292865836021140125326336278463845199254789887761360271099087787032119471665105361594151297466633067262481325
387188473159010719894192649046480965180968551102001600927346298150959246597660896454522013575093423183427329147307736824544729490945786467136139075961
582465823666825841605470498623869456512118508794720269792655346927708715075596919892544130862730233774883628586346059020389390936105083306268495245595
3267952721019849945962420240303092508143678231199879758419654872744401557428441311470238440051701286955117543030529395989028412843598499844001855403541
2866782670749246695334289601360401374589357809801252885587820939710665771922055298394225864205867628529770507050199275348505424354475291432595255402254
750623908105296785118610625565507030162712264309901802146597375686160985231695117379927109195825362494933963598604180926146910101128910178347322185532
2160689589438900614156748391175745974604463042900814743959737014906076989411666611796340932880709150905774298262497587098329589187722165483775894955773
197309654078796391605722524414563865720160646895867825971823942325010438213144738233670541347491474193513497902159095496480645508252262412676001056928
1281330850218216202945457307629841555280897788643494458676091815789437210519997596008417925773709527698592556935901918150691099602635189693958215250324
1945300962867411091307880607177726649103298210574171070643819217822687770391365082348195140221902127520470329362655647856314396358801714741111990579689
2479782942785115129708225203278874292989434650833763234276047209900122919646996250198563679391108083391479573395013265253483549332073206626212013027430
795558879085844900030733826286065334088068975331455438768218677533085201775479944231491376353052873889734779044413722245876942647641683852496289637527
3180303344688386487206636334009217589569929968837387545687852009518421017279935550322411151067234654330261134189197010780707013706665866415842592597910
3127325354026099622405339158955008650445586621138996060491913304507221293253232376864219483164959062128474237764690839478259032258980782344642343233190
2987263506232443523625210991750405520086163577189277806077993138972965151547622247999305532729937033101371976077348248262526070063835093743545986962705
2411637736747429978631319109104107924204125183800799490429711908531559735579894468316191398951973570948647692311918432993576011092806439485170982608957
2025174435878180052960806851404968710913977375620916055174958216516178007060368122439773237605660233701282108628179462248433148025551851433160007564212
555256295472656125311750182683812234827846223990951380476397768777004615275294478796693449342487585943027910635388640167929491824006037057135213807309
109207341414650075607193218221917231984582773704934847791687272309527117627603870740369494645300438724345635573307771956467353185495247429305288428008
2307458403488509240518729012808651958520177823229952748905695354926288047894711368545072880341851100156107899319530087133803374756860362666039227801049
2812480785590649777737352607640987670647366483701334246928979049431314568724021483970920528233977340837919611656289434097895859119726201898154956575249
1055181823364432116307873466327065281324578527207720684950515779070941868934143942580857307095029308859211915980017975481971832870831706594473599119490
619404041908137687339971038502274496554814218033286732874902773864290822243413223912315625482582977133987473987728028674527091820255845907358498598611
875615303212527729293303112927206147686394365405518006924219119051349802061682846065578277732482510456395255152251761815489303796477199547269406201317
2501514622265040536456691332673570620138340521918240686398964348853568869926937168518659875733244838296028237740640199687547952353282971703459893243347
1652628140387233692164527898269946482277315674540260306182583501920313760509547800415459861093881971021674770048175859162667210324912980294126819687127
2693183119021332067014239489999883257253268195757376724335238842672990453659517795533326818070433758679780941824052547721641261811669931112968165113484
94260295106393807034509000669295952128524032649061851440533830487849031372585703090398027598558155484321966561116258648418303944583300335416967262604
1236584619212918445608137990221636589112189190654372611141392592575809937225791925992199602205505329989830475074175354485012476226700205790716048356973
2248380432230112183466220383486776459630962139227849968432622549671205590423891503840250784247860839775521979117672122046521963935827504446553904244581
715170834148684194622117117458545714350567718006124601576718205671498003012025154694568777394285843334836069828585992283266078467757295925011883972105
1930475064931073798751138253405062495197934870061989456926307239957144640554367307806642658853954769762312754085073770398042462520703325435559681142464
1936834794774563632697474955041604958890784211241802029631820955204627874101571825819453288113019278749182165428664539060950636531545389398654401853587
1934260710013996285622195897076064153765362900026690998076026729091698355416618169286081970166385524631997117988317727417704433344894832162296283240067
3007526866632025487419036886292150934286630310488505053387206938975103769756630892834744647465808056641645266724264104246110073737038519154913204542804
402868913456828542958821976505638714200971443510622383313363521350232997437759303498511992499075501873159575824642725134136398307540991984037314641112
592088199995269389711777382461790278949287537401544920700280685778567964652591838921541004007682145700154023789136905372385497682499101225260977387371
1009046933171715407714665456814148194550219840616966890760881014536122923949564342504026449025649988234266893625275582002986882298998589474001721413552
600850299008799191660539482959078218045788711237833283544038760673251239552787553287199527313137706149887302772968829832864732124899240545041822634932
613075734700344460265506840592017467387973535971572635187680239046967352632213901151089750920113318837002576016945508248962076191509863438528020327431
1630691792013274455171765204504177776964287867035579587955772559929516192903000378617324226724767481281827727941225983546818590082724168669409267473288
1422659659489347921283643737829444343190961874124215211120356866250351689412228248546498616799379133726201563672898835729209547152291920121975894128127
1840788682216814543716511631392098900094168817953887509321869369954035735377439398630883585560688592807469004302130824864843236528614417023713899578106
1234292209458093432360608411259633009267093458206494757638128857150886362636546659284892063441166956881978109093077866196395423465530925671729153939122
3253774183195288636933857156909964208887367921223995840006284062160446195173605684162133704568359819427765867819086458618164177206211581426493991578068
1710974295639671873085875041891630746950393937961493643905962194199810780202913286916075985087397332154958606180300999005417070576738536081680954689653
1709054764608980646230194792171189946353350625266900233599836125832491095930458971588305138923336292702573484768944333309918292213812713905194553048640
2186233329767039546570802281953671801910604817468671369784200340139683045814543113006116039911876604203248225374690820002712090102003514574520993274778
562865026809958568603087380065096274940362649806317653555940644170564567818720812233169765929865934587422538081892539679821673819043320836748414620389
3242629543391143397050937720829552820637736828919635013230398011684424934574962850135166857748858348281481017001916512547215601717608664770189013125785
2942374080368054448074179876278935989000742673842238638861832029189185576402710194868906410959402235766697252310787927965716147432020985098758007042175
500398518531506151738049500093358970983094743064066850166941831333724209549086270835258828692578421326174976804549314825201282969088405056963454889146
1315095484059412638912573397781912672114267821694860510351969349962054632915063420875777207546615899582289071964464514923930284389972151045025638916127
1156976461181411558324474620302784032003483119449576259562582924068528211900313875382531081856052965722648693627255938643132416876908079362217428049879
2297391971553649590286321483422214570229432625669196242056044809592402864723318534352845552664496557694751168049145770170805257899263256333460940790659
1616293902525922697328228470371929686994062376512584177406151723068724863053924808047487857713743045021149486107238351319517173657796045726804095286097
951081843698660582666119967596817726746549552129242021018539894396348410379806886276461344046226865248235098620273681281791389052704624239790289569546
852045719196469577277639882943646634939466321969171967749809911201487420674209411364793488886811581684994808653935320244061031541223614653171123627125
1659477247210797346633692254929241494812502189232917479198365696228897049084574678190088512106897777511813373047521225419130177517407340614084886748038
3055457214787710906479588409546545974527068949704837973175713898841972448545775990007705143420409600832778551916227405767464147932659677943114428970006
2095727566044012148042009020158814234904075016565987190887917343100015010083220551430053500445989581634968457595536196526159449386536287612763140981752
1100925313003753950278174424425955667772786922295955829352447432288555217323886733953780856190639166573405493631062455384845896580506055019946404206581
832047768298287578597932863630166181622289625352964202824576247482019146672158203699404431648140969604580181647344056670694168311101603183156857591945
852219781232790930091062900441317064478200986122402909950891957684678994914639454966183675940461692037455568883360733833995737788139070365934235153450
2129797780306593106651697588346037580595567673371775401430031814764902094773045142634564488799952592879559060206842878438969895093174600239412957364545
2769950712950064905056059817176330190360546931170119926084731456690373496854300659480500490184176218341777665527405164796308608112158613516006119271255
2234476428673810187681894601500802990398146408327073870586172212522953211641161497715948593714828413385845503431383755238197047356481420165893641026243
1356624118895991284853007224801652423789319854128300715892020698752821862238695960539581466930882138166918445478603354880099148448670768045868274397726
1604850510918986845553575760059202747528594844513065735756915920415324820385267979067158140870265826567230323289308185513739502862850188536031864398770
2263246409446738893792149278742581704218987509856034022696712359430643389375764410025839022525510317605371353154521358953963888072677302114227654928191
4579807336521975438233109889132976010555542939880858073264539971584268738460620227822701481779167802953913481654472333226910113774094228068654242119
1593011270397291817376691043972412323718837548310814104680441840690993806634008404587085487861525884027511994653074243935067936389804120112185927697832
172329023115669991665930378269291538650703631415508743525087254001301605838866226808359822178947812701086880155106444134641521718964188246051461549922
1540993174600814073257094213753032056093541549122127077865838169562769989166209762867880098322868790137241780721513666742280789832715255758204348993968
1645260790248118136750770007509762093591742027262661537099197767739693305970760123379755105818223604882916382812230554492660817708939701531790779966654
6081733705870503153395297933217721575025038489602099242677323297322825275892679759184197319289467359631973799533609311981566001887356088567320773777
668769395013699742953069034570612044870918901032563332233463482771465463568190918546476331520989521213157652495421996286350858261157802214059637760216
2797043900241858868738303856301706667829957071088219241285418050243596398088116932622148420849546329249077411226469374817392369660341025377257187093798
3167244031438007001569841549628311225267362784496725657439673338618977944042054809064687855700860968776105743090580937452927146650704427563854727471561
1219576959696248874083764420240331395140102136205535987753145362997901431758241907804861618151222500211299049192420590467027565593753466111110451590006
2201744475700105239299059804884954971805785768999197551994674616931821553106608651124746506710625190721347780876564605294157996871436119535368263190533
2880109895840735505006409316803913173974305156552823201497333049942055596636700204514027084227740530018017927175057863169150909064073714286831481226347
454321006896964256076633960073050279278621550735895398124208496015863937840228316719820428010563536676793638663711324922890522981587787300679300768601
1196212539066511468645548410426121718350661662750333812474073942832047745538193432255757889646746254483584282376449920046529265187097365092373711877436
1422275257933970255954271681066649655012080806168351169886963771588536195977253227215075938517990976755985827222784195282853498159631707723605946171338
2334826305487554009177875108113282975621373266390864667162309691484471094561963134414241976354989521710343965594890453094926707586071490139388230957486
1608568894279805126556273866904651615077694634139784523845688959333797570186904407608085078025112374438152607533155341919959054366260668794874998935461
3085048779622224000050116636104884809549753309487763405694000632549396277239301605858128973879038814418358155658033405514123293426931758230702700834676
2603489043492299077351814321802011441471624269981778064452694476969177683993140272905680883178942149756582294072738624528927654332691936266950532557857
1233895304254152570264016612064974949470801350658942183410183839378335324432241283769475759325554453970853107912333485919018738122185469257322522011546
872079907629921129811982417356969993770469755103030355347641732753501000480922165114807628972276874436347268717944673346812496644032650013485920884684
2667787729851085278420315366884903107891795259922496658727121956299912540003718571902850634167161681768468071867296581790350716525179858658606138558302
2062974835973586907306339134557790942958985066108345609987445718855768724244050240790817809028182552922301518901193066111173341349830255308053698956297
2412458935769531345408997018127952928005208301425839964902618069040366887018691628647849855369020819392416128389747658351330136555585312088805773752998
2122215891808871720370682865295035113790397197298728144331660561818319240435055802254289089118704099800385542806900312030475249276865391561968605540970
1394550294423191617988846337595425551370220143401861652648770422131187510580652447587750571713138764983549955455830043326266629835858306420241173130386
3022645807619754799486627048372441988243287832786414271741401459954063695809247722820628679693269752334773139563233984097725100995008562095584730593575
841090449821129412817040268113690708213504019877091917540395230018784199886768739985224175678599029023329459508465282979836209289930028802756499058140
1534080257886626369012886104142788220587456023572497162408159625830330243408181387363066966058906293482271513295217764118212416591024043679103642717874
589892076297077910799629978050739078559855844065698626959042977196667743767184253330973762529584681509927060984791169549911055010709240472065691394448
1529784157722095490605408698139377813055723415548113982532686538363199537076089431706228494618861102713824566940430358325826722887851794238070117743266
1621061028444712867894123710762582364189697916177670664315635594260423543035915170617302206967751719583909718105465660439029999963763574612410878187264
2393352296509549942148043920491223565150972413106294691375161348939327479861707958811060389406469011970365152906223404642628128996388801271054511391851
1419135871664335394372567201133893438937670919101374965888577865050488827495386546035200384961893269826019992780834264139232488785576770741261432107256
350859557214101411086347293303410249860164348320965727603894700741823768105540743324716612136617282269887352313240491320525860258885561050536120227639
363949770339584477055837503949410142374722944678416122725561618609821090862374340434953454209367077800860617891240497298477056104363383656183668871694
1095454615743822943655062468117607552350596048462307260402113602056842913894113234933603434406140822158216502082025024520519098971004024775900286262844
1297604274014091119068135219131298749333618255706929594589659616493731593594338296025310298153539263352435873856999337493877769144820995730230126795383
1124321596472859076259708325203333287902626177157943269468973341266021822350869907944981822422374468060888879425098652422164213110837291418115833369730
2772958703317620541973853719884208622382501273807666506279937073210033583140961990660812716441455920410095039727541825891308823923639970291525960977199
2546845317977568365628206626971745637259728172570811125008150327115247829119725770549953347304034455110074419490074600368705724241878021965768649064205
2641219481925273552400747790290169566982396561501739831261473451658265472083151718734362590075234929267377994120295943183568932683448860641211749929927
1706476314051842832084647300350745537572738144247135477135742733178987883086449821794865943095070562913429112147592020438028992751479541208483801670886
1878092736341164234090828132147882066368237296817243837545248091931194986579676010221316424705234844473050470264847857496011069034129170375036956687231
1187745570632207135792623897453780546756618855022217437992285461244505652205558091832487500327134928678344207327868664787664398791601762381617309926848
824837995329215036446711927467453582277698456854350666926928824279537707237869147920944033554189605127430155030158756267734237354648874181849006441331
1788445307195698592483428086824008868540037371039272207829210862940714185686866442557725335228756597307438230546014555765028395300686713043663728209284
2087145480458700274809667638175203171173674291548829380502016174650929162517840164397217539783319415005577738976852548613192019831462534675444859057845
3022718143736691579497516200734736915111100003928157658641724342210998688222610870766451798319054695150598072039544890018657254751531279034640546382545
237885337098515786050932266157391384890149452491516864906313161283658511778880176377059830708572049248778450029596499578002120333631567025605753316639
3175300507323676558432302424164640797058609163278664507832095193836493768406023198170991169582646097580762624542026736824756678343927040604452033501968
1514114804402279242264033298622064546651914117097433084906529321135696698460892948316257284800643603493518075814819969241571038658555607886420957989834
385113378991677846606662812900134155263100791365429615522795680241411251049557061716687457311024871699127946479997688963078356560374134922038147534467
1531186755139222272987317178693045955990225795133509667407506351577595961862356544159862250763972353388546290840070873258058787628593111381223914351080
1975861741800424511474665214452431473396645625665485009751440161873998970165325357736802783311929511042723055391183825651725997929811667035993174151541
2081434910420285746048930763509647270167393389413833134823429280141008208730202153926130736835792499460343819601091407435432078096176926715257547994835
3063067916981820715364377966737850658652812657580391704197652185057357131500264346012741892045127170588254874285362674519037622340541854219707724440396
102289899662912600375017315369164365814721319559261646656851495662548247534276333892224064667487131337068489892456999655099559609466195717700570575310
1420006098428120777470575204463403837968590417339040480403800847358365286207638023309865358609371862621923174002199312001821929352593550518777258130480
818150066602552668219800683373600096561138155286929449440132485007152406524496362678501947172055353582929228026840614793619936278650878510171581214629
1120125735294541673651162566925579490109932633408087528135478713629056264022849195095558170710211170286051533345329818483173686423047698563700795959542
491780740307882057307562367041861690853501387401324585355591410086860200534906353926584990821046276744162413776562842996696196706864673254733665128331
2599869129083383133766468700025303021089963118455449288833380079004646576776079378820934670470898744277018499792480737094926477207386508741180577458846
1293263461731643236612522184032903787613597285739012026930399891711339941220741450649713498457510365395073019412869611110456976679981239742993911640396
1976616100213868057032231136426171580057046698344045578577891646062437742380677310487933670512531869599130500518617412252030960369160965867497428741989
1429485785392623198883632996086105365315714897302662151042782379611173158777646261208213100937042582027321885873092768221472369279976760505563910173655
316750283901893801590321332606600457383709026148525966990630234698416569827762214104014356821918775258316252765965444120935899623574678010647038960661
2703724601124002979104837694061789854359371451569556686328823239515319845935904848416939246999106046940810008630758569077849202782855378294105911404777
2072799260878007384617654538955513688897856588606984012891299161625605622608133928854452337888474404515671995457496392275485892392118370262094705826295
2336300613634248267202992655693662277795847247897365495712659451466886641347127442188293324986126892004089311759582890900630851456387500198245117957602
2787422189038846324335264572747280483565724507596385417813811843843274703714662676383048005863752384897239469532510983649597102511469193090847109395028
2232671622125063362226936555931559021651873524478786020417805617621369275978722311414081342830480382509833433831198999964690411437783644174517671085451
2085618846044066923804102339088071981477794360878799841647333915422669274708679594289557110675144872743651640004244871859347905248235099116168436205907
1260236315667507210057643624259766705176019040559624854479810363773696698569136894568399548529443714615203216338642055085470396469823352331250303517797
3106085866582204269065134861259803342076495016639896308762704740830069972835188377704914729240487429892880820583883471407687859571178020510377383258399
1360510010450691908784766511176175847048083844658809267619237517008583525981387005662294540293123226670850872201811679209736746323480758163134391110739
1628422615785063576489079249270152044969271672453161025464616211676384701557508924877760527558620931097102803799864994586551385718619346294773222051748
2844957400086736577644175424333961770593421751402701491926403414093283030518825369026044630252886543132250961535489630274067012824345149309653148943666
1144453139158546977303735869807893257426048567515941461217833536226446890197003513856399432565474870262419962387452383444406159743542167419468500306500
2360915790941688083255549186728022722626748502764310940211938094476075055023526387170171317121108261115561570279434896621802422954589640499838108701558
438178073912588879512567533887668998219221261546659266593255793486426674286980066470077357399552846582056000166788178248214641490503606157789692765024
1324805087280956289065307742065004065842593356410998596631154162978861591167169639759905389905363991625364029267093481850635833539298952126994639392730
3250773460369154680125040190743342935481589841754596435471411683488929654268573427527701060799244332189392988232223591723684944463230085203521088506905
1424496865220911238697466947147746301139605873193654662754165785898712586082987375226077009142323477331267492382706213526309208268832878753423528305675
1684494841574449381905325965089255634106884105066033390703208786141143932583820212187720391087000890163333050361184016516059386115245924061469850985588
1636135084861275201761736046122560835170316154678983900481210579075436014307434134221129414416437073454046432595633725183543605987077701087619266916708
2939768235990015848264786227444802947050109936818524430912259193556932885740674920310315039728902002986713635853539627953184148993258292581725110853311
535052928074949222467491084626503469549375242951545297172462358322360141815845173456933401151911486283347444510326352277888170101632502181587492146043
1303594141929921270491480174832049531952700752003990584506124002498848288282050813026243189085229558821488990500901374153874621535338801026775852174285
1150797622113868371192792750587352871128009891117728767353270086218518491745665512887440499091610837621299096430441082486662475485847387330744384988298
2737548924133878969693910734248152673159127573088134026919457123990050160340647639682803703814718088631687283791107313439183330189638107913604909606564
2122654744896510974513658385455563926041721485005395042002316665870718800867833365488962163018545657911817619337211924345058866224447248433410190815369
595824873919669296755925489543659883664516691666365348666184203997842558694290796349985253667101704343503054077254889509322209670663627368251050111398
150826197763373292374027287519215871021584000777841155072855275542196777177189495145709222305832803056342845632925462775416873112329382780464761324799
2373168009795392468089454134788784979884731048209105014100967506630925843667989738521457260360577690603035829664950814862150068311817996331034841527216
2178166461409801889024063149035663689212532959300330938788096882776783513326379325482708663666530252679939576496374720261905332159144356383910215616068
1783604117153288496652843752974322863327206520092788314968626574553427774813087243900880003244048275554611779772339929435494243382026079914515249922663
3236043763742977035728414805034852721968706946439345236495357356363641383310070009502706279877587748635399167840513805506717005537091065406391937181521
476620636181805409921377898500803329241193863730403287865242539394022828080935956676004671337497181710411312075446392939630166925553510261162204049947
3211523759078723625913564370269805145305206772054635869845050086537602519713814121987070761979746369605243634111379064923423124448066318610953590232020
2712873586976217156472005409548114273245093844239380508212430296313553429797127538929835595475773635092249747265029409934025828485669866843287847137989
465104406934573923766459323981114940261525708135415197746671844845421412337539768442656909385724452560927201864190603046880136896984454902995438536961
380650869811822293190692639642700918994138736310596731313502325364658469604517896184934953172688635419469672589957392633308098226271505452258486436459
378560686890784660686532266310624587944533304445865673303151341998695184930601579182450237397279873366341209203789402400008684254753018137602635895350
2561673769542169161560032270917097684300902106291711645271159854277070920551392688320855402658987610689063543447396932331397045833929977435590751367284
860585015362752751030299031714731198291125518124834309364866627030803252543098150006536230429947827304983579096197348745490576904742633283186647235657
1869636799754005252169439758181354225616847008244937642058346554212801373935163316289761596383561092481949989099356897865389965893060559787256494306433
1205698391453773677596583556173848206676017863601257621295310291720922308367249290382287952382918402831809868150361544140550220451583160591415602988970
2244457840630213442816938671289353609180156512406971681268097254943005679664942406181087845769805003403730285845505512806185666212812795067795387657240
1837241517537842209543302747397598821239914213105101406055759363298954999603679181271027040448065453000129536382297760476462678310329754439380083431997
2307687379857382351535776894775752817814958842377365191156719723752076169522446801747916288028781095600565876788757300100395492411350843937336196621637
2143551188715003931500335854266281995558072905438686439629474526018197331350818202627727175065768147196984095619729032168018575940721455261630610810252
1467118394074879909141595146357592159804508200810389198152793716041119684464924082339596111403058412831159248225501001833228425503847815589381268776475
1776455839449130121596476350902225342160894230254515706293551915796662105110647152603353042713438152271195995252364854643494932349139033026339686460159
1681988986232778323834124380725789432455261835763485293426758568988077283590324354183947162276558774535525782759888360973093911511461184466119146282707
1746532288870110171674178311428880860814897875207792298474507474080204940016918443280072410873924939577435184466773760788954122953948473162536359283950
1447129683140856412424765562346495566908239151737358589479723047777159865103391814959820491030363827273312663867437597277704571018165692514525968043775
2246492667874636748167577358582960949678951560699484706023248865929038217390034965433649858542115038195130566659591312574945743207802155785428140439845
531679216868784063637486376727754178067056085198309527715770637692852817129539284314026589320706087599559210908806312708552478301216796790301612773029
3086410655544474247027915311222885973297706811205042372532562701810331101653650032248324876748399277226578708987772168477367334755011103499260294219391
327809765665056948169261835514053059512063118091104949783863139027865837715271399753427419754991089810363026838410722234216613045092683485321938944297
2153075765994847056657606880212112227721126425284688647822431484074895853918195066485918986336166865414634107225951716112467665774393836165444589897973
1595470615368312911838288678608636670925017957766783752696122666146370910006316590358509580458018814498927206254045137133480874406633101884079839951749
1305769082013576817352609355036057959857694888266597448993467446632443031811920892036044277826395532280104383502790436267715564226096501731729288341366
1585964570068339375912909750858059587829946465568271692891864355289563119820036399478571888892626884194030962326353706947617870011609733917020238757148
1368603831831889215356648014434707675064427480120301462539480817252170059446512306005179646957439367698332172574963922695852911701971778880697810883773
67971180591530336595567584326153325359864708791142743578135154049848845234856310424399759880457598591657175048599053938906220770661677833741261180404
189096576410532648699821996340510895199084259026665070974154435443474719165689006898394326043016036888151160618268866899026281532205420264286337677044
2837653117435460674789584539915483410995922110917630374804545078497778994319989542162571840230373134615901259940536900144536062217784514941187945033074
1627867894118070803897771300181198549782661019328734572648170164834633617570494303197238769270278543319384179113621085970175936834781785591895999511133
1546346343238010611925541051117857099732308098303129025290979226223282099910097392516179248277915802256108138139658727831739413494608890339699095508138
2501427692109938867773299619607645910744560063889124476708642203761382137685362255682662253564133461924137617622837222733256521447766140572359348069257
1492929648719693729905846295218565338742644465330630644248501460343333482828137343253933226560805224563730646153762905594447699354058525691599763156260
3065741210801342518523559348312408123419495830309399959118641522807144691991327694907151597049117806234415891543503892159749216873431943718704213309567
1239406600822411543770038958106448870732226202809915404199892280889628163261945825158728589038157491207987508569129198521866059135896586622423706276890
994263653932494619910421908433759879083950575553295213863865737760207408835979489891884856254600767434025028480577417611050325919378303111521640399722
353326506845242187047553880776684811272068569279822200818924476660686250477243129719770336702926422667844826689042654872800951233517540895081221077998
1764648652490203025107929091527870969171374573537644193531958599948120029343411696319483520864941148274642348582663423669250318628437851234396810105135
380350847963764149614228149184151664996357315303348559918609547148558963041721895193080154237069509394045956301268899091636179054337528768843376366349
2105024511999630103074022807917844288782103570467092030859315898803891081566427249231270649311282800674768369003941918712354718767559890369028035110755
2097842837235553045490352387257657713524797006377763287448056012682623797376678323853818027938728141906122355898027273785827381243825525728760605243886
431746437718972386944551034357426092824697324320550881763072543620443569757045346588255103395280871970441174420150353485263071600381097512137403840521
48561607071622286353115387770988558556579712225249590329623726063550884386733940877934902835090558840427315355166944870945751690930834762049298815017
548109357061095633664819464939010533298081437861487408908046455645254837639566973973109998768561386303926103195485134357195174399246980920136904242430
2700482394466135617225682467095084040807314664991283793586465747960271568872886057481905438960867214049589832612377199282968193264266102132027225502330
1305546408464968354497685638505595085461177887749380043561740629401729969201032149968351113406924280826802735302551529608636122207909415652333809987223
2749004528217098129933884611930161027727402295155367310575154496135490820362998673963595697386402979884926088979298132458054024602338579404983390831739
2383958333067895055336142314474629931586539724857567896914942405641909873413005032360311428043813848065524751179346764879806303745247307807824740765677
671567570258596586887504701774912566257657092777679138389302910350157946388453926362459521076708261228449269092708600757709738723665789026663122399266
2427417744340161999257248646114556046614472223135043068815513076100191888112720195752658450628892475085015470900751378211077538804300691915553814969814
1638189633556068504421700407850150764519073491657359059461992602139881071383884564161377760054314072275114850533514370385448703906215948852676761003389
1428070092345965326042012134292203791487025555264634839628329538974709581542804158315745580378758371420207435407519443944238273981109528063990713372951
2335411078978006198484275369202678342226209907079472488572852516235094564230839952489295927516232324215148080771417892386381750293282093280055328212610
613941943049554809265495325714325896707129528804713886159036561993069448150167172756922932019203928746005670879616640980650684786352378056669615674792
958564849162602351103356571036556959407433894587720020575381995181789709649383778037765557785310673196071471185421549255597382908478941873742036606663
2429054290423184444638929419911748145438126010222206829447928333265015187209903600318534694114356095338522931654816874225477302119653637434065265179751
2210740837888286012233860928636793096697061663503678073530331633053884670170026473315683860712975539436179290129182594262168597102172747597728593609729
3177919942868453959826440696942303178029726140285171189602970318239385680185621076947893855285596578475258807312428652884432800653883228247496092778445
2201683564356878874651675084892138137800028792214446731509680726764697312212465827192766357699820364649403788226902411835625563185003766954787456414689
470481694331785716106473669646649715336438469060490353718655230186552926125564973212514611749964949721400435545976866930105355097647648485656347917872
1473016428116917083535766175744070926865220706084228720833382794042591138422947391447589929165724203898387608129096205430488914828074927689994247841621
1756480732232248544017283469895978559600574433001737869265840986035327631471201067910023866740151618666118389123877519101636709711807322637709231889914
2091764394109088270041586604526741003360524697558143874777266562876934417164605339980411176775487313230065177811768701204538020487583665560184230964058
685720194876745671846059013759900999707056032757364129106838306782649588618755436679407284926231043469533427190028969926801658572334650552268650240301
2686462425912568155246736666565774601084916163743148258774388502561814110970138610422604129023481356575206246681694489634478816066724565269072267070940
2322457482771904952062432447108847463656074344146910008470255019626507044562471581786283387627122223637878938466504807983014882886379689783799872663322
3269633607732401992759977706652708729144841161834793563859508879216108370260724741180604105326470028953284949558619875237823027734694798433611842446038
2556229027163689989684581809782875841491556673883455217417776833457398262619051936783626115875403590518701897085715675643965558423362689421346226364601
1865123647525849294962384930265236308152199627835722141030490004812956692854490153891468738380524635690989480745907932619932407789794144302153069659140
1261820332908258212264408563600337417992785820577202493482865255598711075680027059888192089052928018872763423494716820019450297917665307521748061148005
636555232774830137279556731550605770446634633456225669678570646739184092408364086560322517142629170700633788976395002154270257831841477410536252734714
52733564990026265536180237114685881820621769253448128472662707558324205295429362069905092515139905002678435696175933298401648670437399567798518435835
2506117769952366912865254649300518676389767751940956318798404863577878540521323158649411970370695312976879719201582908869943957343112900967609900518791
340482285986709228537331248193422949309692220235048643803961542510315135841210239474229219256149485417227274899092872708401965129053067550778035824502
2028065056749121778236191557140779100710237410100350243173491050512016905102477094439634202809995051412939478714364398484729135803003170929621083609615
1411843058524277486017524275081167772567744468001165226594735658657302217980087970733253276305968417244136035022111267294986290090796179961831943873544
2793464592934412271247245889158212750424879541502936669259941660252178829662907107159099259810081975998522995181818738475209633495114594388703648888559
1621769205769953032396970843155615585322962526206749202799438336875134820603045132438094029237572037706762244282064752778616625496982433139484032172023
2402266435932536552586306693547479485328765314417959982426223265800732330717825005882943471969039909259810435014247856851844029216929860973935167302712
881068845977475859878835417843771651563078086172455067221600237634109374651390230482291560127089886727753501421920339317815537813721392417710961453117
891186961541110071159456936218096321509368050156317691780714891740093487361594766388030653437312191017395553278515412584619287005221936991128215361878
560446789682500368719585582914235951861011070149767758900695767017212610009337754530131406762513831134584825385872217086319152682549646495715354877002
3109348183896170400491211714175151759620644113296069817270238279872997024956543809792583097294937053441738147183617480326503268274282626797160541501497
2545684763228303961213957572851839379892674067573064056849376570623211068311425267176461703414636331792540282306619676643731753961048732117433783129193
2959063307045218228368351241390501482700495596001259027529468862206234027592655815656276596960449696112710219974643322116279774616659642860600535906448
1497285887368577611408140787700112649359897006795218071379575931720140765818907358945535822185723153577983293331106218273408925747746225190242946785833
1357618897689974343035698112198537680377622850896969189825169828270457017612506167724729184549279320053706600869808309502316143519147286144368018077212
1522523211490332226331151346565417895406007860104791788866669109053620841061624509138600587745851999121586452642805699281971350027242744327679838122146
3044246159420004467187971014776097740200714841823874904905929723130346806562328630472093369654768128038690781290199856834231844123586545604637859028576
1032000064100169228469649056831116716842188362106648701975807921707354836539160138870761176579208417125143297507832703923399100571101971298775006435221
2474739546488171827994906681036872840476722523757299982673446529910059109321500946041124992528678010278074507589510466712536286344494220537524962686861
1918144514723623618902810865776691405057305287453114320600033998737218333295288396498048300015715263484424320513135882885349637148747760422827531278661
3065082180612807887674628076094548290011929966143920865451727946769891285118468623942999140296876383532341838414018577838740230959739952220552122929730
2475710969569781676927259856816835327127059727812200683525549405486026557100591690860902870585480316484245193904932684988463641226786392521706846534057
2557011356569712404081905051251508734791120006270758304328577852870128973553704172366792231150298175884883042604077654823435494874508451708202388020988
3139851351474040653622017780259778037444896533808639952608737931102218563627330539752031659906531535458127691959673659086810663273875289869842977178545
295749888522548963308856177901826468857942747624890177819439037409344480243323035559112119659548509449847030754547267716222060666848273431799058807207
2397084713547513265958400580544116778094571908664988262100601321930359674306811395186761746075510369776445650229715803765705390848609346777052940819430
1163202481612046605603105606338431829816322125950683436596135340674402163558772224042419902441969185697762052014503507910546046702251570962744766616238
637657421062561859791080327916804986488998904460964759575224365321310430612276575523006569784286480645905652650339235729989307454155040379274257919895
2898885069147939942465169390107427685229175238292400500523016673272825863011691276756694703607399919869814632485743647132696129876346353185510615712755
2191261130565270736232548896187170184755044750610313691625456065918770890943185840708968389189783072549927052198323153579069871088135224606663152820927
2736304477376891191441539457389945942177842331902450013429692022096868981350259050802040553698356301674471210618838520299874189463620015268307525474732
1819493933751842189920108235340278081053658960357001728298986628772084086451403829499576719068276365379207577730072287500506627806980829953648282860503
593880188809519987459288665597602562931160296768966645731757742029655183280375985820803041176680344137370466108475573399763759949182583665486620217032
151691056560116054849238582968816314432455301412111151991994491397258113619494928611614311596429416119967639180988716459478295033358908346883709166242
2050684118585069767897514009837787345144634427678244369586468907784955130687549684113768487895378199738220371245720210680012558625483347669548434917944
2560746707150505081493629122030733548352472786902594218035576076614930593903781445668227407966254936903580822937323859137954135457024582921106835581314
1547842904843168047657172784357613255318934566613190365789658169574262642419531620905129059164366260207056199430437062336550758452017032542867865495289
2094908541742400002952802648953726480316044695858897857249275526532165289746871709463275497288107038788361249443207129212248790460107571681033748641513
1085113330842916481774821677894203617343671301009824316011666082150022287576525787015483791928497808130393753914414968847331083650132811296166556678822
1773323769852462399182483565714174428198375342553141390677897441977663040094907099049011320104966289787414341982210668334688180120518847708993157955035
2865556067231714611307002817191410168759077004575753312301336711229158440907855287709725002498088801420205069599414626405162397012498966638164041430012
2466364042970905769697493059714451870299307504471131010977787368268002373945173766082354916706900754515170825285933970503935700915231158991227489540708
2783510455523564697073595505227300657432215083821930592243572397562912252813155787349931024081747529889797154224979073593065342376843219330219386918695
1688523704922702163626625937125759108943789869058774183318711855596235169436983748248142283748115903932905792909751472451631869337781347554230005766226
3035345747956880082381470330541840092172826470930505449767942156988566057883091152856096589543199269652437897354978584400149470798186038992958909336466
2749376167665522428983180223912716086825198281623765261735680423891162253843799946798067214540298874288261249503322732110603600830255889853523237501645
1497524654401384327869586650568910352774142703701388694733331222970097181879686306847659881207857525571236188483795364083092904988144046650132315288683
1936629753601237636029705768460301909422515739536232973531304975699849719477281846883476749121729018994515545552745937544591265644092534750008922532405
2552574569631263236344635092514805173959504260514975696267219568145670119190558269215466415072182078788410594778850769832601775083267592433885912134548
2785949302889994099951630271201085381682654332076060908627553915503400387564927151835152589950550908943902689846686422155671121983358437494671419706824
944513845676622582178134029222819890450423670288322891004444106196446399534388401589973994596912769188783633210457827310031066274310578978185228927848
1074415526991704458445996752850129042171638154057304343373016769383465197456660755596900893216669363324901303041609816380986353084192738742380146404716
90425196084672103668485368537512557192321749740127153128654571163002144015977394782410187429611756651362894517767615509450350006411612485717018856921
2521164829166190806946635627272294907983650552367101328903302251667152350945770277567824585251968134956214367117174355516766519024250002881875542005570
456255923702838703540385485953449720468846868938969180763946553620790658376523926086744425182199388993632713006321554959602106173785975775887737391532
249916349529627906622630602603014510222506643449669598120549072571536999066063590153142031308314368893938331022963696104925587488214756496624045031116
1128248603078261176749655271272438255835659364327679074420320662311408655071933485799008552471671629217071759922653726281020453522489040302769907666192
849989069359901499226781692004072192118174427740277092598272798142074101012550489293413147785230412717382838548661256505603262321766373488932488250190
1777159626547997493278230325079858715842927855769981104664870810954946583279531290700922182927361767561696410443119593519047621698101370063979178756777
2998887589602487892818020933327974623235217875734762501523696269984744870294114180698311278309541999762177138006058597470013559189115672000804064324674
1929313917887082341245992842160784610630884119814276738255777618322714041396114323429621054566024190375197194923640334171539562010391437193897573983193
241220106791055924788675098964880795766361911678385763508074234344841360311163506938774326617435453753986690875028760593713315360006196354263928565696
1660999814811972855188922847936436378006208870309991973699851987842624803570354620689959202394200188595534367085263590113505496872585600836058306687795
306209335646672771882221558415374230503245625063925284492650747978398099716894666339587504752788375441763235154746171831715550382023555205361252314269
2555206522278430823167006573716724368842362732122146475039596831401993808181441319745584463477177986379945230641565561640564516757908818626586790602624
736469687107282019938349063624242843942790984008138460558070711379593412765910833394417268695942514269132934300628206528736691529727302316709113055604
986706047838471562507753319258087237672276122949459777785701044678030725632035859244144580840675206176792907715063739237309207379053103046763630815218
1684483026014422047372352425800170933938922929438112706365350795224038957977701787212666078882488273402625207407777005424436270861226207885614100520269
910545000122811123679828074105735547956824942706086927941267406054534590794087249317416132915855319754671768382226660693311333211506007067340204501747
118427826627026051887516076354631233825155453202642770145838393306758909474305176146275354351671770848302925478138805992678986701292281134680345343930
1169552943868312198809882364669803497822875963718697721593132119692027421331005088868368030531213884506257991758963975577380458016849916284395804948692
703665607887455003038462364937085003556905894130288510691532143619569581908318511227776087378977064162749559591092221225120856640507577861912341119217
757710533898773549401069271677862709827971588574844130707414488131656953630201550265640841372643361906976169528627338635541911285500874946256476373853
538714020764928245538307895332372872697192651426499496662981199349241932090529270944875223737758855588666560728195524560963269119622519607922562259359
680224237796720455729287282485793098358530270169931768024853743965410926540504012682242997942852110810507681122560308802102804079751781059062018969378
1527948412037633784950750928844499819506175923797825501748741405739839278291564522843553729297268007986321767031631808906096586474462524801796338357731
1855486747765218181232091556986425844272136484714616014691736648437388264368123452910000576586360248843335747481894429539044793228038187286440780056094
2480098105719048234759846593315433455232329863559365991005366516193340706193549388473608014466943593944394262617733976433675199748026468056545412386049
3204235767475328276114970569326834942008936190708942052333119131682594399001498511858736056404018725284757218679913381118007175615136222847598011669696
2408460691559382726929188776555225657206178571501841294013282993879142408175758491429643098716170062560165044383594681369820460311004153710422012052631
2752132608155911243633986982907224342379673412422008824119918749285832612912248119905938105663690670970779023181296684894457623157159202923754856731827
2290582715861306934166205111665252955656142769853700057432699547529727483422755036615048781574792447054935685679207595660141040294286648273383937354532
1773191024476888886314559557291930665805010957248139819706525868178770543484750104639404545539072198120541600282465344535068705502688623400184135915849
1660292238599088534154495877977446374702661939579147191293426498199698935526294998045247537059876460055810804682918860673238705212977658153756219971487
2495985782489100073758172113937949913629004448836218387719211615714566173587736373895490577901525133103715775169533045741160906584219909995587720218656
440412059042332308979707092590505021175230018493631713314681166628477768498732740449559739506283556169490201160205069044819042044195377169332084611183
171693542130377196000430321256551397909400528849566091952097126402219753107382239721544216067459023902355804832334371467217675993053745532041237672396
1569170266658477520819631987119995028854377791060491367745152014720241504668291849287111167702842688559537543559042171908190420399275839922638528758743
723040111812198212735831818120977477019391783609797620023536071883536758505856236994674717421887485012555602882273709554211569217398020870276326529358
2720007077808383204775808634196159953268835565082669154443765776495967064526111005969470709505249632596076802218564122420332589389743275634019295418556
1686894390329570159280283221754776503058125094471502142843401549254213776628757464895643253467876426396175223821559392663731786139584009583879632375497
2123104844152384268914792307980627644886813995588374308838994349845263942213645719680301614474396812162098903749928396715587768281638464503274358715293
161269886968310245236286925524052314029604004453524256766123154398264962776907518537616361983122675503626227757332657801805222101492539239801897917929
26384619222828739692368835196608770000553468211880120269624062863038325299460163080651817044588959282260584582453107216900817934115630437402529299061
332134868561919133408167990289975807663221990083985924529769268467540634464259182733389771064336016351012833117358902506745589485702519440824601720489
248460387149474968801576601282102085540472881230602213152111871951136185382268773657032007165620892274649603294215728813641746823874438530359079732880
2426697198565164304573686564222651282423007278038739594207215075350630965404360562770432761258830158697361852579314482950075747572265450617702746508943
582353730870832275354926503846056393093547124406406982618962989502700648254861457203554339277955670837727502723237508081638500282052460046543230324856
1535943527262698045551605514353662349312893856159126241626099749867131071213889027609614653288346919808228208949613528051798427166767064077812579055867
1750235596730758929816160318211708629309919028441056336269381380192233270037790579364477366993546279876672024157438614247191070788532827677802031117208
2286447581679030075920562165629271521138319365152760030465224445030904344961597994592504390154346529494445369021628380620148298243576199815529106559704
2009196833023076827164414832850161380801095812354559726210735304575486074886688694201287373502922557065952896441432292041266344646763980310563426236426
90920417499875077519890201354783569061676691871609344342018585902840922783249440996609970031345573457031115005265458852598212549689700154150242771147
1278469120397120034829805288018119406372683077053818763468322486122647184072900498575870368578512138996773279652947628958435967386043313824383096963652
620010519657712533719368766051884141086281247857343561579509337289914420240777777885933192096451145482014973477491165196339313854814945841408661202431
292809371464226076261981634176593272834043442154697900345046022832180625988754992831282734030509048477251347072775360784604878760074477797871159448936
1289733884933346568213131954363976254777265753993631421605249143620282068985088000583743473407357855210351821698281470599687784190261755933228214582554
