3600
~
60
~
2
~
763294556512005472
50056875144880959
874971959193755344
1133950578794145721
1088164248105292915
397821534840187113
595335335482824938
401887938574276994
453121975983994260
673704830828489970
414764692853842418
1015086794397655522
940629841454798495
1103137146703743965
324483659040071470
1012205495634913686
805200842281234361
302992771111688203
952980608633373761
89825407372662704
844476473239190333
933014066838765587
318786143972468392
791900134160471692
635771172022227563
56154897938364449
377186849730904051
631412669011658853
575330269755554469
344044060427682230
572354202068143651
11715179257089918
941716821011569077
984892175037923410
244502199165063793
64086572144700191
687236135218448751
459733266157442416
107206396308194639
422190117938968625
627332299667260858
246965271954763212
137580911805851508
195699182873675229
678975440451141122
676321044757179919
474316076109619489
286015838019942706
938284530672581919
206631155145164757
682687402136637787
128746699052902810
939095486903626273
915104317586160022
952324061732333843
34809325731193532
1082873289975118720
1023491092758160471
29664023045502751
70817532480733813
