3600
~
50
~
2
~
743991121905575
61769930094394
33488577737602
37286920957686
569511784336047
421779377096666
875995951007954
869391719020827
640765093667290
859045605606313
862268300430772
1064059831372878
354340466372669
1115714105371411
507318102233954
343215682926479
843895204428161
365489176272959
1097840931281306
881260295760258
884497646483836
530325357757201
200502974091826
899354650666962
1026708449648217
287819270484974
124260671109245
415273883608868
868876678028336
961298373891939
94668206331216
419834948421706
728923237053491
1096491681022466
665590772824781
827794863156046
188123878948422
212139711006088
1083824205975065
940890508760834
1920556078375
920041156061164
1048286415716391
625531113741830
424872906615446
573138684342010
365407054987011
835410654191346
588533900744967
500729349086983
