3600
~
90
~
2
~
1079164318123720198696977091
738544304383196674979273300
1010819638151869076594124988
138464765801751827719508517
867713112589631275009647901
536237426928032822153733343
450150265343045059293392764
591839945921698225976148365
758951050344990765920705225
1101865540487222667419602541
96368377960879591717606205
420288225496610956493803884
435251034588225205855796101
447116540817752253434376559
131758102240044498702090570
1053010161117910824444753669
474260980717600442956524901
690281454683913954347304802
1104626375896849497953718808
882146180362855472483495212
838267361329935225323647256
1160977079267576975278738893
387089074894689341344269412
32020224885280398526365032
664551995575336311208931959
892653508930713870042233562
971542753329769005767249959
626440677661521513593570920
180732229332081957563776564
980111308336598346882354155
969316176048229177587035928
1035011748448604869351449981
52225945946774626867908922
263378616450488913895504800
151105343929314426196727147
1079022211004354961600513562
799139023081914425811531604
1214215769605825092482941081
527293127293274560049506241
413731038881103585045368983
299816837315812563648931330
600467484456504722471537460
705840417464347967561080121
280930010351431931539083947
201022093113043450193251719
87456509184583749430379372
874052731198053537470953515
245579799813807260485855232
238678285909689745081883530
498097724843064941449100524
847860567013483899048106256
1015934167647231955345187637
1049354657590692646440868498
1080188570991433305092165459
1038331269644487692945545214
902433948845291908844671544
610151083806470292376357833
1119438719379941017208800238
1195542643293330517720629147
1144222264290694152581210402
84422871515538369612375952
380631213023305270692504407
890622722179138562820999348
932277262578147445477040082
1057237011376015559772390016
1191603025539835539058239775
1089761869607180227786465938
761835186940361225643690283
727628933928323965046540801
838222086402990092299039089
661807636520537897539292976
275242639235524925189852221
355233559813665172732778021
1133094517294771690490808167
1234247655107714091105913197
1098341615818144272375064042
793943948451759953487465177
34812804488841425123935933
958245240139526021175180444
1184281249243428308427627786
435401561317779307189473907
370676086665941956623913100
157024639828583634089272920
728660516324491507769358042
1073163571785429156584868574
1030595848891731779941395810
698421009627394827590990991
491497136303578013889736851
181822461147787150605035124
56232257227441265958815448
