3600
~
40
~
2
~
418074901604
642526224408
577879887801
383215455506
459262498869
423640364169
487701638113
69140529663
611496229507
205285696787
1077469239784
960641157474
38648528737
185856055021
934547173657
527527155184
803972890443
321297049854
443188941958
98767465971
804101559980
193393508640
661911726288
155909697819
874510051902
178189048572
712146595618
725758537195
760219790211
940610489765
652742141798
477076024185
385024134170
512637967454
698233009497
568088962777
681359970865
772017643907
925944333843
817517857936
