3600
~
60
~
2
~
971765665908118610
749673549216340868
803486500024309117
1138131365750196764
997346072951889842
1021659515447817346
207674526478615207
364290970116352562
37358298182019729
26832422461877296
512295825848918361
743019986814115338
183002967532387626
341844176114163298
497589333026054100
72772245430847066
1041243191510377611
721168688950210021
5384188003304979
1078237992577788677
589407097007317286
780985395307355734
327760442738413096
1096283972521823935
79515981354700361
652587940157748234
906638732550034435
1004337200455838610
797746080987480842
1119751670853182023
1039342484042966294
281200469351263147
58863608517293037
685677449561707907
270918961468803661
345590639826680005
885696573893635660
298455971481465897
664627111486453215
1040113823612026009
886722201597041016
1050572966195173916
30774263320037286
113561112587392936
105481576326711630
1081512266180029952
443936497488708700
438372902680032233
34401937947212388
1059893070616201337
479553092422542128
520498587970809268
423716931142353081
1070081833782952021
142761098971400124
111560632168747014
712811551013491884
987450911144368226
505024640544268839
514079397604528347
