3600
~
70
~
2
~
1092956823130971710965
1144893095988409762350
516599345965211762271
660764714348786661853
150110735129424037998
1050721774218073489564
1057713595553760149845
1095144142354538299615
389148928623461692614
535321272375465826894
316351239155300131223
439501777845010184868
445127493550175909267
348087371932648172539
704906215682187419647
1024478213827557855096
625555592056734513376
447712917265974008227
449163977040211559985
119896347403979825940
644101788220536186962
844240122363234651628
1179611711975202572943
135799539612753669796
931607622034824948872
949858725347887380978
47755814283907865334
798619317594865521407
1102954904111682443686
1142063759623069318864
229616635796344834243
1163359400826244505746
14209535016962579083
317772142497388873272
928055944713649851772
92709647372962953371
46792417767911200126
171899818110817188956
83478000632319879566
870047775674582242034
106957240305837953280
1082617879973924172524
340301672827331435945
1100974279939771574038
324861849577667957741
413346726097960782291
1149311684528313731036
477588785200067217652
711421085829157261485
1086491487316041286776
1050507461313137829447
867429876218804094793
683280425156966188506
460016876910832011351
1082438877645669397904
583186002624900093037
295551980032534977716
270907182361351513430
1172996869943277547955
421358909967875998914
547839053519634587356
204789237263730986490
250361944948258985313
193835246294149130277
762869302758267858055
190698765201352782175
512694979661322704502
1145150994906112220031
1169323649074085966288
650370615155293529460
