3600
~
300
~
2
~
1763256256522166388718941818914222548276220116165840790923593352679629690706925384148217489
646722614062183127843411790366100975908063331689941872507227672492381774626332138325250917
262309502445271121892231817156013444741571464642755416401111777184306260529617036171512438
1638111304843392631618675982954869227631280943474358521783353390877913196109092190699394606
2031334523808002462723595339747146982105550285537975827850076321110148667690816332416332333
1272299194954021258237023957456305328385987001082223940880193273082935760714358734636125519
525664520890722610911653540608975693623485792927050319889853931826882971581637864393949556
1968130639849648549228533511110637170953510915116496168621261541645560806546078098279850719
1636694596349124069748785857493207301319641481773212217794804003888650081618334407386475349
711609944868912073363873630238340302126567972144254210899984428975108647176886760317390990
1537646504722199599400615078669899033361427355431117655282226292285798966731336499070520860
1406246805626370721257178716468303685504179032685006468183904253268547851619654364038734296
964302967700811467015755957570291531578482579906270318300891526056456720010891651056469694
1071351699783953078724661720276590085925427746866949013428575145799279732689710069936213520
206594730081828483617656848633804182690917677486632096039912495434458484221160771629167203
823962083794590705523686439637084267114137401891042147918728744192006423074647425346770409
69753820539164983984240924700332076386838946783074021974919894078297788094348894353124035
755081484720945022181968633619675968126634045924736548369627203212772832251062358961995022
1902106241357800594312967086619994894519123837230105420359774613273550667106944977038074997
656216128633132523129101366202148048892859630650014162765172654120849268888802630801413323
1349099046093672324862434466834944400610317758729458678784495086623567619255435087740987195
84373909428666312733168825123999579327657702384443105000487778473436357022089822840505354
28785356444030011137767178815113815520496201291238188343068243178158873608553940147160971
1475350585973891574547185344157059623099184515669746672814718533383976671660600983567091231
1872395330184000014812932492150471103659659184289919832058258118881586017049147395208335554
1911269672596781793496235943387176292517551311192104755458336272301703216448429858832457212
192150958006335892516525586390108151978250304835682649895035965388903374117510730705738776
1651585290148546447666630928072683356167806250511086459160205476920984562612358836701081892
1258367863692910731664605995513173205113949071742070848152448319555481423819345701250014666
1823826220241261823807312564237789328823469354817376542336052880170797915933386389668094155
125315180667092289688139877225719172645920192942117969048047392773680940141970332704487629
441654902171311200047373472778153629669971425648482813345590070152937324665371304045962654
436883720098059288502566593938303180501857470757353197739654655147299362503216358827584921
1448279148795633376731298355743357539821902487501256715787869735536282767069178146582954084
542842751774074596569175942124645211154671515768322264357689621881990642278261164066351040
789944842405360967801343450129125558683061011019823730957388977738301846107927033135242015
1928569136591029375018785719793754224357323872057957688417002438681018845203019980649601484
331030975778429451077388657265542471291062263585607084306629459749401220416288818182680387
881876245874217222750107924262468964686551544795207193339271631522128030410329362260326880
1737409286321700547239281715057497533848203516053696805033796740244308926407395767933510656
1553405334050410110173846263509614011756695629136742806276891463705865527268039131552181140
944347170507409588313166888458285865548840113360953822352367687759181947248464578800573345
67422109461137291551131339580284517121055382466235716986554591897605528493000030979661582
1342239200515936631527523717252082643673580877484973896798507033505027457485425774861090659
127543729431714335536017711590742579085538732196312997553635283677400867049773904143763811
516830020802383645549583258149705888890884643073358478141190292583280913728586834329639311
1512586016224560259419274188449909839127043854879783896461955688705222337988192321226827920
623880515300825062651339609969982332161356695589978966637207835537889369273068924021516327
1455075060445429083638922182521527098081270940410750203220511779098699774742678855115427438
375779262933191260462629447915903254660868624559780428203717485877758947743385567683849367
1488922167667272026102721842499958109258423789503946079628879192937075192355531006240444225
896781782680641917606996230509864515600327645048472981060291630921226693522227238071632313
711782681518203431606566909428166534114351260058832880605010140701264732985007917907728241
903322435896680351208465764708298360525968689779144996772128649600479582868093920774030551
392528149154932658306897836522760815716163176339407959690605330290032732223257214504803401
1994728834719001612712033988673119704086549364965934903636284779714752031889780581564517468
20302133811497697506898576760926280846708826517472811192737626077977053275342854693880745
56202678755454352192546779358228852992295931885474535624375245986770221727022763949876602
1576261954598598836430628316802832719203669788025732572561394178530331019040115318098347589
246850476432885513534680441992130089088162449695849583250946812471425502626946132685735504
1772830949147619318581750759567553444661563595015747688025281338638620930037752866374567529
169233562040859687811483745334319872759595684059548247179481405965301181547689824841450171
650013631954318874959504432257400724789641670250940677128355907379816896302519133986304287
491682398087356075913261321275094297818458987021945982939953890603232093455841704495802868
318234967919633395255790417278521669744428980178105890370069237195081824672502731777572409
1782172456469909865566092773442057095005901614549091638366549420541385995630724053448497755
1870573123343580979508676656394155070795596282833176560667130404770480645671863082561207762
1315970793482439390892797126802086683669622951965867766732406533705579797684519702327729951
1018711200988082374890544380907012892921048856219415764267933074061619616797950587106691707
230460009360617679744017713010741079522445946809814452074128358113641796972627741933608204
9975655768988451292215623908502605056112466430130932505229900608261544714752545554643657
1808248196792266417257655062819876685173204344462956765615227587228446303755384874175977826
1001352465779652004624523447273447870436789458347581573685708433475104596404181929361332662
1491856012055941238631089082077086529850734983632037182580335710908563947497664347368051531
170558914316724714656500429229470865185174391401014498150023931546881866766847566534549378
1265984146764303074856673743378800803533188322186703262623451515019687449468314380439067579
1482479469400485166670401044616522653344575154031452433795983324213912518566246379629611701
1127169439228790491564273416493673278145097152379324853521249255943784131454980341426222108
1644570867987331879312027250389064071054912832187910142590602062667125870331253309316934074
785447090080847956459374832914904502644697693310136636496765445091913641671063436141262654
1459038733224454750719935627155624714382553519555736973479885369259131520134521184526357774
1847529164320807718572007093126982657605945148265479089586267169460304680889626981756438412
702674272695062596230654895013020173459601508304720307643775476174923737661579156901194648
415669285921385557871438809055828120955173055130820610387547412887687770997052928169284030
767881736490226799506173933119219286241250207467893392052216260154125026563014096321217595
583254993519506331674807843509050428011422979079062384565152262415702353171547623052997572
376687884104516722560869537658520123889467936078652697620689181550345401720243953580894382
809020182659340498905856924973390297517978314472966702678746910014608144220718674958083170
1744849189599459134010097483210644816636799724044572315437226754154937075589574188940107588
1109211509390172225443935954353559029574974837437295050049127902141727438659134005986125552
1998407451467080907311543054772873398278561390010409506887354808587896691426617603420356926
658079096924610741964417479726558154305189548505768365093921813314582287821239908335266322
1751673832198315551923095831521799562067086942032786296820274026345357671644001508551060009
869158611600179936798088323637477362305525744199327174527251794075283350615965488878812064
764552506760419975372632741313244024683841588411804339927957828669049080635970838615904276
1207108896548959140904974301950388576200883989561988110417670221310539220268652720984443947
108114248769680418116120484607619704640439421171999392227126146978491517840260691280274407
1724260878151174493594360006522610897890955982245597786412355597336459090499311979325798378
778731963093595091776942160808656882024776297603336759336412986388944631193247308318308957
309526452279732329794893391928082372305737054605997200333833306055856986718552890242299159
645414682008520917642388244693187071896062690244082507921375300757040112931004991113436575
378772423271873438699448808505664815129249933988384063693072493660755955424908172296848632
429147967560669849598934162756520528689334284530596296609444049782710533622647718505978999
362216224971996058048697163997202169118486789526891888885382552366978534297288358287761807
1795882661081236026771816651338252176627883565125479146800696264070651689944709006552444250
16739574121053933150036007583385178517276532279792723795667331494381775327458067163782409
970493294209447698570406591237548955215680745145228757912807953024342724734781010924894894
89427815095024648380590724460029834752601227914515906351879813013517827108043325560006385
387026526231219925441470926037367582200691180865272981926746652742193426281746855513770809
207457033956376973095147602858996148804268971443253460515658169452953401078638163356189887
575757902772270971962348495823098700447211406221791910825845711791210875064933448651375801
1404570242201583872847561917355283578384227266776217324765842788659681540031303508029813130
1163511327202091283600085165326085864195214103214245600638437456642715419010295369291604207
1895524408589137034633418782643314062025189265180746860883795646805581576748501692299560991
1599865379469144561271496353127706876397826599690523224544246367354765350959916191449528423
487684837565707367597221761045930478145449171327843385505819699242694953050179559899782874
1165066701188990592375719337210277025204366749891729596256298610110961691009378420078335040
164349001656019722101478539131410770711662523864822773850105526083199809641224190260611234
1046784596402790076423439859652389340932377049226958787267052431963360606977941805614550970
939452297901587423863124289057159989546833066284019678388631773038652474198868970827775323
507434598710924852350847186982079805084990628281787345499779277495224179686773531981490864
307484348469296112154350156015623133824102766514840434098387926348933842746118014322363112
611355038555594075734433335709699081908992351408733987635074568931954030930419149803765078
424923879976730956341050913820419292249034315217474087408491527648465025128429173835667659
205664963606744053928732255963882646543358404861709397339999075911352309510808444579116927
1419458069532618497248166429577610190709551735381324834696239037492647907712303657025497357
1997763839545131640604974604213431998165035666505291190601483143613519873947473167561779658
1360907358691956429071826075356485290752647813128020861362056551045735836572108772590412077
910446069125716448419228797272155402791962317587455937872479599289776190092158215539185101
268677881233926652427709427312037284872107566251641900546635716339091490318301187004199866
359429748797230397059929994280320009567370157605196909960193343324194059851522697133355472
163172264924509931091151354497399796049291979850870963317744167578454304741815911850723251
813788511130247454423704380505923787044276895811756794050767611400683059198313884419681964
748632584043363611392693184930822628547154699932130655708538984341118586239296386000961816
2006874941809264227220213227929353941793967250945988363137229573753580126321688766655664647
1195574361107501611019005106816830556194963168362189375336628452275830639013409124444117913
1758212960362737281079708341250296061743063151326095162448596531470354391505113316625464339
1460682428437114676867127465360931493782933303748592930416000440279543077213024030487160310
1151613180399569164250368230960632914894648995124318745856061082841965683323309651236220514
1244331731108365936275743821136115620926812655994797510218075146529275947344089841653373197
3057685337000360178943639031370935278528899807150105373866435959137629989396827966320749
1854041820844077396279164427937723501852936900481079645743817346594853875073063368486773637
828359332805527670333146297321278089490856595287919700870713668969887252571209165342300726
897620117037984177995643505789547836136315424335813815436910813168481298836712586999650296
284348342881664648956174763734449037505692749778849107449438403240168088493516936850478352
890197810577069599962957290931430923257988417031196057809059047792066332782329680355239379
593477556285291436384885496182199522783819279925250259028632436522334038227555538570904931
1981999510695609613105875385798505669415445902906977363353440625416330997849856471999258753
516416820165350629911128937398965421383276896336024623152126705863472681149790359351031213
1216481969348837486921459999070250186961165043132503340367276942033633443219691524621073012
691481321568239585870587294294603495723790997460048487133544851138186310976166126185071081
821790735578292300704012443751248140916806507453992970502569458077164636350660061056076373
760395393853775180842601465929274896195770053276236713141785179148738443464408936032949699
309403072521981857618228615910818144896522373278569305973137691523490587007401794729662455
988330153220438152172750039356404755705016331712773958308084368464347676509726732584028034
1387610974856975145246840804479966768690714522651952783811007002031521723804643324752134563
946125083816996242793324178428211054757161474925278175031016923048214610418627035232918831
1882619279576829416819429728746088858686803169576512359673381517104456968386806784005850182
1606396029852111025884028653092324118470569204107623294216408088949318958173992091945097514
1151569972012564220629277402383009517366612002910612951511809369039410082989687467039357014
447029020792894309403754338638934773602976138098824676173166466235561816812845715837644291
637404521166028775947405639630927817057224899814446622430223775032805877615348872374836977
877563347452498085159752414946654910483003899248017768321581262791599890975328195173966436
569938985807675047945280021205658664623128492031402099488459725098914405048554526854769132
1322317798329625661910706473717710868090822260510070519063931041378838636582068333286371554
1266030036269641938099667182794316676650867692283514231783035141519772731396282521678609347
1124610571419595894278653191072764916091495408195747604855632450389262800340363806546949670
599206950759177043823231780756904419641524732406506272874128103286083963450299060722138679
1504858260885536357141669632456116044240195834172002268299100753825197092489749690958898413
158861624004234218916116674731299506774508120593425443940927486320572638290503565130995820
1959364052556425998573096751983303136660800863336436707350816772136485584649783975888892251
305334589887145722350349283149574406665356000746830151527605360217564849046437322283094918
339476496370821089749747150723502403177692869669523675291163570274051671428220077334028874
2014189849265178627390552041078116369146511134951232151818399043844926773129783192966257233
1641561362648377472025447338672845297086678605457304222544915723937912104782778440684928570
521493082182904495866965865996445379584931048149062671897617673693368618763062193453234943
1303706981673092497669645889095882603900071141765390456675983341709095394557112727832000985
236035050181182917948118659644610842102919170207382795397311230694735948554709661675226123
389146098693312403761104380759996845625208275627358932366263952816593228170342180380628221
1860374573326713103888541324793148706676933548034295145884204770663820731361742023668255700
587765745147774119130873105581528639721482094035156983725176526141895938179451847666987472
390058749135187355388336120820108023936745847554276985416198474145990037326535241665496904
530648039158272065724592084998002400328994762151861321582354737066362969720225191638217207
1004941898845979486338164207180901727605260187745427026714567412983607180511679662648277526
1750269045341983902058804736144101122998251366265371275208360906450079909090297939802142488
573230070528735235297312175486149340298690121694791252544725319148836158058097966139285945
2014998495955167113324311183835240682426534569482277196367560064557196990468799219598127494
1524479811074309381154105292036682737456308074060264152922261821633072802904786437735163287
497324678911204021986782344485287256363767153615123474407823915591889126303886139871308571
785218146172017174394012049141464397446792937709964878735321774304174813316429170861115912
768463173493727625182104487322289198004063710146837178718308641587865923457516207867708750
1340991312361206350237305570818275864514757826672208996841260733767696741849505645527916160
1551179204599491061601995344755906670647688065644959416910409078579063721189215212460434020
1942462783162117860957433030417234267387008427988112902273440533031747002169597376764461296
1107019740244802169077192162178012208074677968791105314229700328960670788461561429818827087
1121351663022542089842635941182386483837516165456284360069342853226352723638633161981753729
515382873521080402454929995406977947236421618782899573177752552704053606229755296005887284
1541947388211740381978074815194607271360142696540908068211268422917495023559470845889075764
1408485017835031082553489908165753524065747412172564977170523331687792803293615322902160187
2025292260809593272354403561476240661988923985860401783672894875910565114785699082367212654
1896781730974049921165119187949082732169060636996217097571362441446845239058029173583483852
869761303212478503420613400642748390558526889659124257499577531326059254976014650044342255
900240556765797720442514741656252563902897835686145867723927860818077305799987701906603575
1896949644526612290949818991514794051542015617318233702645432664412923888091499637242019754
1231587090510138902218848375481569175716281256956671341557109878346342337419806479453121319
1827261087421169926161410104551459531841759329747173435090843110882181107534561846515040316
534401455355239828478524384012764933666444997037045517347631072732424805319988564477901010
105961015732763579643828349972266175274773548539490170999021194253639419365108204394344177
637166131258743289903780261171002221904933250779279497984853904815066335738902906470721663
586686260161208060531835936476206793017247472654732180403679384519836429552718864120036135
1611648794431256449929985838358349103002027276575884007327483242101196755869153838151009464
394765305820219681271669863672604860177867193833758516241389756746681203031481505076984224
1807944437555663354310939131278390896483498435106399970190721937730346022993912425226130244
1937323458750824152879114682855816875282259967044929724725230616388612012340706250124953311
1656209126289128998843057176115503789679583504521238844479343498513999837575495416875021598
1518106297487347027117011236172909378302388194487688050583745156202451644386284948457906092
1913631486149207684670195361940111863183982448364336739275356999143138363599028561472638771
694504523900392290712263403381588857249882236701023746815573621345842006889834901118556547
1925713948158835050328115739258209462870422244069545695713491978323945821157394370857243961
1393595231164126388403366939561668802187412746502291428630259031537907248130156765938341120
1562095177377866738136485730173580735877679218103247174003766188494277751933310304108941877
783617216956950698000742957112243000440824875612978164799775185113882496570148135102175081
1301531144288954641609543171569128404096234317867535460954714705420155624137963184664422149
306432323519608082949286045539620597023004478896896968986383236772655702497036916364188992
1946034102649744692379188875622110807856739125573727768936169526053139037031513538199959793
1429680356540248471513221849149374241887260653644823009998376013199406268344312474587514500
368647790958429810014129909307735193348742562511561385018979054155281321843111223975922036
826665824723862303280748455762300605663744958072445979083696145923076120548053352083376621
1672284886343968864826985101787461432225323597391456567719171138890734935342163739082760903
1500760184159101935659021911428142576512411631141011046760831730077976527971408255450380431
1391477949397048459511960453934580322009838767765457333117041257661137016479748641208355493
552764977438900414554593951281968866628149904712938943084685215609314164938283254996577057
197123390781535601133902853627224720057991057101215273129029067702876358495803851410319949
1464603756450326391726108921495532656150567948752687924690457729828499401347762316162990612
1581078320814770963177448616203436693459082700267716497146441157449927443798432098424238791
1624413682842481193049621489302911043362532745949708115770646013798699948587597632410179366
1964423447204678522477790734602118054791555419147401944791441029628683401789058356007884832
146862763877038434331009564373603650717233499629837722880721974456119272486684429339807645
956368362109401644096601078870490871169461722813756271059448311204590732498582759996382140
84257433691766789281464540021444558256173093278807231918978427689860188558854018784226240
736038009035889360125813419041576302414911317203483446833481625769030154451024346370380532
285815534811746637620838543572012579563719459993277587186395398405589608730984895665694574
1257319643205713845308410807268209218645097325834010966486602847484676264558561100551325770
1997688778586866823857876266403559996697926152813689395989198753167056394088034869953058076
311869279520962637076960794959812454979138128421238264024515324881379180605246780270854958
1125041007001835043781194661786595180499954604631100330400758090581477341697684938422225039
678412143115222172355376112811400737392941646643925991166006533921040354383937181371035594
1554553406371616405692239753714841307312595768120848554305362468609713054280022519731123360
1823086309768712317648193272763733003661229594678940606914968710516282961789203113584267052
382371139220552617147246837242653962652597115545975461881242883798657868529195745726643030
17457759610696408646530988658720513134994534301303000040140885933200968262086733592141414
2006786917352152929193245438548797632753872580935361680268500714694815212204158950218621577
1874648105535473069774972725124735318069711872341796912427799299854904197510119114914978740
477905124285932498860732529554544597396102016179378122726474212109286830368583903513129405
1272036371198192840114674487683780831017961195113705499695060495454935762411854084675927550
107938312592813639763121669049696765364598029438675335360096632543033470292820371863078438
1315765033462714299056132262178101592888561051407102725935004211962677038350185072615136748
106223014121136892459285515379226964372974722434380636829963341279550254604120774286541015
412147688651187451785894742238306662292376570161226231637358953431883605105607427700114688
1829324014759104503938940672531089104301670757024051983660699356743077541753914028920805869
1458533787192904333531559603713382651308575748537172169430477179709372457930151292652291167
1108054147433085195408649509653620744916519057964424330519667358811882046436881635216378485
7748978067745617105423451107774767247360331874345466471654115618695067705004269383569028
503182959522988922225869071735848749079171347417140060214697608281618695938923552569101159
660382423235205887323901044555050484629419548829093964764380485886904583388383087856354898
1825368873555307921870917464173211034040802767981917149606918702658974415691031932586894325
740716835613751615782311011728522067689603712636063226740349415626267191424256487451195486
850438057092460171607814564505643055219809407191914230113737573145490561189714273428074667
418060680768279078155901965666672687463796786630852027005409270101068716294964474736497147
1499804249678427903555871227771668341497968130213254713249288807759117744855130441977259904
1631613152843821722955165377213051404788780638210585469255333091114571950088486293932106662
70136533919886075342464812202504233118399193356002068726932474436184841492532626531765437
779979970753622437747134728286522119256903112684082820686630535237920516885177855015487389
617443915894649864181305345341739535816800893598811955435118355001434250175202369376460874
747268021125293603703758584412677486428183829952851754766748681323408817339301822210165029
1249772120094405991422003007775231227623751117570751066709589498852842178156196461583116825
1648492044339939494413515199540894430626929126821091338853843642833717340578890141598785253
654398568704806793429667295439866712130830551475526536506992743552428143992293071120049253
918824879303485836988118242388057979870065853503837578094241137941478919393879256096141044
1214089744110368062535932137045106813382035834733337091101306628852448855554360280944340096
842717163844217293421855364637876377920572324494649077194406548581643049408262753322779148
1369203941700042003705494311616363892064716238246868541357352978491648156259279838584444059
1915746658096383138102538927636189286670810405288282627293171204924295267108574064949393065
258185041930075973765873414206869649337825645856564591244557539567434842383960318303068876
1411801843721946590127181548655569543553567408747430947450261220698348848442042462849252203
1695693357911898048246026613739055324673524323753112511767569310904932278991258764291128399
995279864209846918948525286952809247472480773052634082872183974802215700841734620690635251
555049112674001567538903252422131765689803184797421575207656097418351295532760224061042907
1767337399526779795853898178928606367324392972651526763617522765450782991428752205534639607
1356835868849573338413057686055907706563592228188734979267155908415765870533510697839028387
1717943477524166375112248832695558501757132975895968406959159685760728666133703813266702706
1202288147582103604026543474934659023227888505252490912013799667524750330653584166740658904
1071312912659123555768350749210434702643931007032312178214903942223957175815516405373704016
1256879998561680771488172694876938007045312708020051422784010282994901586189492505760642079
604650131022285259203119848866348658938380433024516031248041793507088381104564424523324081
720021944930107334397328869187040681683394598399823575793029682137413635289855743834411371
1806472815033745181487261328472681341576859388761931237422642834293963216050302510539252654
1875725077626920635748155632166389601825879066741914948351844489268769135395808084307322145
1493863830710037280904274648576783904699814023061794807787786613021296264406560259934073282
1313573710809973728195854031125472719835500441375181430678007258235381075967256078280777794
