3600
~
400
~
2
~
713123177789136907824787137038778098123694563103160461644401734217379513461549409705854160821209247496024740435382033041
1346083440322625067285957133436656385025000804959109845708341079408398973583206666502701069014547451936699950506930223804
1076352894732148298810781548753389560287399906551520922406032399775851755410757698206296669969612416164109933002480914853
159953625046374600074261846496985544848230721585583950175949131210698365271686251364717421661167561577006648419827215010
877345271940293349234020178712533524919942954639725221215947223407310308633692285012813787469704465549287959522549839433
1590762310724681429880359485788803253511327954521341353747731573883288474289223338514538097238807778555858474312844392197
1383074718946044680851494724666807289695579965084375494231540014859441291727379246716242550128056553443447917442576909236
69645320134386207924133122810774363608391801200892479737762713081763949196570097477303671503352015397312020003239879741
2309416123271267560863999127497311989405608854041983332718421886122456165794457066016647433808541763607218070501675589284
1836680293930769423494918450979096674551856437571610331964191794400043398514618202754406677863347086288221262363466898918
1939993716427429493807933482448649629717002242860563485575730034297774115451932543951342419118120025143843405515640768693
909833034935443016960643840857612423141820325743949779981373393842656999060694981338543490988514751255696063983605913988
902534254128877779185466186419631855977028593954875328070593228671276720425923557584280677133936802916407718043681074596
2533911406447404005299659434024257088242451395674663420363264111457338775780126534511545885615771253683413365654264381337
807540775294604158442957450831282091740217673120110085223418296374898506881070455592450411129817010647567416709037965571
75667836803410562002025154142982793470656708680519972459216141778026867061381360141037923394573911702142284049698480957
713431293147408730319830336019767157010992816156153976360557631390286263153203225340310657549189730217778274440681498376
1147178570771240553401940929065846882065424080575965065739093158680517581232352482055184413585461892230083519932717507989
1517638732698362901276788066447710510302868376423451336320041256390310031832715397957391767556507107549041461075551376374
51032594715740970835663706555928810456448991244517062405921763095958850010325979905660066380756252451434202112694744312
604913988601644173950531635083741177509233310951239201595054008762726378802880788465053208634049829575357162685726375095
118891094465461200597585931707789724121092421128101893684272440907296108014794315322954972342442364736894385335547209575
1058975187488483847677489262415663150034622847046540599396832670244716386614677083494627658292480344352079997734475615617
2486795032591609214823634696397703513255327792290771842786689833382508479616017075608417332527045549745757139998202302493
1482763289622497218060534178270896556041298035110863729385836717831332525555395265085598674804366718106318950022736453183
1577258757031804612740908670342462474467778883098965866067059383270883601140047876388574270620817060411407298845286779259
2344853107256580761047846907974628079887227448732187079418665146458579294856877540593365689596730460150106814720880600626
1594112556499051396346098884706746881643851161522273514701751175309707735358094160073307488442763767727386782428607591929
2043417563021264268778393462862032281201559320688977963483251620915967078492386741342433546966762942631342693590143682612
311022988583911297501688196361491085562251993028676058958128504963109524292765248115037544602503890647913720018312722308
577304366852343252320846194944719651159336062797736712272623297315885482360026948032990491785864127511583249290824924384
2200113204681912884152837650691632433547442772154193484970721284255893957233910854979156095268935493478956024392073420696
1511373648114867688283476741419174831222305493873937256752979056394980118968220536270408577641500975544689856830228648619
1954965610026823303765784918323236841078845868992376441288011804655503181925579982729409082901360612498813845702520340055
963884603289632248587540458603472606952645410952268240780283817475346561489203129361250376671403526902042177567994259489
921816772650897631550162602469127380544034747616553866297421576744943536517310978203298857880068705632396656995522664268
1041403221929518454008797478459123092342219838981955997252620592938050658428732142819003934334630699276436043793023902459
1189879904250503334199444769303346008935970299430720656468994436802666554244779303500736751568276415819382322358384784986
2416951255329882366170849497910221335735564477285142224855586210193243485632844831143459780208466177048815945418952213881
1827427746295988477701641470448356540424965207363077381594523941751373699364532328874066444879379737291568242227055892262
228274903861897904668516696227283746475896573940678744659865809927792993931991885303212777826963528149435840834055870495
1772565893978733259602388568214786833137678847105401350315524481134454358259901459665892685901797965649349363011101390642
310723657182552008382884993307229180439541143924788025247136279096064752523107575317322380045878577231349731732004343270
190847721028735501967023682503689005466802069590753816165417536949140404508167101441899566640791396205444533675895997856
307973086625214021893076869709065888007857499640907138735292603643808295692288647004660105316523843837022250026615660559
872102237789043930239113985770391929341722212610690348807227285427844627576832067967235629504530281261916288599512646935
2230088928387841027076134482542396224353245223518009337429015696341183326496357097082268451358072103930317224500729426816
2305478148760560380656017656972172311157584585314650867842079665038855753741589823409986937746265492148866708985658295485
1970637974568773279904788266207591352203463718338530120562540087754739603181145745502008104891921033679193344210356964495
924547062366532390282917388408290024003906963460149314950443438960983094568305184131074120336025389288573712122909356583
1371928379212866111779859373508756446737975816439814615300231203483811007509250322018837179412111620156104517036813101236
2559337533879505294018495332230518673145988308025388310533976015367686458766535803556084548715611298116004419751788278068
373987173332544885582134052576366286801614896469180642593469298469553258660132466842845721961610983377778713078447610029
1005097840754094455345428399691495699494309983029815351369222062891415888570539361277581746865868768360871284380138619637
2065486671436174079556565241970921786989218996977647302687595560026368945188731366999917426384367186213341272117829240915
712392518066901611176526016311249736107198535788003164552389974501542007884657999949041595176119889200608257268646546354
2460478066300293513496745063995220941128108408635710979703925740320908967846574436209717303837398334620639379894008284100
1878339688172323731669873475690482097099598419284535492895812195757078157813045703805267667508119335787878561731870936962
1442603883555778271435128179816792661205982080619101767836289489944825681810845418749853270461189365364342463545686533122
307279889494387269971833169091255139172231995238429204875292032257326930386311892975700142434796107190506064582496893807
1961132269547736507074767498904074173902565563473510619167283941770933204326962043006830659944261953371331487866904854403
1751393209941396411617666843483372259625012457152905467486711348154991774396570509080216359888604024392450851984578479066
2387864591368755488984335611005547592706268427023610208173133878046409288893870303962132689822316137391503097897060759674
464635663916675035088174653056405221390994324201958087555578131118386211724473951573974935952650048184972105472760238618
1807853177687019508592326792709694004009182564692877765825140061882852124138896376509871430216776709547033006520897910549
475472284353942445282125845021224148959789560534035064559345482490348366056389439460897583481793455066418414633224618244
1217328406318625743712602363404718465677665459079395524768915946250160952397427434574386777337405289531255443924827962688
2290797957429471145927250372885554963233862707228880173163300388989319461806578216023807263660620719139513530820874819701
886024145883968422272570125146282361925939500557876412330012029569088863122455226986645480819378984936751629352569360412
141548469554073169562751328666216765738725065037251143465370539649497115137506075057403160580243728516070660010930693473
1361539914762622405413016988880922343796693642934472386260054586946288741468124263864648443993572451890978002288774816185
116978240651812149221575536302751704077236378008465898066444088634960745237459437747688580096188505600784638876614763698
11722345483304063750913230252980472210169974766440192973568435631871717103801057671605291868720981119491707849153216847
2363368725239309739597157762308891145759150108999106848621125009992609652160079632544967455200194188170535498386777033708
148071071607165107289113214377347671975007985490750203155099470144953638185958451896318050465074972373258647008707013336
220308162180386478105783177936020976278880955012218215740946891113905329344194049387292417006474076133155204326826630497
462244723975679503047514143439720679469370275789214726338896571951012136092604504614803224270436318404703213804420665184
1276038906325703935167937475827746864707813039154372673235548510849136270218263592199045349828692034820438348149996145976
623521949781571226504820363000437456763408059982521041099081593720735966248946360778213049448941692146913455047549196502
461522840514298404282682860614816439578593115882716093173085306686097881414153386936310711390377739335377668705993705145
135144684192185437685282088395038047699931396463973002307757509200449402941761661968972627020126119132367092252116280067
1225810296910645234145406191127911831298947943974964783658736276494920362277560472502412659733208233233561256118406592530
1430127008116084483949198195391007010329444424005768238084102227007460970549649407252946005611727337512854475697949177960
2499295485042852079957831286075710576969051108750640642680348435352953758581479887060635412659979124360516671541271555180
357502848602688075431833963505348042840833525922925123510313878669488852919743170279925256355571076610390837559558183368
1564092594321127243210928205928314759295114663196065617439755278078337068841849299362030348985259064085973646470953573441
1463346278362737693577703047911876445960867979240611304067646199813747337048885044550105746356111965110034994624259236385
1794202391736921487130718101849129209691492575189571919450225511124786676263458654788647747615559100424485799782948982606
439041233412785941411839595360077541065875112589560411548330900715201557516910502487335783416411471257944113870425166314
1731080036409732649994463989026427092456950014211407326589714178763384197948305376505874376096736868381251583980634407909
469950415824610065337614431299835651652598522312564301057801144771017800063250583047225653658023512409849045677754819978
945540484299353706508674305965872732259998994322757290996482021178259461780406454260690277480693253249822715116337029117
2345251531297236514857427692679461302006331314512863673964543578946787399851470734695299115106421559167405895676401123060
819575349150207817280028775901396791373259767673620240798875817125655965109529335773755224035466893384807092791384973074
2254998858155203631732312036189728328390504427156666799307106247097029827036102836651809714656077101697433114823733155194
2138785649796737789708079147093553656548910905785192396824838383373049085356171692638258393027959110869557139648071442907
1420128614470143443295211176244585691244830102154728671284597739282365120581225314875950732846219797696673488839717665143
2486786404342488526789517081782343162388789474758621109673488281014222192319964100869722927178378131881884203730597717389
1246740604203329872973514070784286256064521469685078192807352427944513870252378907456536836920406087647506316090989581450
1619303844574009991723628407046827939878259309827484715381992223061436124255747170722435450472161457244882147581083716655
913592771608479791616972426682722266774578363695646532324504558163813316936945291814464233314947358719613469449352010009
1473409006071780888252026651521081385077770719770755265814668774848730492915286822784174244319703533464977892231696095595
321031118144735217575297284014566983598701669073974718916146267623646974544775980712525783311287277122623673459783295833
2564138223304375825589419603228991794726131827014570329554129787363245876522530062778339149726818014322393560377369208044
2502129114331247584804803179356726698562916933697793624922022037595991351731893891481409128712455115095562094286743987094
1905600466432203176842055508043276027971409847912195469000021479273462386572118282467591074004404888007982017214703237714
2385782295974339234948716189803868892923127971591097507270181148212429726685154680418948212352195495834322562112390247333
901346860660882238874750388376704362432853138682948986125614042985725402928797201306473536299995199947618422663701561486
2517466889744586538795429640955802266735002668179949368472578745772553347204627591041959274900452653254453673125192244498
1812172690759026585258405986242066993214146146997771850998682891712551264725582742623706297240358653418333253674439670710
939479222213879506498757430282095593484319027265601258256996839505413275309954439933273702119507389920837661497334154123
824149773879739921020687422596964729500594719455830658545498774829761546603551318700997480231519204706431097575620994613
77522241939549304907545888108431905030585728602794607503751233208722340796594604014890858197273593795297494673729872597
718425007351201851010819284951910319797195583930051489860663688969869174354501166457400854262224546793858817668377612415
1180999076627301823118146850175528532658662198638528109322075980544499557463825557819965581323693947732637483253829931630
498249414275026915160013151962516298299306278858084509800480070555767040189618412240101708316333448721006883244354445575
289651827406801739429333255214414258016253018310072230150314078159962171498209112780872793081448769738687972243701087185
96895609468320043027257802902025982782517846078787849919080789012871113008856431591279698838761689313063762612981330096
1513833980406091364780217969976474559200483333662715590114897699100063879368878553265019878671121847601480055442773614530
2035908081915295531599356225807806735139837781847683152110674055394936048308120047154404051749562139693992696627128875256
2293082857477449331531941200041281389474998003243188007196031905412620638680440158360191596230725414703856492910616983775
2511142604446215328557850992428501857733137232465652246877287091775563175903154799953647138897397148777390430698753078465
560233197585450376109734088598889820816715009393247247827732759352176456057060135053214365987512101834791198444005278563
1144626490681662647005408727082968913097431028773735955566871143766891804546228205374201008554045241859767145468829507509
1958286026866805289102861183156841076408124404893372212185836419478102611518080667468672262090962892577664779806046512185
1261924924143731474939506563891415731568526456176780724953873376641392295660489820510567702677987521649353124452929594780
2319822889464640790805138707035461369191846317952006877112327697370104060418509106331216539986349783864042186047745027085
1436069872013370870347758949593984003108555048405266913786153143764447467522021410452505807007227013555752103337046732620
156022780697148818532951545734445726883119486338006343059485640866764102286326714271919061814624879420225409046272076633
1280377560354840549802362608328743724659778623316578310337474808545354990931390675658991006153086233549550608611466697009
1750900882976239239573513467205268290136138545858226908419149361618170672765041602421151404741940446900057627263717085127
529831697888060734475506888707836701077296948292582539987071641831996442897490623941462656237627463577542548601208507066
294012164023217276379424610181846185194371540894450437837019296741863684465838314367824983083406049149974243343045057791
2193972366177817680409466933924664633877000251417795904899581167761563668065846108319877582505955762287199209947374861196
521339009703821255065995647082837001058238234964983021210234021736511004129006224979842918590083150608835810375943031523
2449530523110877739919118163972961404773128210067361363986591584165099658203917595027226961580497375433544590142325003230
1997633666142867829416953256663934273500012623290885108970644213210049010041508874042524223090904843585870211199352778339
1293146550410380365408282226270154740093854133132109621823348177008173437638626704056503956105471265182359803629328406818
585932051102485223640640958207526090038699090821399604956229768367994234497621895431381020837533515801755663057591718507
1465010438307073076969444741475926997928327639004007141551644046909878390360795422289348152872306951214846444004466931343
1156069828666662950190117281173983763515798718416256337941926772634443851846352191419266699182481108064385039723812606371
2505334033340689719998160390681767312259557084742143748776755187018073307049073699975040419369089274264493047924307978664
955263895766095262028655695871561869277933208099732391376022144266627321566653785680933013039364869655785065458010052497
977196342399715612070385269798764424001861829175688410491310835044301441540767496969220369828939835973528288991831154098
2483285123699001159341033939034404572854592029715835753585030958482260199021157260089152165260090504073391189880239219448
2439900455253120207265079058177201155810869725857902980665072448536964458892809847344722968851240546496169586599143826046
756888797380251289934451337743162178821790272353940327522789194241059646316194432059785749294014857188856572447178432208
1880195051402009315257273497882948677952586756186778914015260224451917521794550297909240333438543689767932724976201692602
1375138806330437819830628551104588858661721624401249445195265877864612134523954087018520157954375017336110547609169228615
1254880119151709789706302276403483213838562820317480442591600730545311792302428240070492236304489652126214438820468614922
2180260792393655781762866971440286974991839790352103220358183213697166245588789874882113142032539759795324988867631096645
941017828767909991824613931962313588455821516700392107511508666996097107000907284683862453424976819740749932462508022098
1146348284492199389428977533563704362858999889600540451155629065479319504193873219541566184476535167809574156312077336717
2091610316658668281816457084128911500240847703855970584460895690118706481992676938212701225909831161940024605614173508968
2100052566871606663017773853172607539127568882029813257670716174450787494850138212756484616973825877412420690250225008271
2479520640689539627540419743462470082846493617547385599238757998787049068931612234370065714643741648993536131509591456537
62099801635877743894042133056779626597479604976534731867396816327079569447963981884069513903738546840487438296887889374
668529039898316683328571382545168182709891366010113940270589066789607527578980346585259981889637172636670593673985239560
2038533901926946012959399363664193262667674703496411196544409699405099748294784500805724106007229271771694404243178584271
82990206457859317527011707674334439134385848619199219539476187421969549556561314766243676943591144960698122766185966232
139069197871172159169022021240782475831943155060331463068770332899483977004893321960524829970658990927835088601424031095
1099610483255960698527245608712405482121412182592536133597118627823958722784254669645214226558815264411282182537044717378
646302363223726699956948002073295522600981352007038198054823337609405904820072751419956588058522926044736318941037868969
383977480240381419350693285010974631762098862127246989494012542083840477667472901488221656919679210209872101311662907128
1854373973450091964779700295921503371136823233304733867016138755111180514968543751572323280946842771363383863419433949456
1860528934758388808889817083060715500995445168856369234303622944390985650738259609747957549347104550115952719509674070655
714177451775060680804268672733624981995825423425254738388896635043676185827407233592772205450437037475137454355724076565
1999500759400746190508552134312754938546944528634524490946531059139681831208429895164336757794138147283545934444465072055
723399241573181163230822072358552603537259065904979894354584910539570503082594767405610861611074233079935632721485093120
2035800013588089095121296706165779324633185592910606737977312333958143177405683731400490824624500227258692009704484301404
1190171786890691459907016447223232133163851744919029226971369227372384907766422514925310503029479200299265533038756412521
2038054115226255505370432999865886084018302358146870293738128715830858400025421511982274965957964477166576601708052022008
2013902387551172759197151410566362895775366714476990825947999305660599796575025905363889265985643594340032311812221547401
1789850083349433357397452138105197753584980479900215353466881750722677379595804724626256951323791347535078829922485455226
696091227853926805493243283198734000470959628908822281683425713764948701803710441727966014530295559821931737480367950185
134733434119783194031058606360788733766998793811902499413647098426324626274135111382860926563320628114840182220141779968
568577379320612603206886312591863235169057943328176723927619850829784933191386958010420737207694465970630990387551074095
2139973807097536409708574176734434460659734313561558752311554903872912770895331228490995743109458599939707887911257168600
2519966708186926095355594284009234052492491082202815969639754899407133510387832496124603011716679865252808967715789324483
2061714029913006515312611975481899039555277963040310567971296801730759958209498036345859511158865748253956824760397476154
403425761059498521541583279815866289087408691116513790734889844276676664638959427670362211306661726683464844597554930940
2562281694527750769064457935722849584192084901458381174231970225398371627809140743109430449435553068470064375445638798935
1369604475788615344696413575360246818922583896210791243763425340534400693456695741739423847025153154581343746887360721454
1683109846471531730089983826362916525986253229636760362165146672913434448519744755412144613868566629640612942388048114449
1433186640872658383998618035974556026520428318171695535193421712776025729761489242984624112327587496238597436937822988381
2341200752787974228224234770871342311910712600340157143252862477144334126567134991678415034922827875284331697543845672282
717715503149226048697037356398532969499496927905253104364960192790411307914621650877846733357779640946962933858110184810
1176345125171729056394943319714345681157891825324871892094803615325211992614605876857117422447318476991179297729080829718
609906512208253995942175030515844037091416853623072300944682492154293688861067971182789066334010264786520521179808894940
827635485275922440454815356780956076425252203138981162749419730178452980112735325490892687908022811560698492685267443780
1439627128860489724314971501904590327806353060868318681507758190778006668656206136038713905640422621658789479205629764168
1324890028521383030469343473574492822929209665991639823316430749085919277747774967758800060596600070172195751367861789126
1556860608784377605452598406578842046271829879758683145360228600690399886170792553447976295234057457701774052350169141581
711973380391329309894757322357561769707189415406120584281303666011066943269088153967048492734450172655822333235516521927
2388277380441677440589268514872864338171108882453490994075534776805501971826318498413076062572752704278245015713230233185
2413684621879852372613568450890372533330011213012348824472412879499961391701930970854488382390049591037438095799414786526
1651169088297466717025270747030432742931749301084640503958952962521819203703561888095889019570936028452235639291299752875
2213888877442615540353916028775603661716458364709836642281250439322464102797986934122064690481707998359646488208198875505
2190493236082964024715026545047696088823081423336695258910231724489853777258821427402539574995141369313209038804023761566
167170975432613023351169471934990248013181881156185275326844930036139309395337029837626406732217175098357114392529346890
1818046923890138199594776022499316333655527029866092695157473270100786582332398972831958368775412011769961501524639729681
808883192837875587645994867624462079573862280417214656742576260115479078878271344515157679729538455164509054458709076007
1247609438893334672626762329332022924372259169075930792665352345698774341719843189947808010905546041591924280849598090480
1573373163637297724013457788258867757233974534163105037818793999179430329884315454404813889083053933080087617368889585956
489025100165553634844405576390547613167966706861479384583561800959346127629187513397164562834457962105828302748900663737
257998439228979115389409305645789816042151555695302959670709504111635337135214898061284664615992467893741125244641023575
434327148979859217910186637538549994010722488588451062285265665854636472692141077997826181670178797320135749348920497496
582000464761827053355212500573762237642589148952728692500474247161607021344990891220504412008537856074415878133764714145
206456882931526600065403385189807589080555001064454081320742636310995833133474895229390548366702410330296636046759443541
2152285983336130740924543611614759085858343035976307034889078000488393761456404207530853933545240115407887839176429305495
1762452069892409684737883924664253172544233748886369643501035024132393871047252125035968534520306210539913322056868795685
1372682962945182056496102810601599052299737422772435059954915514534291282265303513425331311234090244738423151501241935391
1339934801984481552849191804838980817921463713838784335642680228405672290285897438313149738099013455800859894803422810304
759935195739323223895369012847460944526334480110201293384863562085651138687352328720231928882661737658182984658987468931
1120667365085439406776628148777906609102155466894018697078065001599310160126954624719223075517958314320384250413465598748
1082432916717677620404065187694544719728465769739395136924599325716400853577844594190603577239234146964288397126292296009
2348712813962181789862831763958178073969718032001006124159425186423650883645950550748289428994405564676056076888312339198
2113494022156213605393692780505333319360125495718710210069103880112166144238930803694065059694014560753287507303315822116
613884976698550562541254201923069178379645359486328842021462531192412892575666472908684929437711305342837307710130709234
1365959360903234998785122409294016037495967758921838116810710822521823509136509213266497217073773989426305648406909729797
1058004232700773574330802256268492175572547655236568413775440605936320792185818534101374381185326597510174334258909653777
2578576368374858699192273438543373009187035478170873151083385053021234770585168666022249087602740137279241548130962355766
272593419004446436976077060351178241342395420666265461085841514967894191877669669170493006417098107995961728811313907128
1827569730623354159207365169752678284273938971177781811472514052732731950662189806528066666679144264047398583791471298185
1984476934585289999424561682705092321049653959582046749418153254213285936502692568144889654085309504590456711084971326746
485873799623846055739972326745736569930025350098128391878898070584002889795474271275618111840386432806739839934651823476
1642800325277787718761409892830918581176554740630694042710375945158075267202878537243533445827058883516165169590913046502
1395380076769776055226085013464218997781489164689643245574735864262561752833514524849244744158852127211665582191497757759
1099600731727229700235023583827589763112148283524053738900540064978582355567739968462534205252230727142149368442435549075
1507824262231696989666235452709146552619669985096973133273803408555704006949499680945597368674833236718511920194272131516
210026867625580526257719338316034946871878394093734576815939042447476591797214403538030347374664266268218822866342761992
2197884936220332265543491273299092677934744483842949131497479269099028519109316779408088636360290684164035082274731357854
1775935284427024992997294610447493444471379715905850271138941027360960881812407927789131352600455903462587480870886523129
976711037241096766652499935968590850563186607867985489726993631083235309044292606551738221319379345393707953182241262336
1991752325333289341028142507405517958241149153211237382332100099056634114727406533643053179406710210762580074597764436835
361629351613338108592851550944953591744920804999402943232452034765889700575871194289194203532072560507100429751782478821
1841034532175337849928110923970190878969097278429986953723733395719035711582677517102725483672673136959717481056010831961
1316789897605758661693253310670665195067036309675510608222320686935019174797571706859120251896719455055827252063813807964
1042553552189456353356030277000293940016409442955936914161176684578334536754804516538615033785332959459709930250264104688
648155029365694837666001912292255910475233025476529322625648627743493533091366396801818147152828052832696432714665489153
1978503607372556178276037754566489737159010530363577508046171611507959871020060112551762014635718245637893476523576377290
1263397680629372718719158070078467131805664269774059261906988309045420128829307753782221107363315827144756504072536563173
1060296287836900985413808155979182211550072092361171650404662293461991396347305808424486880274753019891710283734397269989
281678711396604131517636183063459579606635461277293472117982619736701109613321449722568679617913305362956880481809542179
1601832190067210722328010122888971621080167555425251230397552082780778247591520619539138171381439059109857352978829577807
233925349647039794125057866786997925707276881721162865612674357148885272839112865353667744941486825529022288952413433663
1511703347812533235048918135747227016135700009592305474122276956463754125265638044352406129030356537355527049599459275621
2058796896262712332244255664669302918910670275428945032387748468657414927506992871570125531286142472887002356697764716941
615470255556698219277282650261848430843584696848223199188156649470510149831654598782484092129930356488034638258281584371
542682980336615144497155177190328359554600438955053853965937691517919725768615039885393093128242711056525551977571591111
600032307694868694119126207222195990742877371545750515185794444891183955184811882232850882014945967970180430993427327437
1374213208988122329162388843813450305885074961728440153515443560356794474206405534226592249171336715631038516141267298101
660292371146137668292488585946170057675179643579185164358532579919214198447606153232631751893022005419698126591269383758
1939102473413438560647149260040409569385226472605271168145412846602777427994374114729989743499353445975341490536956485473
1958149803663152915894527168345358159060152895897361333707798977375486798337076140694543708018265423067924745386364930983
358888079002274099364608339272444692506234756986247085703213813734481830928534674501927376021512121735162974232615023184
846220900322669550016187258101597952172076764949483711641817278094332641212135090401329100691623120665682766129790595424
256296503577885350742881908500688160235675221891329137472771819919013502115946738450856361999462710651788143679683931571
951361223157206692326653558959180298609368684516815203577668091341130230319795028311561573590177253768962218704282056543
591443589402826415394663805205472364797744029115976954332073732212328905851461483179022581211718975168594783934661937072
2148707218442177345879490243173230132161955353404300703988258817359305471191040224176644507100147722749766824092574199539
462215508688526366775049277240903872423014549387875947695989686329067677345428017336451945069130133982763127264989279733
1470306884179435087738167908458367378387491305543775577110884404920300012741681006329793323285338295894386571718351161684
1098954662317070699921834983144811701818968989531015483816745859194694303449077633818600361167891289253377768882398912524
536712275119722238762305528694610559500833713015813293741393629687279900227346414838482520454196786177279345071351660313
1161299294166915111839211076151310659535625461337191495969151895378926601567098126837583483572628559266870854540050066320
348445405148870894140611732792916254611344414674424803609466291686803305069392778703137811768357296250694957345813477296
780657464266001918962220840993134436637674687633401247780411646807747627942985652849859878776953076885841037661462813817
949606022878616975195681703814479470274787949776593865363184381146048835196614997028495638010749258556777028850036359758
1818277618393682399250298816586165053916363307534896691418639464067000124281730530471760288403198843137687045677986750744
1831616385722362339301679894706019835350788725832004596074116271659246219461868756249469739499449331270634113056999145393
791815532870383403132090985323611236446667512712334778690615333336337349229181830351763443402120295113671066334932593418
484997662799700509147925818053167360120375674630130783526332535402060079169506662596852709167168338647029953721672365224
1098752375649810904123551162555050204279785324535372951193303812075041094023918229709406863437870271387195793107618047020
1493244120791605168776886027858194334360836531424613845263353077272749952270665272650008813876613627039370158105582193399
25787315678774605045940486559339801110164126611177224718611836687527212108302714640954189978707239999374317969840419792
168989868811150195137477826474124199827086908529576909113003794030962092488435099118690300737299641848828546010242571347
662464681481953265121174332664163419890666842752277900749858003747280761004444334626210630194962721276696898582054390728
381772610592695433869998830224550902686723437700265462331159379603364732920176431394491021469926693999703130267626676476
1472870223400114046742447181696874848802180297009957849524325246061319821263185676730848978300788870064390850710904950160
1627681003513285892901264438430356818746174942712458430879379299084221514043345094439479955692823776429347794330588334145
1073325667553190808014489163984270837420190778438556770546561961824410573337934225291628998426724274975132723699293482100
1203745861811133122074882908171826008221413863193317981254940612164740017272555764173690001446096891322139782365606148004
2560994918207919017290742405433720078788432228509268205152398403207831540261132132886820949556436372152069762561529524985
1659175894305553406185423448565552089818357008782847178519643943362893751569059765564112924942727863358968921932958314575
2565586734348508224366382643958324155750233246749016594915522676751829377136084108629168152025405772990793577854682870230
2143322848818988228245013825313587879862510329709517604315565765498854683445740551179194517488829888565931024589254799627
1890192859448076749460179462722274233342324582125134045584803238506983751626851384981770658149336695220924965791764702966
204279790689375835544425828972321221463472134383730446488330278936055986326724376548950834237585611116786154766648813767
1797380246085817635527196683453139852596221506856652886883225056231107747233049596403917814525610114614069624551208955063
767058192959750732244968284238766552247811031657108347073276705708217616768018546070375059310202641887470141540582746772
1635490748870815408148237914160733099878666879857738726671116738686026286384725226729677482100361467313455751554829328064
87343719578295013952349861505441680913703683175751953969690249490204683026552957414692588277769644927165801135178147190
1370706283613216966517064604982371015143501268518319504232955057374632001178180333974362506970777088247109913234629801079
850687550648270261002317017494736468326212709577645091200054240387071256708300692643928843437366519206439197315807251463
2070121462639916172655288614681733140496530819036522007602394111615782084271336532759357797129710370714313052492887751990
2395596576697252912155596948519651366208582343162595661619164856515288813394396964593541056331355237624480652551109396098
401697772968994704349438751344164825096768271669166726839389622557532310707040323584540293619197725562896120171803244876
2156509795637227048860791087280170326515103055414097778372292387627322531133522313580073464246479886669954340811897591619
838227264798763616159171408232512379413029007765793103084810299474218504091748336421101188175129373944980844724789076238
1138163771215347213926402641189531664325892501286916600947829213787838242506462322230661702255085965780499117122076856980
1767481535247544885814185878753940997628244224745370622017643713567835780013384069363811101291555884936339613594663029831
641437735946531090024568144150350735189960714626020596337511154800563877157069910596431599454714970076182246973789628983
47690830676385778063409608028086030865497639065455601840447932250009029383044921832647507067619317565120524665426255942
1733658214071054617892361181204671317285649579311685405247895911623682383046864004070201273848498571198876679242521730103
2300406664170796389619613920893515436297002506411447328579749558005989920230445372548179700652390045410467393932565418181
987634668706783714078626380385780611293601384849182311526479427995306299942126103778444304035866613596235520312116761497
1043044147933085961864159734729902744308743292834713409398235341860202888769926985478032116419033086955385297438604864345
579454987977414959876149209678331367874931677523233436651364767219342701340205388233981584749837142695302677965320479390
2161400264650118210611230395902851136191804687098728731916614594857543729408238609284929396085518815006426788754127263170
144752159257689545702272416052228648932322448930321068840171813375597190750657293657222067026441397286188105022888270486
2084425076196289332648396451906351341026877507264355704648388679333163944652022855203607341846878705406062523651823013110
1916779167425554832394696120900895637037186360661460921976378664164213887223697583128238502141297195586404775355982646051
691906825330244783321459447126629239013321473948623594018228746067169606790302414774218018769734483869578306628338113969
1641859044239727213614251669085339100586602394807289927377489232956309064334864198291931837783296732369644319748629625492
2380826466325961237595455619830251091369454593636732090545603951943907800539924924650350207726175942254049737660434049327
433158473084727109227710342781808997535185167864846686066015393758474499254233668390920644377074272396133774767050685591
504606886086035702805346696261806662008188498462403934097195589716010430107385113213502137889429586539141003194581428663
1867555106051164704051852253919813294060127462123649355830959227026687611971647454880668160339160927931261425338471947384
2291936982459922098222353283434479830840786417701149582166877439448884443499532735560687298601048201689131230510755720094
1814459377577113967675869419145016653045513170745727432594049814778471507906543614109696163007373641474623728418152455892
569890476513486888362910965721709418147672627563244986214720756436029262161832906503730745239106259482542400293935562906
1807798312824693940532815643932643537149127554067147778555627103488553184821221054041281915615123557644229098694314193964
627298895860441907241735321551286682880093438439722242308991485465704346978840776800303667095997455383921940388713237749
1152919467655237860412793800667596389215304956356145558801151190156010144091033485477064473773285371005878151971837338781
1362311493703034461396545728732798387807105827497398286090549728906068537807075358910069486108598646732196294060940888130
2483487582261900313296873358402803291437599812884418743724414289927909974827523533024947284318799272019568780850377127339
1316448113450583852324811507570353256606934250661492740450915744262448167233001577864780991378785791993582653470721026831
12899194597120535282757810260538028646787353027296885641078762449457810483525557812823600000133335530969313882422638430
960782584874544994699121406678098303616946088043269350906259741326742887748259435235375700011926433436317792759824507363
1787438729462741062546521434763203584887095543450369469972808190404336772668481230293260391408084725242019257926945639184
1930998261458433351472677838241532208829352724348363539709057872685509724554110032117986196375073072869136282639764760255
232852494010845015404152026973968973030300522204828471803238452402827350226285592149988446008242454809584663400673931160
2245211407700091224034762891549283753407910567173923303365554106904484405894426348064777967662047372228216164458691652273
2387167065283348081048219029434074376783727251645051860130939088127589790906405692767336078467568185331262992631774167205
922400385809163713378860831221682924532022646807446846370803126994052436493140367891233743872340206218886290677715180690
1307977618877460366863662625256403974883811887491852812386625018693870096143429526463724304868530270782622645400211958690
2036498281985568263996287422767486956948142021738246983361676125951102692958647933948394079403522120794190197665647102571
284748566185631354028868702210604437814647966730751024895987373804123783157394609771541087531085783060071731499927314542
2233453223641764006902376929703981055171746851089170986759852631299476372286961184536316341101366447897087175069817653068
1095949233035157238027173105141855821764165552205913924317832616749160058124934938913591109991543798231467655938639940731
2558171016862091501660371606750596211534922289098556846505386107224524247905563480794444279268477655086285356482330402568
2362441507138061204335946660177745409066161881197935181940206674931998929094861142618838768237632382536981240822260853441
128930259398889162252921483545416577598479329921030717185715803017325446688271531222898741581735918493833951372060413430
1392559771829074872199338771757592108180841698978661693745602125263658142471981161095046218706540345841237262549005361821
275246271677186561367159234371264233420408511566539001228046299028843261400973170771963529067484643678409249803791472336
2431266183362726620166890487315026735451818371064838931013863608452368709076116593897138305034480933827346759820652763793
2480388550767783265250912711220245635246944732143160735692938027070900457209001008246471839001213780081382106893087395749
335251215298690841372105428145057889898503086771847403213443030751597229295397308657364564458172566966888793334573126563
2156166931035915492842955385683739714379318645986255247295612724391488142958849390296215548891821267697666961246748789824
1898432391788572034339723813434734853277477161771032818440776705822239377169123483787740436455184791552753113082676646686
52816395293846379231089790893262640137405040246184735680912027979895485814105864029658981274077165780572619464765891202
841993677349047638557326822672416659663470090800484694078625242888228407302294109911551284582594765974075936958264810356
669362953763329369224144312722106200690988292316664557693195824056848747063079644924734977235909883875194256234108943180
737377650523220052959252044982646399609565493975407527964067091905340012002203277967391400618578441819737262896868908972
334112656807816031208278517690287782964942899481460959402337832241817796818703347544644539656052494528974457413915657236
1551869460066156474753280067558918008496737834787325288440442736804412571771754481071044056782899348759769205676908218479
2344841465182664250252925990896281883570967073196445987128113726443859422718347129243871166631427717450451134929175015300
2099134447234600486428510247812996582189530488853314868454483047569051939717630142013299311681298773062417529497853928253
16595771746335510188510996260623320227557401881998834247391723471186019075891777029775554909544247368952991103895696099
779859815720460512716762553332488632018810556502702246567254760789314320022632050087463387567023126062598364488960514232
1266837175705518913158255469997649527424208543478461049600421796391717372229374743287657226830131346032105912669461014031
1676603411878800068711990219213702107648022356352294057062634524286033725527899341988778125691147884234429638370631655581
2425104400961199397882506817408593426628501757529226472136647120748867178537634571591772333637066167929234037823301553148
208344570477018719339541651912315800658544721401663625891059034479255192271220695448574328048923657396990554085942681209
2533267898835215003746032272582928468075311142600852766468437702566473187537093013399813712831167567615281857461428656381
1837597186292644574002999066045842604527418400930847831811467073983736427865466614637885517363339295213386007431758976803
1625825539902655851483628579917434624133413830388831765006929266246932203074508943895218916695078067792499574016390508215
426116725915339270998307085649115107747848730639742347333563335082085083740747844691466592132091822215400057233261352279
1763609470016027190105263610674543831339042640864109049630998963478572598491711441847352575445567976190560782560417741684
2479801841434146153027808827031950105791176248680802888259616610847757264543023520068118869270652764651210456263284088715
1382195798646122144319803705731196605723833299608712869653941591589534891758761016569029202272776916215744505234380835113
1033716287186358793065648496583431893441029894203952172579577914921268040855429419415039801343350739544331263760029478490
1068689343755957821962983948464480367626272900827705520281215361324628037172563947580208936578900579250440595950282947616
1290421581469679554087143799367752571354072665591378952634746339089847658832273949677577767388662094488161128836081173092
322152289220546241828148339668577546657177640211446852514255583178653568358458803163058365366442516681055873322710194723
2503457309412512435038893760326378227998580651299771521579399403421931431891203067194193908105308507752270379594468507942
1348154179563464080945921254033422531731151473993356448633648333901859382535082335227781378911315289255700772187652260707
294412695377768334242839333586006851037942848421042132735619875548384877505259642356759462971264534509880853389525360741
1991936887848235782066722533518007100551233054860344753616501158444048522191960640260059779548686837021129930538540156319
1253203454496029046870954452391266149307346191651387412139527405271591395159958890842333516651546773332174108262000264566
1026036195528199164731640823024626254451019745262454595100048935867253559393662184663116049990819273891153623317299375532
45045665339309502833249441633997570062759331924413892421008757542347158139899776555046074093614489224353788337823247828
1194553208368906038936460817924213251870525392843154653430641110468428276321037051647202609227480252264559083260333513278
2479871036280425022777917522986610681555955363303761898979065433956471281408856223636861490676717429676511412726863167491
1095025040147207238115065621514948347567954440593846384644414536577816102492485476731549767972382018982424449238000665390
1280543402278313890472143236197252665163278249947273389058666779179173268814887195361298395802033943353384234271718006624
629123397692167993132210222139444231061966039636168992546271472369691549588972619781910359045778391187146752502944607509
1113982256807994293520418809632594295388684592670408507854694134615732253494578192621335563017521584463493410821509429150
578204467492616192033291389326187489890688535483469956701487417089804102430124071831154973591158953313288540237386101482
1959236416913427842102708337202056242771386052271056697837095230628426637172402164806249443024903441163370575182835337501
2547495554088345117979359014130027867769006907874119470837756977833003038758049742790822322829580180214422124729073529153
2560919505615714549721610440961070565728386484685816162888836918321515084291167074222999111582511914853513335753426857718
2330500921275290704506886002013215463697587903321029460759798784512440051110140996893639219128122095829089743632255750807
1202525969503270839880563740883577169983059533264676896708118119562804828424700197821694632388894921690762094960681109243
996599853541768613856643953252840663997628038930392191836942756717121535041321363312100778247884338020112425116899739474
1802906337075718965334178935694741321255649362945934479777307715560377089174175639875598191675455040844417909679856114124
1304338039467039861811491129535763368741882637645361702484432721821307497810561841008098942694061263398899696116050405055
1117188003039005992110098075161679335173745592892881383911197659698430395023442411232292736297094149297316638491488405165
2133015658580368020030958862392804920916184657836313969991450254906653561432600380944578266002257790352214598992450034400
