3600
~
100
~
2
~
255130386005797409612558900221
434630649130351524708024851856
198992124906020047802296668792
199541686866001345807975975673
447991781290491090751983605158
1044939024843848809705131393043
808866505919229118414612501822
363488456369138080177027008397
650786060986311750192735936789
164306746288843284912512515923
226798492332852508928714013557
532109987668089090358957321366
790228466685124990324619655833
1215182655399714709391963102135
1085941840842130743579544826214
790983072401039820707047514423
266012607462418442529819269280
854088149201386916314237047170
1014810010930058523271878086334
1081908632394232972473645173586
1096991009576690211508878105778
387737341630413277703261414421
316692974606203308254271298731
911450579358417457428739193737
517894846830892452304825717779
495167558847716958485746418019
170591730954002114009476661237
357237179265826559932173940567
972789528529029827673137276287
1192755038713907068112602374003
986109965852396350873493432753
646997496608166627695767286728
1009911715353696990776369155640
423435468551816318241641675879
1035519637937254711548194021403
1162521905193635354212550369344
3045473456665930103636778023
1172672621627534662303223296103
982016591488565888044101246685
239941274891481724187051513614
889602497185025792635319336581
600404792621356532534481701342
951853149983643568319754134536
1191021682374683518805502168452
1259279422427711347004787772265
726420843566969270291432800485
1158149491603173883938098695631
880605144042041115608454211317
326888641529721982119592629365
828796240997195280310138253982
154362798421268129473308587336
847712034414757104850583545238
903481258398193415166967092403
63320589367984342900535734356
446020318446068543394963926941
1057711269040333172276098251107
229550114562883130671464697758
418140686434765979325250644804
944084956126307542256634833932
1236866883993139271801158309984
101156750542513979295751692615
1223782026718713496923903688248
970080492581094330804941322616
114436156322940872064141171624
28445837417703630304266108665
481254134862090423286055831072
109154256569195253209944513017
74935692784216617826258296960
79460190199281829349556148069
1096348459909135197292154550992
1163340194664665359901692087406
1055616107414260169560114941814
1155223786190984150989668627309
653048615217113498127526229119
763533023029876323884533540474
39755091192737918277451324960
402107564880679322169977798752
1138654324290142442629440798500
927662877075314787271914052632
387665284517981962265576585576
622026077506603285545776372538
252490870361941784239116703447
527215919064962854729403833898
280600996645308265099658352961
1029459437058271805241890340171
236366044373567768040608458955
889877304257454316330651990442
431405023994947509204207874373
648680697863932001044123711001
802105178163680791719254315985
757229094562101566810309095279
724329270169914977353769143319
630936125665190861988310389673
370030192071915528728066587838
433693518935345879522963636046
198338155631843089294507054316
528282747788557041775312176893
895012419455759546306449552224
91408815932384337315942061484
379987123335236068812296302624
