3600
~
400
~
2
~
791459930039335481279455010990762881659308683000720197685505556157573500575412184830994756956744804385314112314577393002
1670880229218802450494443265177529181895274145132602086518403889612253957101252991860208559500556856579968617446141365139
2524550757530686606065225035301943920799993447227274290710049334206133197309070806605976850181999094112374566174799863380
2496260290127361845300680886375228441003484671016207395263596648890982689402634057078109740331530505084041742681721696311
326093268952151201412602947190478321351845626662664392967449327125495259502847646659938308221058873497932625482331218160
978727085557954752565468704341227331260297394094069242312022750927727609796431847378815605231601670938303203986052205586
1879730421531807437155179932464319810701365478919489384736806892377272924898124823806003675495288085878427035403672391774
1723029936881043167810536389845720814103154585850002170705815225242786722564316896349477517398838722352526319038813758789
2361066121764740425693839314348241394521512445735826237990245457608629929416759712817948538531233654127884663505114549714
2177208784610101378192592130691715334150952939882139890570047544723751413672995752482522288078587087117433293587046415005
2264532909933362973287427098389773154444590026312743015660801469689228553065615985421715952630585172478575718033221374189
65612812617731997354634269706661770346064180197732242302672460452286731154356546874981500418524498526335174467741950147
309468140537519965698418239720044874845242628005078137557075899251323191309750563741095550027557539073191995844487744230
1949810510609750687110928319320595635720510749628914953001551961910391585294586789293063217317794868855415832556062364503
1311622108253312859565290501268340993391333423676379627575768511392800467358455969956404920076304128243228180293608692852
2349796640135422523199378797141099406361186042577880727699458163720186753760117919784105836039717258275588276236859884196
582721181932883824113979776271168989460757559810447912311332503807580355328919171055088833016477190320820135396041490678
956982401292961256648519372326308051215790739183319751741996190719410797567457608880870112777500699217437739196675433791
1569587783701619145220315731246415342490081033682774790507039893596536770103235037108719703956393194391592810031326016475
732440173393952848917511196662244481684591044705192212157437998795748878418176353728887934138875863734403084466495091616
1096022183190836956029126714534351122508038021513062759425723948991777571631132872809840452781934092417366820906198721101
2339978011782578983708193164014137760209162466060947716572234811271674551964841495811517093510717296926384461386219432939
1864857615561308487885545040201102032890871027539195637634154843857586305820831631236407002936813901904700195585193437541
227433966071443971323511582294380595958088917877940636717887920218380537439730987645572120011407119583175468297676842834
488685544314832318388275796213805755416211200022105527277799648373577907124129996295691499651464801870945132413419172972
843352107199733297104929017504964722575841474537302664220727286484425950976218682348320650422404055448764144892757804047
2156897480827411599281748158423024391991825418252857314538235352717676807631108460857057518932518960652995519311034694429
1150495696963179013321978511096443158407022781784915650072553354558950985423643694012237706074954038657089421050373190079
2208456381254960463746384217735227235998359206107794840793351859481704034885384811179394970226527699379742360557609561925
2075374780099247376795154531167721594808875847368327525980512823296749532687955555546458386797128900015203740665775627896
1318137883463404860184146510189222494621883373166210230015002145039649539559266110577370969574681492449689457444354735378
407430905693268107881961280986701228759123362618125498109918180260360658895833045199674406566094871034743939281604467507
273998771852841188635049569601362084042824112926587365983578542685440197510077017316055195758902348490356801158290721883
146955771165806162140795346723498761063625242576942509934614004714945897061959925285910069356914657254585247150904049055
1473757000621289946075303842568252107933634774165255579610101019433387363113132606203765022908911473655304639097926490086
1296262305025439130186077402099287235256397744463215912570687863058182155389101229678381365697437248813986432008755824310
1719473605752674245514959917524662480154777224149560616518667672717759696347224722480253268963275254774825778780139212907
2056468764032078378758869520598333016865492893896999720233815616077577986452907349197749522606453755294516211399142554918
575377846960177024363832563229719695485224382454054413964180580643864917257591729477557239276528015749788452761667273328
253142282593295430860051024942796386026555089442797554233559282129407110555031620450668592698226201110601711797029143055
187523665656710886592316560625481061882835301454034994253300425505111690468763464946683571381204518555055727505370851353
1333809310095544432306794522344528470877487234962862991873217284057379457429658149473065864879087315542274251246733503256
2513279983748715748929636776542346921132329417010473310688903100350741572949912236464598624049679837228183011497856723306
331704640835641539030621123527593691906681203989886210607048210629641557418698698554442674075673709627149165955963087414
308424415482073543265032715162675714365264444289210566166134850839940046943412053801227491809561259534874254490471592775
2441655015397243976045069326150369366151474376622752717042476780821838256145146775877094594187961119330963561495401716784
877200813502466091164901120827752614025443528324538847079664129465424619570145052239268558828301132672094937190047379155
1922875737423393585908360987364028936181594244711358313893282500529693788641509332551136323944013993090845540524765184327
2377745128942073561148307926221776710616960696032370003490371440067511163634732463698879947834880806243750842993962992387
784064885316717518537111722861572577137244304275551023323339243565972512413941209590444185753145142024527480397433252260
618896944250285993958552493525988065975367283047423202682409496049694830421652654499858736505671926543292320843469987277
1992910831350782600590539735952583478111983489673468852141138076317298513499136626471274781180960759163697911466070293909
548623682343589201766591802798695042586634666253656328815856613567072981356123613420506251815558465849579832894847030273
980070917456305063441541358587881441654124319775391980790038781124881212591728845115716583377291658538911861182088755509
2449693284826892556775241565671878443056271914637805073498858472171932399637432537469447452832122461141166156904901370356
220984458168643959258134757212575789443154487528139455200688984824721791713728319336572484043658131732003513992140176874
1634312640706383785802971832914186974286907627067987150044941528046884247301775538134467768124874686394611937283908876251
1792653050472969286334702788443128127562927563772509274940975717578295420232816838360205306744296492044399386596642181195
333235477600794856378449408293769428684714006964357197012500887557433746130974059337786009621056287362829744025590560532
123098786268424782189416210220056327692223982351958260630084489924840775315182183029665667431077793347499465992615586741
283328981945594566771629319489540191317093736553457025460708205444967663715588569686764663957178442731586808237023002596
2357603763586146244643717623105333970561618329052377951993114734070984407755181826286131441394153824488894715551526441348
55357030450093077872306477722868214146912680395368862769470114143262953016222682896581114092361455958437860200043825066
270943929605980543171427176203635938397334659502225038578029015885562251631058773412899353809767918172420185655145752506
1460794370236627441592474845137664358758763491065764537861663980712550188851329163873492639843549538794822151424930087508
563296028942536398490722093925687346176267327624463587705657592434856544955002657571677629070629109095171688834837435645
2025713701131514674411498663366636278178140792328765464518513646015991526480890892934604633782520857391433705711951040981
412157374407081127661081064782347489325394450515690993998301249552183267398472088950178750712866328694555666977931044108
331503131846810478960938500137334776815253954741476108141739832183224066598211542431133761284550396433846263858658818675
1079920275070500501275022896250455090003727011334853884863864210575518107547035784962820284315928963237745711124956739115
2250157567369102429138161766960880546774377499866267561575011180772480196084458642344832088477759701270690258938663001221
2054147829776610157769058916696420524069636063334192666425870100785961974119726672897565296800069032226905871857075093477
2548806952344369555284238738065593009458317469918942017770645956984997465482141993084159423074688408143548115447670951699
1517027371717739666024979524661266210630769671969705495529525052037589752722726267845631504670400395797815268795843162263
1088410735910701963347090957966747695842404617206110074291094687189321926385348228824284559386811729745728572543391531648
1306383416055816858222640791312793674732818889128432395941706968645847796003309727202113119887738427522363179815239879784
2418417724496011271688878497967511958762313701047319777827358481932227810741061561770328617423102523849388305408519573567
471135113949873983224431130426934010765388006257528086875126024822999499735064481822463797127798241023842860363861822690
1546976814244859035629623563732907668086226318099321397334751474585285381748628100851578690760204967331682343056708437377
931607379892979678347778618682789473168092846520856920777391020305548762470280832853642992263280980777897955276726160212
2314423318234104250018221946586595857528188128933088253132136653293821645238063747064781020763923105587514807534220662372
560261711352566705979271434996685649382400656028047649742699458202693182679118340059243297365530264401700594199588872689
215284441264147497778274691278831461440230051782941777020601221988594576137240258739882225509501044303222701466113481052
157373800120775993787368932573734292195839841784497893602083425740300279740166208689441910457276083490485933846797415669
1241844699315434718291794378857698938524394664326982416540304139282911887583575861886469972163873192982279642871067646128
608449926453948885562814143620612797490788117857222065092111947489384552273818990133069334258179139999569669596189837228
2133827812198709222929474899661263463716660287895226497827634624552331041578607327942832790931010816271651285683838802033
470130079496073883184452469482676841267391373471032060914923201894701614424921282970594770508388903497106381016615653692
1779639469984688885171691713299237284701582111896120770978307217875410744224233591433407161827487167237909876786659239945
1615681426106430821175499757304197387353632015073932499610274216414468699654236777040516594655958542920708226525577399607
1295132238881517735876140377484885755291473684726810560640297347520882970949389038678562010601117062417376027491197856072
2444842302605290034817879172379452190156534538772121317567458427683178268081315695869892233876136749987020926357627159629
1405280624862294397091958309775454886446291135578974035535604559534153165767661093092497701024651797220821593382844510003
1769947213011641349140410885492456379153387846783071137926489701530102021564640517581161063695275688614900389391668724340
60187626340993054306934477271235187189216464505098637893633957404104182238979333297415876700013046890061692122326622382
1112256324171529426286275146180051785347178115534714110334846047275626394911909021005392918803877989915888835848149383082
1040043776994144525659543673651330324292669859716245108695354654890765076153359226874447974824191140863692366106747480582
2575205056839178449817307437537789861224695694617414734748650900864317466531271264678365242933185349512354283892000966321
12616463492617842884078416236876758053983436022410163190473016232936530130695620762148523618394785030830382132255913641
2192107606643044013132667027634700214343503681307978094837589167454544629339824939789591538150374710364928910737974699083
540382380801603822722282373055574502965584366917058012036055076904989439360635266516415286291398447025444775910233270401
2377213043498002594929278004321825173290291243605873644535252518965413310366550536962009553980147759040948572660874652067
1765134979356083779763486313568627723321720564794778659992370652582537446318700572105639625270815586437886622751269133168
1299655330920421810405384195028522932403840608344661042776543666864564348100099572444882794784353290909512900473363529932
1225085584780576258174400968902086043597940028221434288971673266635097641373675183897383423233383742830637703948421193751
2260791890007424235906056470461678317984376275185410984165302129843083818021430981940490303461182946142772884433221614087
1060751009353652489193716285046211379908515019930370639978193124441392652588255015751534678022049113372409437945004257156
872788068321733505120186422000128612710253787075503300239409528872380902368502997027505831259355863684683779143188065530
2185378706252184339910930716653768386622097074044072455566754285875286058711574960464575971666104856561921319962068796199
715753812146391081313405511833950345220492449174229130003272807592848054034136151844647826444131290981780890931243992353
1441664772341522791710843201112422386648909321803843884003797446699321482341686856218556377897540686504375887034927578559
1287637793917310198574293402288230247091725101410602277194709005722693158959731362102748075945197518133737982226537278411
1560570283308314435771663675853338645730099183145500737561861027008987703826425747040350734571050093394467487406175508512
1442258742402610761198827287415675100791174845148274960764478502274850125772214920616575633151876339823071367820065764621
1129992360739641052336915500198741884484789631417242429343458494666193780890640441972808384532471528793662370329093965640
726141736027054534300669340743688284766421486351635611402636411264199864648654151996194835247367304396404378748493358296
925001979580291461187070912439571026331000898792943490524278671947376430712878476628065896611664318150665082555844428668
1260662803084885010709945914607961637203590779181437040940024674147667753557504442676816386836114673784905920311658052778
300640733818562948111939699906633970661918119083382909611156278179601423294335877200967807832053999556740146382039406244
2072514204530339599761609711230449604906496826620375529906044896458752092056156428418699274668613918272507124912692321744
1918335850780729120745090511724027920669411761383940310110302984891467745563507668020425915544203000473751982048511721357
91900947682044987757377689510648275135168972883828138145896276882534568136544263634514908064787568396605760013898368842
1738790863371453309065831922588992177825073059286672776101754590067450801487003541137128661567486806236759586343279798717
1345109995029622808325882503947881350309874442474861999273119925597699031300799165628216814472319117194160290259780942359
1005660908249101872022213665329989706979241811105491933527600487727027652674424845516243754631427397272019896204554911325
2550556847919196943771781131329780934424316842346671060593100050291342631833051982234336699193858531534827365983788901097
2540573425015997584450999696686918200360356870651120994764739004046087964567533787834880497777388322218408207453777176065
605459917802736726060614560466441086119635449523100730022036230560230628199964571728357588228089131139359083454910304922
1393760295552399121974744563385645835573152073375068129977638274604540286285579202616776229778981976512886203876283318315
922025230771012347175759955721521752193764195837802742924343215705528493633291110912232893041039434695684649374529922851
1715946634147000401128537859730386814733858653608582659024974388149878479864337115374307108302299122922970856927038820008
1926510713909714964654069438361537372626790372173869607476657541787355913009295298872578206898442935360942875389602590275
1502398865812502502036865404395299177562022179564473444907531493902892705408840039675074508272794624436834869059091763427
308079499770124979189111766169997628852102433893636775444769414228101884515142310844953381378921929006504443364042353329
1672722526708225937159403434100811925161274423446147864418701125360704453931810778108328720824784958812172363788223788173
749980464119258770974653594747385236543508613740340520660022097286731210011493419959155898942785394856363213300614721251
2346909042424438597927557641961331068815325130246956628209935595540430929966081554434073034813855072353905499799798842083
457653203956086287414168603610927794115730733534135278534951467118293618719394778064104174575204970895986652101686457847
625656951041352557527461312598722788836521582188747122259467115572537375162256943688500035746703338737680135192063953413
943064633451446937006966076054997174526523265791300461538349567028568318522093878886016419117074797745664217884032199558
2010630170290342939485880363767218627032769266829010698329170444194943936911408474387110779558751658430988581356484038922
749959143488575188500051418254210268192027402295634081483703002224793427086189225433068453131508676266179812552533074583
937344202797688111708495139474187506622363925174187404762116620247149827723919468201004788775093910067797938691787947082
426205299184476456797450290183980186695428202196193776872134643024501793433543940606236665871086271006760882434155184326
2272934761016236086118369144842143213328447762510631088953954638285107607908769758804306179878020446942629326426815391230
2476883194737801126928666734033284068902762921204066022613892018085378948059637216267818197555217420884628730132615624303
2421041551112360545704726654110816380434493540354298458496409645758459822172237258463281015086557820491354345529691226268
463769527352590488401397209049990993542160614672179667449558448740957078993368350260773729847439975919457483012986881509
157390363209521554544188482852535905695030562511338083083520078508338306312609206062669820709628684595412185633542603416
1381744408061001243819422237006414174626429703213273655081051863846879585551566988809712016865700955072989469647027459762
1151123981944275900664241363312001981115141443252686633558048912967871352368948035566639842116087063939737404733811321569
2128387974832990725638704307668413399898537610662761897780403281622217951959699170209268038157360422653419765098624968618
2447235094256156405100305824953496809243518944713485264949891546417495545418391767619477467792990202566518615717243228135
2447122245540116383198096921239121887001365734154350869161732521112819735116464887758023541969848429106335278327717479238
1002959993978805280297550890087077427341652014564590748430511673254447676179356230093982516981848457191518370533991788762
1470811493840698384770467089603058509095954301477015446985220387941851929743370877729110140430194155890436622012768099430
1250144800576639544369853287001696155108232264661838922684099616592733030099762330371909033058594750120097013267518337122
381915531022528198214750418732739665749649629495137484563316179338577253009328771877153604344320791939915879641091779054
2368258557249748378952648169983818704663492044810371458067155045015459542966735642301430333969948510200172475439476763316
986979156845035842636560595624963703370944132626901068511521285492355828619449126931267062628279775240233299270842261654
2207684231326611143609493581288337948107865201593795528959157443966970489531730968130046135674579235741181310784424103157
1143767183345423840107550719255413756571229108582837182825988997515426914389923929863066011825356183637048441042159713008
2171416100828370093124048484659025944796128819350115220056580297521468870993421149769219053985058820733057609328475953285
1999833698869840730905206193451476453325166700187455927876143232892522599256883582201137543920755723835130461407983462251
2285750400744249410936838589381923454130994859280591297188405461744969154061258903330692333131653702570138018923544911769
915009601397226848356193043674177200607338156338585496312693554285155964618882809104120115432171061939059795819832139442
1310174367178606307613004333483412974577702210417381396018786537969971646698234328349873078854451371609376497766282753155
1544076149751080730804840247567002138116664409321930604954762658539767138578719399683607336402274680375887106571575706131
2126266075972155367503388011144534993990992397018262992868482825708281528402958205332732212707183968645463345027138266774
356344737068156109710433535583565320011386841366358269352064536277137860888010687960694323532189850305241489806522818533
2300532759402771590085142192396911247972474473682536681881913394806457437770129276304515949930827242331618323028478749460
1957842851088577241532239849968333830703547159132492906744713792974732323270102973655994023011470807065952948886275938066
1885517997358827134377583102317803135984133948311572286700074717479115654362697120214002210805036581135136664167270909483
1734948964417588129172814400158194683440581721852889238205247296614680583410586311879180179862222581838348097004161376159
2001741346858562904209698283662534382461222185054507398654713368154850451331544205313354666725525596647456718609608230554
1158688955447942422338905277795351945715362681150185118154719255732953362210402248306815815535510227929232657909546043652
1682400772934847971148740243202280263519066871191480670642770340463365193761258952278086220154711335332444466035477915972
986988369253720129866881662699695432941430286893170340565630373069361422072981852254548468593046426061901872151311822221
245579577763132233095402105277662680081235125886578779037024870614262616077175772944048984866551120890537027503750924638
1976446970802082624682605186296385562306958920089290843885568849546199228199519372773972267568088986646458557586888813644
1415251649312108728834955861899164971961760606848945054311190966796197574388905240063353360240872792977738878473916997572
1757952476740364719390062390598849439223519023427028008183921536221567598828124906361573990906639308265540600586391594734
1253378973009729246878355678129691629022179446191963697774711817884152960936412615070609166021952926545380621899203712517
1088164358537948620722571308719999214433907346635958523544369002202792843817576304247191838134888673635634068993375840785
1997946504546829797130057851068886345896573475097277644423478444468639840195738990923133392840390445846222239102153848826
1316425364868407775916400891913098263852183026516375644910943972518204571083575484330239077153944901133991649998426681364
2171548605197379057638186598179469014221609946443780128658345528326670903369367658155929363451785086684436518982647786566
1819996603529154571332306790482405199536407777494910859660551003449033341456957616516079706660774192200754812575546591640
1376344096176216146715808498633581391616767580890061911295322096027610707353743964602345932011136898083349167572564019545
334812274314702671204090521375606068250604613381304662673482138527349036722549353406037646032271574463210636105402931675
1594311263996129334503783615247707233272120504948744896586299290562553320787081974607703824552275451013398782439204583356
307794500214994231330350828501842122345044621791054240727953875052260528590323040150118461684672509388833929330752526573
456106829227278519460035862366550874119992260727963135691826327880112374836510622222043666494413155444966631782811743421
1878436890871580088651604580937501724797568675645143171329689441354448192631765570023949334541746964715376700708565881712
1597976241196861517230674125711662999075808462695194545642985963572586542633074627646141925915529886968126176926582904733
685212518907463630497729344989735440286606105241591053731573107278726572581631208434961047528345639809737300520634139607
1660317483817749285218820648236434142014072666611752590970680730570948922298308306329464830039286637782915462956726907169
876621772514536925926159500576640598706106408211930570080438427422739489245994365387425891375559831449928220622074411399
2232325103693790667147350833880180386382285238518502384437635004703036977760164477732962631475482268522869936962986587761
380275286417907957244868641873079885268031126307015458062764376812938807917266985134884995302104324485343061654606837897
1262515122365232604398814365724219585724550801290107773924099701030244955853115049829741553466941975127214627105138920350
584235559566099487054051375959760149021244638135367677766414996546073212539040810520299971420073269119585940126634567420
2365436902514931284909696471534841772450608434090078959717669327439249265443884447727962345808217307839577967830236056664
1587025202388977653931511404988209414825443648589895721684059609054275905196633628668085041842764025593734196872671468801
1309100451690420980544051751668117040133185817791363411181628598494437991028386104448604128011400691683900205466676027554
1701171334403576684338333785154370254619253298139351107326265635366180711114322843979985783708122438498450077267793339961
2160226927557679905383304879106155384980250913953196243562368646145159282121799968070164947376083067117771683806022723146
633870116472277175555972666394311120381988555930593539382854109351726944403655249129446818403422275281289294673530962559
1990377400641082697613993322815945629570644050549572956405852409965458892689944845344787082647202784947037893463844682143
1475505904124234749040752096849951555425263095810595213557179122482657642990889191171469442008451883666844106070512140696
1274995942665918823778603474538841582760848077006919492502430242139012054775004045918969515978222651798534965121619290549
267992984639650518291705351514249501024505818370559222126080784213072873558628902384834319509318831825224806180025362268
1972287376410717361478687091637926643908173789000910722777200042365779549711037748436297939730404928954115385293574086535
489314296130029089520255628374328238156424344970045714935696476998064146034294071769691986782463118371488288737644545426
155190474669878819383468671227360432075546511582795248842749223583269713671694478043230819435310803360992398068433618665
810268228761081014137252859662298464188693024220251719563831729243847015984415279055162795763715267375562260739678333468
1552517196207709826284102687458098978250535798543861646047197387175011742047027024640468235386127666563001725492201675080
1162050247664108707180115220072673159464469841606085040711913002975242305507807079080882090536829876986777800351886612168
2041577111493395464036043727167889232889238933126079153157570555785178847106435082562979171296412550200134642962747490437
2578793191722520462138883622330524067282366881090437545130225206455548397005433361861992996482671658398735979772594647587
1207201160104743092443480623735662534080210572976730381240878471022329637314694080938237381527693928843631977579743955889
1378148184001217859806872223932867554477568180782930018507813670252943665346890596441511227226551824236042433337396080626
996015155810499689040934507586603166646599951204674372156145483747678179921519271670095561666044491242610046162010097611
918698366418278321819935886017688692853271323284965439314401853355177470055695453927443235590101837923064081818129720319
1946087333066028683813588356632004968660543054373748017768437517096496667873230783831314202458174509886320599930708295383
1211132911106082536231012517566844928227094816558711762397933991613312986514380693798916977761504654135613203019544424131
2008256699136303223841968772406645182966546744246898011239616446733334739501750581141345692409842784425442280685541671194
523591920467604411840797162946250931311338790931892582140226641004374394755531311728611218442206567372253389216853000036
1542699282040710828187354021424113731910680621827772355810297880661315899941458779167114370355056738861944907517496800278
57806873517943506509077857726281954806477097453943939878724366838059973796379218602199411474566784237361958439993323806
2574280028728459750018424207751811214996237499260568663573995585287241288704214107957551527751300285900754840990967700320
903368802077328758046225956469163695649475904284438688517193051298990242488764608195249569355471555612535464784391168538
298317861209866214060889869289505373738822862777089473630409134473383398244501744852613532988954063243863019499258147814
1164844768087237884973531175728178268219979409475854209587142482099914627938425589535532066415511015275173156806846649415
2348194688736739883389202534480884876805880110547268110363749656896762280757776828063773784321049065094696523625498665681
2130261292320515166939881833004115513863079840982561078650829670932234820085412065166889461521234577400115397485037320985
2437887299653070470539456619799212006604594057542911416073541209236939732920549343689670307217390498231966655202823745913
847182469686046085483571060194156208325645409767002110022061117271500765779640679986289765113019184969005954220499455528
1799042960551110326981903720414401432002844529058154867050232954564346798160331681929906999165232367449158023151005838750
2337663438933612587823942530639756716338034264153013051500213382335886861285126519722456697842174934703819495324799735367
65990842746335490439523487354796778417030565275609911601978220818980313519076481916393628448692567229538010291861224708
201960887201610050251884969425038431144040918871551703259825267376299654774655342040667896681676888157461927917685226858
473298759681557504845032983815903260169215049116741303356941131502541790673402150220223122392213121478566315998274050975
2481921220472574883617800589103051489351026532302504766878969295619247549944118518017326432928666848136079168681810754715
1796559334672377453266740044092213636502499013968452638391452567359939609263406102458169182895620539587029548515444383260
265166946320076130629883336044207429464589046916114143045451633466411143679744279302682700331266731124346326078006400019
716384394948732679551579596150876029551779444261188827700686912045349869369774475607991382119741303307094727526295092586
2314448950283653092918454062571515731816763367482134053577899275396434566118489319400468864839674905726039321233383338474
1147599805185833589074624005225188162950933058581449407764619883611905531969700029776746447303040773420182067659725061832
2333549229458018035683243389025397541269885931212872645217530709585786380199589950101817278498978326573010604892060013126
1829473810660267606513559674524126625820170362924341867292197880332850422721523452369983742354077148031032598433806513723
624829785379970665471377836313689611284600909700291321025341205946708635982725692571779008543694485557826132387724529380
2402379189896208997302237568965401303549804952664268035797971950227078339836803802633876467199757129280018522032894149694
601307120172987386910931516576232526569002308272314820206423494985922392235914531095648646234415132354497264991093453589
589826665743030833668663619353433707195443570719232527948210020058783351844687731357421561757094897728306343510768464944
65820131093221312970996535722552487756576850326817618734260096669212179045410680292507456547046835480864721876135779236
1613116708641327192778082443725063638039567154254444373304143629871850471492503872520152048630422797965982217303690576531
1380818734569718489773145179145812875868646531877588528473334656719843714607524265009351548972412098838639396626180152645
838026767546958686971683949780423457865201806822071259541510475101959231878917171640577511238402250346346895427864373318
1125457210803958122178765520366974355637121425040715483295451008540088704013992720803577678719627445312394823550100892629
2521737435200486153815208159844091536962076979373960415080246420099647849990778601561130740401609995475414033124258851432
88149815177890729952554991275390135253981640084000517320532140169550340290491658563424411701102202607407572229029827811
890562754573917008531651073651311238436775902564945986860453894291112654418177851210308918853289694455164399496418713993
719735228409839515577719648982580801434743169069951842769091017878464087629708752994278117841971699317421434238249405748
1046783060973954795009586350199859481529751001514263304743999114547493823713557494874773262518943468975685248147619513687
685657756336853892577280362062744673348646666513183152733434395333028526737421082753790824368949525586680447864108203839
2505783271245293915894008761543442748424547742368915273493143700313626859169146251382769348809152395816302614722081904191
2517650530909599732278516695439516581865117760133537719128704868559716529337264497724237612724186001162293183896487333666
550755786794449142045615776711167147804816778704355422210985137213312138938223100037613259046881952474363505992437968755
1496668072329520765098973232067757839086420374303606629066541026843771090880504793973501285076335779678409455529630433079
1872293475511448050794608592689771324230035705740213344821040111595005456435612898843803037617794577583639433816475566218
612875610049146953339726411153996639177594701568034966941960666728331559668784058120235316596416896888656502012270527588
1105040414696320259670187214046248927702196391793736182757585809203438886817817766495698962038704534836791276244198728941
1065303668473589202932267465909354526183451508543558654556269879733332438546894541135242618899294235247761911038750440909
60431747021609042704113039312079005287053067388863876005520890446881858814839156289944146223560681729363810730540901370
2128253637601017290502208572001636378039022650080297446518477047820019727550447946480451562784088691727381449241922409290
753674034967033299668393449072243148644591604456041368609721462418750128394314144406716305008687196705775178317526848279
2341876050279438522636680977516734583375104477014061933670313621489375966576005270672831271523213231467417885337869528212
768757591801948229179234028832153012749767382038322464250742787950938402878168749825114677158810641137112934361931253847
1562126949942812703788589280966831420352934314742772179137151911075781838106521133832459671535966921662738452409169995744
2304599625384894118910300920347210384837137183381452004650722306903239259454941185769519545783438760444604908661068110917
1955638557653459930601361939561590045102416183941712733163988944262602664266318543695904472883129947987764965134373190416
900800150734017669687120126196051984342064584684957392688230128650323971248745719865856854798893513963730557806124537602
1517243760144041886318018619435751597850821503927540770613262468727139936214523524310600900253910651455873085067184685926
1212567577813351155600254892973128810681973487685275215667288268579660751866432989756473302439558793444908862627561665135
528160993768527051489474611230217073344205567210362887549301873078561509834952442054717871382139401616961760763750738257
80674221437864783201594221363212959565830029708942455482208731947380760274604334204056367952568087238020100836402014283
32729500291069896953437137189209820735465025510734053888986699431356864704532363868958338831144469526176466726883027157
315518862284166158972238111835435626858777260636916946038322221741928626724068718574528662824656871778471467202231077936
860879295194820745308835418467195912664442634733496410081614498251538211253077346539712127426272274951545644445586738956
2377049990414766615191839386762306892142395325083921510640710008049136887293565312147843386856824935031776905498056706127
514566083380148647203417427243686525076911856326856707153879925609155121725398023032694321055810738549615525326899654324
1350423580836988453308231747893459712463614377829398770395730243926185075276072804603038536843926779466676990870364397767
1758629768995315538788730329872213223290320092899060602959722304929934861725269595929948243708795445986073622152227103794
1599677759616902486237004753512862934622498991141150256196676533376953972785096790977521450007067782979269620139835481166
2534753325977714645992807793599752326554380305338988998721444778093590825328322152014690236431631579637625447487050897041
660625279092320509847362856768913861031451580955307976987457065121756242180160622725780466690259648648659213103534186124
976861864055547512583378553390818566092600665767545589467335067523602388030030292034226273867855790842162228154994993494
2341101057491394153817291234620497009140355486161217569751737391540382248904546495009570899125774155773730743829675445573
1208033308634351104971428810867093309897179124133098896816936546409710157446639586825758658627419040158695653624299830128
770833363684644939055182141411181312129223488215018553582111050955360172053759401488439737382795633453639252085568118327
169256746358760906382249689466468917026058139853573179359409311657624718574674919210593519550301708868778775157559070601
585153395866538681274386826095180100177024640624575819463221358558185201032176143021235742109636831361644862334962544972
2385515353615566580814392317818358579765041886198636386140918599158368395433136302329829766015429598898674243525923933325
2207600560580250530936508528348731065744005154690996496514657597872470941454984192617423249901832837142703426482654730327
2137245871358799901373038027644198702110518232627824478461477803552169547515407935749319958055259444096824902102131904223
1701667953357842659382537619260459221801541618521217598593754024471960204003333334560974799854869274099794120325366450814
2490396506617629262863276400977301572491558368817880691397052972376596594346891090855301480807058794288657162376045585584
31400818592856556742675958273117503779467795331963391585322613372876509012803313574909628414626726038998269613692864796
1255928652488491545059623098149055730560203975423448518661381057473691726615721585093106817121363676881231647673028392559
293779147047651853839193813357629747337600326180166128222864327478140265553082152245461473726253996591822526046034066385
2467890002536562767303647006810231110404989747835337555247593923486181965375072542562775811170284429458822874841412082424
1662465813898039924621446863038051778883559726468076682401506872062875907409945506653436547532406762659012811229241624602
1620360301181468052579685726777490856698236991792495261561027902625654913315985778307436698330294585469630204250816378131
1292530597542502141462563564790236752712670888746505861512185894743198478754083525558609021759463136460362163572459708473
317707249462281148567768419258542162459625773301052176720447718050450676903530946533084550809987570675859408797971052441
732674844671867396287727333491547710163792870677845281946448058557608907558066405067570575973015094358415067710950182634
1023657569816339258011059181050816511568183633521665165951190536079913159369918868661662700561884333780613223622671419268
2525532594115920809417014277017524144352468029571379710524998180725126502281966123164348245760159207225204783392555861752
941219215037389497903705749671722714293573788396995369128056565009605771761479068871062713904324522284514976458602869137
1400199205251571663518839502289037766261061642267183621481874769119856852717637108601122403613853833572838699628916321152
726483222723564898710269482892753515862421049750137383694723303859191224576571715961917189780333279174413358705519270205
1076000989402324410607604069200705916809202987818210182120259714700860629922818466606883512785640779832762295088088017476
950401081826361997905335941350707481758361131692505410482543226404033579041661555770677160886080034348190998921217342771
648256363929371236470107017671496936921451643280437338840393964709766852355818832089805365286581406778566354047296495654
210376232248038788450798729786684190521903819355423944546191420658443457979813325988832899838739590408640804897490682427
1928497225418426902072981122381175664451431461473453503994868265440953961746981983229028638869185668878127719536005269693
313268664256504679014115644356937493043384439324887816477550508354957063138414070432256353232903493227378152993680311771
1580964599630164236429028284873485613992786245334431176065016101559700409130532703837105126821546689588633418874960455818
2413594855614753945963443628008630627311553455504634243377224134470324863972636884092155391226159473993936250475460446803
2328477358667784436952782663042494135090663084977814753440440967183295944109527866274820401869772455240395340511931957694
2037123992403260052505246477348413427494247804764215349123306107734051857057616729753491783598338162299964351291507585502
2125218980198542766198105636668603416202278521231315345623578066918578651101413978049467004734367480892437056396856746517
2364573943547417404011944832698136476809953466566703427478745299555761612710675904971757281823469049387778247992260682929
2333526241716972245685510014035495312798778690399635146262160921775642229561486127578163602884984115399056122724232715423
1993122221011886501968857842062256322928651879000643505661652320973336050486278183628497940837045589937220497445558689787
1367902660663776808102432563888167780155151685341079756876707160172733299346136364555628144798371909442085079061803633314
2275116611608630918191094346209843569210070966515170488274501782913045952591147792818421273962378030704059197915698382648
2447839693018709331489745780770695572273344788296642262103416114746732332307536201895227536120227931121617631445964420657
2153775445916526102324867102959814053923222498798541929031776118893268357205957134031109156684918149868626521523457606554
1253810167254027817437975740768518291173528512462400307134693927948622973234922697699334786226452133372580751821089093114
1261885953825567220332309859065501883323079869439775126530223773633692101691404476652487145267350416513682527738259153195
2534891426588880542185418542708582550776665913681031356657889984348631811398153851037212730881835083787946903130670190577
763376063631123685240737910554814316554373517392355375281330230452283792123290900448394191299818069584584407315672678405
1141170218684310147422144392382136565015903515040914859679938279122157514396582219445559136425515757252516525671800042790
2485326563313417416178773649410655926435117607788324842294826097998569211400713095537076545417415142285573810827823924648
415718291886532898118134211990964969566144824809948424981094024675834488047940403051891866176929129128940402416493340935
2215896645176366288791081678880142645621924251874663793669021612697072763350705103498559598150353222362175724498114093132
1337286159903454761914668374928677227441031172225704157561192860023922205630413203815470996659180914543785574621052482580
1518289321587018619410704849423787190434616044996353631891127421977724833411980322098778146188583872097851172358704135188
1926609371619344781841077314726060394916200860720112749948004376288400385595016783028848615794493344260191178670230547771
2332365995536955740174451159847710234378332315670072562662252321308369321117937018733243068902130059810315121847754985678
985343756207332956119087289701081207213130664098124581164697270614545162098744125982224470128739068669979945092577339007
557162912901767492087787640541104625101340997388987880347224617055734610224667504447387480027777247965504332491976658701
1991424009819797208846176482200215912281003853425923472802174843453470801107847962553318711889955077542013803325326598907
912618619386849062877046240743757250400001927514999398052657400550237957598643551128042540364892181191069377101207505935
981212330536866064553207739948956015070840845738717354104876892826922356069135149536456905138915624286178224036071449753
51572502961838065801878179644259207677014983580238921814210995413087049755127563534047818054190806948426491418079606120
889167173841542530088302611815109452876069788271159742725896238811036746221338382328294910552313210069407778594462171675
1004026995806683076350769123610638949327259141705661777337792898621908423259738674711421711152484044044481022660112543559
11107874559509487385971002877914652079145450541957342522146847838511282705251865186273680624695608195564723952089341826
1547360407287465879218529594522099542353004099502236691392854174363979526116802623089190103357664583610186008321720332827
360804290421700921536465966322728666598324116826501769476642461993927163410870796519731421895967448724995363456510453258
1905677583340742250268180755683950015227896399245936584459121790433104357415784541206454790978484125741482997633006687851
118224258744975206772611082447254405416911840039954451501163082688689569681045923928179993722222013183616329551454401032
151564586508345871587393527773426811685468503002096448764046970493314569249451095441733701812021034744629629326943806411
842936021728336679056823415471924600159117540622095483316010098149153855171996809956939130925407145707426021905187162295
1745560897847731074676454103516709417841717819627122429839384023046154759360926959259788336584050586124316001305343632526
397982627201388703157096642791111869766374091898587021894386349444471985403895702978325062176427666864545455816218803741
1191173074727127104508070828314765802931621259568033271957380819121816867236928987764657722383512560518948537414317118243
2271403341224922851255701634835616819486606768622930206647795415826078966487476712386019608841024333799907696093133255465
1953731794621489426406349046679422403539071283438734381960317743048184096423562683245482384499846126389454672914591504583
521547289981533336818696499880868300701770824898197993144954169379008031667413538620771556867330933866890988981965493622
1518562334855811639148043213067451476632512993095274163452074153968645495624275621565209120103936231316259573543357041369
2524344880583569005287183477565711205395948305232756295852492851750560113718893334330151570883996300407116561397568349550
358549264791944992047480140863477761598577668631900451151168597698137998576086709198987107445690285041395445833129367585
897520971229781074723072153721980231267627838461388017131698260184528514112593144358038239246990833165170857803325110974
1404672801628329784697181073394730791495730262018775714704095272537912181901309100062347506470184550161707363506877424828
1615202084379191388193985313657783554188862151270538828397319251356191333662000791315385272655707095814953930739021454865
1850624932725711364683623827980394223358961090438080166600220041328020348371816547589216930726981068121174013016684700745
2041059919203648204378392513733871662373096848214930702066016319390681548338487347108032377121360783461647173541599142227
1796130562693990438508980577076117539022532343799673842640558242931658359181144967297513533450589261930839984669666702861
506095991361689312415996062010050164632141723315931721577356721779878357140163146755146128389272109661733768508786679484
2357457081647160868169626978855006283276461404066925927195911603583627377975547134325486098681667487683448544878093575433
330806513368018218787170758196621385927260835983830566002358179853686187035025003310048489545457244082670752774282931513
2258692500343312614664429727734232420052034156264347343674774974749581122618970608506505482767070474293348593882844627909
914715550207732662631752875967533903888695135035845879197460663856159290217886200697324601642381947783379340822127829406
819726834503604851929823668028844990111122688474144023680671688918398447049571664568353881235903133294688977949070506489
940381575046994879247888254180202361450966571653890549848557567334930429628470294724063286659744828051368319022746373459
579955768603895508835010762194180276105164816038246950378617522651478967263395343033870826331789924382923276602792732328
727651295716087713520605298729682220120105366483429161644380524724771283593130450357394145774031683160406558437620229736
1798586654754208059653590780747035736077383000451466689188278001218934730391900097394601599328877621769772862581592889136
22225141677475093604353522610315667421316843311757336527973069603300431819124155293471317879316600623309269187248249408
2193990059405545785948960876609076759496065218296462168810514436569517147284465513949046442582505081293396416192880839455
1714860199726269347322685811207090273486277618395627498974099896997560870519602943520121304300395931018976989657851562718
874258708073290003760543023001666363358671530896717953623798570269196138517401161474166207627107986588003741721085754831
1009078299509405548026923103448487700621319828074589003394131694363696105437949562515119642539113565747562845236765379263
1128033728231897013111299660025556521531504436879745430210101315888729778720543241766743858469161492241814522604113976062
2189215738108085426891783362427107889289889192137909586999396748583554921008212543847002718266074105256605127277989141239
1965061860700385781067871577311369741722652262109795526141045010528918499073469152593572214375355056460218606449492839262
