3600
~
80
~
2
~
1133320567956565788040070
272296174927762484274914
224100040127048775201325
850744839959769167302369
572694924426086981511006
555391244342026743575893
482293409979754848156285
876673869337006790266451
227452679893926918530587
227447888199705569597156
978119322866019518237654
140017600492303703978123
601624741768910537825313
798071620963727153136667
1000171537371534077120978
880367980429614405996017
398816485704019653606533
834012270115459906291135
1172715821423548409226285
1180030072486066223895768
672189822565465260412211
114977750220920824380083
632753316698485421577898
987823392255891837625
13538678122578281685076
210152202175951469045248
1120163755302519979421687
1108264783066352966362828
290304508022625211030024
851374553769650243265947
508882435747346416151302
678844187851304296883366
971223660398276626070154
536842521714398681109241
919103111844525475288956
622668312716928316846884
504683835932021076723124
549286076667860639314109
259458078128127139902177
80063580259072957165873
419282031467594725001523
872996221725003075189437
1102248763879890332692818
57091678563969755388055
1051535667635907380636244
1027025091490594096978486
1098103858913247975686548
535055468951172837403436
669926488588144956545749
27514221462961709795676
325065360947885689523209
1194463682307744140676879
142958211106035345488474
514734960277766985415671
971943133853375648590494
1137902347679642533813421
1129016666788467611134155
1202022308658187806611814
120505784152272091546204
767143172119586719927322
950276388401104724143731
1064474110507886865809165
632868120119283519446170
1100806024968420683523036
982261382695642387666167
61515590923156880389630
1192217245168669244773926
931353763283346640673636
1194643070878275585467065
357993014691286459910527
520065873874011241957072
461686606464694159500122
1091215640727392085562074
467274610094854296323963
558505150772803325757976
376939709303893693366445
1143611287694190501048482
1022877257584683173942187
1165810683024703327675733
130473175366837497853753
