3600
~
60
~
2
~
1057416687460395327
964988031721178703
1039585698101254287
867327009203423985
531157467490544698
201866669860400892
1035013147397074904
1108584725059203722
834625694752881974
592618796110887439
914205707060628749
556652086198700352
18920819784578551
1009805217200186265
445272689599222772
833026871593853308
666371507082243815
130213536559687304
138289867844039192
985288481827474723
822703350811065553
810573246128362245
221672963245985625
175979473763903825
154798105224225092
10252389783923186
95695777159287334
28266196115642006
707090360250907143
359214787820653801
573077533124198045
193633442231528429
10242010184216500
587651703297319441
158277906358412993
363907936381666972
201072965775198567
887734976987186278
263108625802830236
24829527266347136
376311035202326266
662027531972927184
818411744541716318
338318806061774828
925570788916238015
554010594939608705
137602438723993474
643715394830791599
248139617314728399
90175757751394642
1037694198565669319
269979866701182710
877648847616760881
362203252813378717
441245766874562550
253179007097444608
102685739060135750
115282952634560012
1025098263422201096
106265384563804113
