3600
~
300
~
2
~
847174802542079277749464848291974930422499345482458192232784321936814504476799021655348378
604438090360745354907600429944212336228707980350843958785652995718429556815594275558136352
204420704995832377917012545214130256113449212142020879732199138486132699266415040538006964
1499643642989847231365995273386444333992011599424839192217818293354678516858966616640772321
963643473508227322279177410092294846965504548547493035377493679808497736379717231712262653
266093075869026650023982296696396958299259974554546522328327070806324399837606459037257706
1590394235623381395829260976677293953460568493986443712794841914951268653300872912868006663
1897226107820620089675883988574024646044535469861317406737596411191343526359176594381317362
282266670658025720932075850145280142689946962979560773009868312090011967965380804069351155
1673248372867802181228447678390317674745257008696718932789984173807403625827866638865008649
39381466704235650607034024943364969486582655515148078306368918850586575011080849205475376
1772510234828248114786093325588993114022998914028684511741251279908016377358604016413015759
1820436711947749009928399869071028741623464458983202974437671601168793495873080816894386113
509440461789109494513797948543330495546653459140799826660411574145435029027774699114631805
274343354659518332261138602397335184026016560484797822427474471411107995694251395611332551
1201546391018241899863346252647150997311983863724577621463555670206275686179283387960267011
654477566535119650185036863303303333810270525219825017936569236157784318035462754139224423
701538000429065160961805805579657850276220389729050394362680068735042831060585876988370410
1423868512879609238798461158092802765146722839235491764414828243386047513079966349457007432
1160360459120886763477072885841735205891489636662442521209089213745246290408092060845546852
1963006214793359284041604843776218086765223443258133377603833766554469555093139728265948501
233301802759608618492922574032557823574155254020710945933930085328286385790788359766719119
254559643858774513511182479165430926009763186026980704018818243852237146012703185060535414
831079803770680237503919122393672181409440364886669480658303363732298389368289616054038905
91695493205069664878905721370192965241190730467262497562384394416450394358345901237922872
1950300143259636666730698061234548579914514735964864337869207065690802262383068324766837844
1876382724250626375612235538891488862687427926907996498724991799312776341219451067704749061
1619514083072213857848005037822464171910102975287151144846964196823547221477623685721478509
254756759505364167869174318457362015017910299597996198191660854658076949244264840801864424
1952474361890968716232742593328977848657603260135961565466440338129106519856203848634135442
691754472885669556007370827167440956892662607509603685764499655352159055583342494205944621
957315726418846603038142714624627486276764221774926704264211444230421665904958153236073509
833895232950662589729623676926434412750832796358174148182772887923225116089763776132239642
1244996245584218086467793992079798372926282611392727026397312959491514273706968266103246850
881771188060072473820051685938880339926747114141047436632124722994734187960915207109163223
1681136049129245362663457269943123929710094711481376626251403034344305814092111502349802184
1907972893474741945405938980542307889676322887031211476046975942337376278855321864612291295
209627645891422310224884669284052824553527227940307971699451553674935759971852801921109255
27449012708323249090672701715684350526594854780410386649124630350068371329645259335696292
262340692702860929284806840055903290620861450645507367791731874852087937928895882349080347
984981560234569823043588024565994705902257364026089772718886160332862494042706629035231283
126043606301086991309967166099304850127674154520663114568222196470894273287093274403816911
407043204507095101206316616950716906206585500941231522976354052174269962331067151921578151
689981146256718634100755629214147780850960317136489684770320320168212995634164853241043630
574649948607751224660505040974515003804396422422244979615816279554131498466904397366171184
1239210746693205834167175520239372680961819646382175991099823882112599720509640238128407529
813689708986867295135428272419563358840233502801456524331362931870542766400057616615080650
1559000907865477815418900268635056021927481262976397844450570366871073572060083053177154678
744876068952765209597934517960388906868869427816478388672362933928197007738281537321952078
1260493672769380198054676705933330430811682747480005224154282509155194762505529090946896791
366739014806756638723805055596119704960334298162876926167869970493539823287196444555583679
2011906852314543730034616753239187050773101417046665443251598347802464689426754997744561087
356263135681778516505235591097310534036183979955574604483693703349018686550052220801539103
845472674067228666811322307860669660785907761608731872190001751630912249683941436126569529
849231367790471050086998311608192169550138840581627548155766512810117502822179317376564276
611633373829200125495778273412343425669061661483180060145822148437384680186260162493841400
813853411159972903396981574188599096001408714886112149129811313534054589408991273322171422
898254198442739542880336985383939273019006235896706665174620948482291046457629118106171631
1320698842346019042525855275158972171811319637412306338041857330439184366013049136329313680
560250403694945473789122846382908486333258819796767947615765841281668712219045188394291583
1996767862294712065583382844894833190989216153882965749870652669146115905172527877624113375
820633553546753859588061006678512170907218460863489638949562529710790992119411804057996440
1537898162508791071758375101620297099721305389884153782284916816324024816040047434946538849
1111660885417854886313435043082176186673723963737317008425340932087455374307217108318250198
1651145505090537179194091935859681755313653983219094748682856773348311028858493810480948642
1658466112045311300747256239400846975497745864236405041927009164042212833782286212474041683
1129390435522622147869945494490413290189672857431994427678712257314280038171298444076446418
2026947742228555642782977442556466751584236265275781425308021335202107200009973845573782930
1874573894282142529586117438504854288826797878942349011477968947102874961361974896518912186
1365224018926316401011368416901817637701197481469544385279426845799761800084955058694100162
834348462753128446704149901984247720644047154765057640055100227616442031417461947105924815
365600647373281827763204977456773547963693910135195830971013230373299498237927243669140891
1118784063501024271979016906045222524713802547529920987879445677163037952015237090676326388
1083588358629862035150712102287007032388560687192255819387456133511549106589383390245503178
1197433676669214574902626021148531213693505807417329611869048113345257886197762164161698812
2010417133738124509393607936284299445605951558875550661330732412722634133711622631882707121
519608501650478088522147235218469267948237233972196513944128576813445083539478292896891032
1876175522018662861389985914796015974985411093377006509483820234233639650831232355146433396
403119035336349807423017157388651789602515142937311815216450224336949109178881748279766424
1292477713910885630979053734121250958225646093933842309965160331748551900562866719703528704
1462219769817476973576059595131926337783630611207084135472045839065832159127667394249002009
1780608948453485354372523917881180607498626206924241894874723029959717092653011006759528666
933886317151017555916596455677989125341977240998615716847204491818023126198236686220649053
1679246790416708263988028577154972424547987381719687630006667575495980065377092566123105301
65399168437333637290909663495405109544019426069923981509821359930174622039732678952895757
331981461719538673229508123914352908490186208601741696102282380273871731024011201685896696
1320247654448209876175443888416980387259399905163024588119110880219973116874345066781916063
1767119134983687639915299059122776149768787149994958131857983053593441832883807841080735427
106276523254876714994699138604906916252597384614805731222352769705428127947435792937120795
1508678659002827328311421154083015683798860512180993540338953176521050466721937605638129894
718967636554397849864195099736449588043069562379093849372520117429380890721118772192645115
811400427613618911750127887125708994374025565377341451536815506501954918156317541831312421
882154279359739601333922347988892842519195674648590927513689836444984537526124497732886909
1927001491271800439532606714764547498526445076025786331494615872126563620760684771930746357
606606667545164356169982281295709680094760039353268911454444036674071993913791228742216650
2015058905579854525624628368774399029325919400811311939177468986459219248769587719393092689
1352581323040279925595705145957386695769710196404597297739661862683487702121499047031067407
633382826423885389018998710661063009376248602045522268464722337010070152454149581536902749
1227771175937601630922759385677820998229334581635241438020287087236688813979684535417947433
249806503277357889883476214496596112475272634422063248613085213531616218473152610235760251
1934918253121178092750355621267865871315340857700562473486776085343644313786130789647245393
27980692832905073845858101256092878021133516986938247269430851306913713600229851048971380
828758378097894835482528877067636067619391525710254698507703988851569711334981114696251299
105843091723070451848235443279384795214759913584623538138429369625114985091946498600796785
822423638912599640855261330812318146500542340296628030986305366483558677420533646572580729
1806089991228514473298867490104382233043155821044158657033503636039455579858769391558057519
977630440569727425360835434047654673481114027905564629655075116358154807320672857984086903
351810394610590912831520778547723733114660181706347415319542236143036065728373367815203798
739578754506154910985861386274901737364349139521775470480471981924104976075922767282299948
1358919313616016704156948683864022294525226190299258141285560943814272017159630059496961807
1431406073780767680237391113136148720904509487036168252522005627483584964455186416926272941
1633248777389778613109734146893843308107729131535511236676384184315024315301751778878139789
836237453571657985089041562364194145719786169887085769635078676533954720773211984736954880
410248359999362725395227472929715133650689723263853752264735476812962144995264333549275621
18565135310484574969154496023292276396007458230616297747034331999920543912431445623156437
47072213091907763089549568738593185949511661675535555166361273015328094873185574087033674
442559941390318302257955293737535590224899202327099436571907008089713671928053668895463200
1557294659069120315243172603657426864635458694243496194883852018370804506934820049109547397
1755876790307140955093735182879697935713161552127888967152426366462775099504326338588336993
102083405237986385572353211220021277731863295261005161193656749117405873732186037673710874
1549226551184580342349116886189777944812057600162857030845355440358550809121908540100209879
826746828231522619573698100049927693715849315532869551540205785581810039166765253188835401
1595459242978543349615606379965858375010311825271986688271143032524893725703192395441090028
784642794103299540142315598403983713089048512943507534447523761428466679448057641006709540
1467891706009153563508407702130617961500448561379956485924222159995948285928157233877038995
410744193462176997487985950493525266724062581529350066260285878499277163443758146176580433
295069627816403498773898805761421171112215024900320377622522995799536627039281623119284668
1228677630615260689333010478220113809734265110582185066400100183153179000560894722170899783
1837090939400158368102109786929218287509716492328088288973513231069874894681402700060841604
1053201695754906622586294446892158393841297466187168067976945962911368229217659247219480863
864045573045227107089349699255185402204081573401647445675576302478086317673343733017348753
1557994495353853535878600906518574927898199088117234073979639189390483601884625126257517368
1840393670761084801096145710334364560398977256286829095407327022080577866486655734954037352
443384705475544446468508430369750872270743989402576528449163407342119637708927588748888881
2025438093516613237477356334600096416829299313199342671116542929754226032126675000766786932
1000655964192748674083508557633243443020525442719349757629468485119506964346168085996734611
1767160295970990297671519662330062289492466819607698895865553918645301015053718329973221251
838313815440152886451019370330463256115207758443005866396505587828892026387754277702404712
1934133279610631174723527867119381762453337623699204859869795603107212595844296914338357433
314816896600671517965344539535900665244508240751931846838974306167841577234192799811381413
562985597581200689620600940791958989150072797895262063923252965336020639239279130824165448
593150035015415330679744024452711763785941447032474257897748053615437876385119894584901090
1893858959999810476928202512303212927274010887048176370044686051033127589760383901229494867
1333757327778700037008127067812595517112517412514945543424959460406748450422605964314348643
1598943908465992697634970982920913480668434148728271633885924204904368504121015725941490472
1542068892683148516211827436594941118684757173722129852943082528875411336690872187968964651
362759304687533218889064791586792458638952802899599778035556882219287313511577617357981788
323506311627972101509152287374843177171122244857273562105516510711379385595482545885902623
1448359082002182472765819526881811806204120669006258481466413262605887015256878396068006629
436020442444897564344218151749238269593704576443876005291472887085943991345179143575444855
104765084262221834264497384261965237564627788608247319186787321939793124613379736844586897
1644352888697056828624152706223603919092632386138019800377712183690799974354536131498216003
1025664682899138674805252653534925476777866702204063268171722638349908394098659790303314712
1144274693829376126260791461624250804080343551625053222442716042817738871815583223879416172
25819169380797459066047298054140762634398320518220260250206159960629831820872899370553214
1356786894218612212846165902673051443321887179148712661047413265376293840649213631086640350
1559669163888214210894997146986033014377834719830946887809327425729779757911660604824492959
560030607024519920753205704254798769749762014962747229748285978197563285684225613595956456
1512427279192934892430671196712387201265084137482823796460550327824609534378286239871612565
1155328860526656262798716838629440641736579626713636171937496992049039016388085894509309944
1834471165172139768105402253901778708614198577478463869343589344544598832640981501077553530
1745013972265560987418036222965375303733810402754452691621489250790252701627046249656950872
1915690523215941479331616382148336382537164969326661879162270586003736160073134456325974589
1538204948468623554075463233720366943280591237780702217412320621342112747658243853626394517
16365318838914402829700583445361402052714191366111306367123983114931807482628216552640084
960220162122784508368412989092647920052565268734502772447812174331856433137722087915051543
1459487092525337814605258941083428928804415264564744411301336152012387563706575714890841958
1377160522657178077768910314648221852148667267120276321001513522099593742129967418642982194
14285953170415829218090970882293496404149538692180339035244791583687210814456892194298409
393673140266304160039928768349945905150039194253086414376798079950593347722794067958314175
2001804451730876511012935047876751332672413152063841341579773005405783573400282046976189765
1962459404562115595369580400250610479247853871442777349774883810271816368605042241184233877
885642905059282122848497042549960313747701923586198388426619985422785065990545950791033197
652186078761926637513713401397126237587779174207344836053050112618576152511205671560802201
2002446121478395626437443888279246916942945653530382611920866938548064760627133351707521828
153643920797809237018642003832984206277689450198071763321142949574496948936101652804588186
1819358996708906968826401693893200001806466565505402576831278717615084907474068921168471339
874011222089596238653306072114662888751798796182464528720289546228645330017214312052227662
276339962184591875625746132301345099373135617112671967525371747283116562176741401601950936
252266958439505603668009373230254441652466273561142583870784222046266445504056953431159549
1904449100588432745154728085619637173956499713642273384497076381080531287056205142708708734
1865543593803841404305190887842163326047048762183941789193054045345584381400596362951494297
2021793163937420988132128073748152927094445300722845719012160689146754463446041757205695413
1423497377019072871518377532902700288850744190141567119236176978653334097156756917095037726
1717689152137028745288050545034459898942439578757213929638219385375735294704441382559716644
1861256072644715395021921065612998423940677737294316542475475752924197814494445178737089223
416849542537827095168061615642298433934589588868845003637612154008399175823240974340541636
846400231281293885875726659592240432553528014312854874073592242020844159819064002412424987
1847642072861338657131397463184684624386949892058126027954035663898866011222013968633113131
43803577769154894156578864246438391899080131542029908634071331971887960605467746875020137
248644949265915543339140204879524782341515307466866808693602739520826078871240781135826679
1461073231510965447683075706230735144599284913736935100938663132007825476295416451107564175
790023286049921716385446501955633899591863758552437186593069004434688375988403597311408363
831720092485729678761301193968979472974030088864012710027833539031029240815094168078849422
1849112355043149978826916302679030432532273810320067119920447993908711727183819545091513027
1240089733865940094882859123719474900498979947566486526559288552883594530147608596049091954
283271358786523799812881271164257277938555866152522075841448896538817781678751378897457001
1854593217071864559593973408261295875405646105253640543192227327734889954413367550895224617
430934806973522363009381681403705744448005005529236274419557092356196641109363917511706309
577658594056652565384641978791620472745378167958060055981517816277277884688987451256524474
396978337991358200942629746728351653405978797375093222600426214311786416815431384484054251
1481828303877753759556809628761220875615206570686280485911423284842126506395881790975079167
1309018940049095570948738252945610075921201530079065933131396666186391280630359154415359561
1534116876380285768819845289861802701724796154961892546068591483446870393318075171079624981
1619466812279771013047140496505585408022567632574376177110308528663519420630071836970552362
1868897762652393907006584240176529224361366374753527427915751318062730856734541450887168993
1476619076656910016751745163656883862259039736129047651871446830277694095818402855332336605
23578135506164784403138500864223243376156380889090572089813628708796463439322077666759362
832336289580981202029118360786110385860508060075880551650115312656370305044150050898778036
63985502891158300439275452362602991929369760230142445464844850393754374050169758525201424
1003541565715986262812034616934818972643649822047191013174137447344651728582766539795594045
1183291150165367674832181342559185760045400888224820878513223207554472943792971788669650311
703337467911330473420241800236466634652933113204942138553466795781122594950775413725119871
535757606947568227312424253937831865226460710768662087903339672361124904477953284951271166
682607950117834795963230870115931494158754625785305464394599483637356122447623050883926332
1874743356589374797425351329070154010153265489638145097091208522623090303002139919979655802
222986760999750280272333679577174553302699796628271855088704833900157902562942894300459608
427920438194286551315815962510699701383343712607858162783977863435714529044172144802418497
356675246411057634286901838519792881725145709874974743097962718807261243997610441765401381
1348554824621682092295306167812413068552893832189305861623989109566082081011018248360724929
1546656312767955218649114078537044860700423524928600071926996261012729685024350096198007638
704184991466165254333063009401970714575861658244517107361181719555003179142321877173988053
460321187241183038124088741091352515588641740708240797531248514102663689142865626705085497
874746654840618459961600790609720027226942073318736597885510538548906013903766002882143183
1037012815473902412604000775176854224237429918626571302268558890015230184795409865029791183
1435834044475456063934582399798540682418132554410415806358841384841576295883421727412330078
825449805908509935668600313274662465352227294089386924096178010505386188135243420971502540
408830849277630769270302243857916289332732326870732628475878776527872483428675740742767405
556756994416955079370939654220655050115566345805494546307334887908222591153465335116227130
1794603200794899742424608316871967978578305578518709005154511057661481504026284886680522393
1485055388579070416376699421858291896544944921654058546229682440748859929297196841160369795
193522786537516956781747836995357347241629681347964828191683640605002205051764425163200546
838804978387299369203406324386938601352955133892360637792259002870028690142678148154719912
1073210380721890118466562677879278692757982047339966751569931596027687199695011182882418972
1320531068569294132982969054489726425180981182866199715774683089700871482069229409319639567
730951999622303315509129030587146929182522267693949670712003067600336205872493094364409718
1554560879048150114579080632555790429894089281518748016710267841562608581612450302905301693
1992869579236516418158838508525297900197672429621589733363536680505784786553366832158627920
229205759836213911589580494326107733899148566549117120168623078850089409338842062138109015
1299300659171152882558866604415065416940862864729194042358056337156710979173976254398358490
282896994139072629032276158781229418550042411020051740028613399976216615262554225867908112
229517305558211386082469211612321518980414358503829703763222490925497272380229086842021857
1254349924942689720873216575634659918333916723853798871884883443359474396970085878809507919
1217670488574684712111607534607799875395791410584201068173042955818747349802208975619830318
95371787050629794191578378004924234725851695247826184976036309639919140715986727415039107
1449239706529898501141331775892752395601296320651694966555921328878698142721815980501585736
389363501196325009329900321894447128030237207447625753934608777334696497822686129937507818
1941151331555938931019378507003271908037569701866417498371668566166662347520564688412723294
145402005136152792528810786449442901151962409548507286206237419544604741173018092090627121
1073609594936106651745200363080523214986853031659580054102959250661454081684433954533912980
1758599016235894613355127337838507852485073264579085307388305295282947557322336993666356048
1812400649144422524954294036193478928853413968434147860137370412801790643644713996027347358
2011527926419598974003706044666324431377086698303004168820506421275599141686051916989453952
1576015801638536971032738215379528962328197206424567476525184557967824410470269449494806849
568276184514243003263007080971052778579767666580723481308471692193695284867331932215456242
253336671293277191990516808812453841700921338281260989655976053973319175651003443933019068
1168693493944582059061572816675179529932633640286178188724526402833170758070017518582956636
1483214385080098429126394956152835534516458015885575401125015017691777760947281861193790953
1584275708652952872863923458542230521936545346560170385876097444653579726442085513594349071
542870633129706642181758515669587268891197039217992816627200179857428239985349929335695464
1354074222771068255183210339533619963008365372521554209028743544740177065770200367391519378
1551528450695381433157504223508271740386473655637547635599165297641235791975514014759006597
1904295583400611862544133797194055064829483698677618194283445910202030527044400491913905726
1067572211486356109602356162881567035354219304558764017404766136645185187431681033823592494
1767820472336391965151459375978464322239041286765211563909449166124701418146091489052632996
1504776902269717299123546301356852231814960017113781172500300513969647935663577121356333300
684724218801058881263869434873489584059755259286754856166957436034577141196566948080064209
567661862289132804771336689341994968754228963712164048908166921882636930010279699260275974
856953102738743531545221705975563150796232425527671351583423050115772899127113919446965890
532969325158111616323510599553982546402058562486730694156754787807866624151746436579662523
931091442411622295571391938039449493553498455100767453507902498574496921555006849901284146
1880976365177144483638735069879676299690191461303408293080075866499159656583895547884754564
1438785105575070884060730298180931072249927004555218423269866539956433993018539387814710279
766400310722968551526031297046385792161725217689700302672617360997308326236699878856497791
1821342727216807597397072119814843535126534296374961147063703664336250568029325766979885443
1088540994992543846880961436533418151889458228603479263699614765577834027457427976964589592
13466046657499001686244462720517208276165293481387218469650708958481635583522949116222939
1770315655486374302816477412668777120500797407835624662299314566391297870419804231212226565
563604623899785214610046467157614250384799209240985781719036650302081132152840313410535355
1420046107377190704871149031513948217669073309304850977029937514163684830594014180219496480
39973844667356665232386692803003812248110137192559144582795739238106457459180037463495207
915378619965598173609675443017314294605066411288870662738988992266038778904716207713396270
54628732740894379508523642596496412614611510357486240397465868822148838806584091910659932
1549505571355664616081228740009336778900596109348117616110115646046975173592822063311974364
827446023031048195114668827744039541511369505635574491471084544125684173131982500314519906
1012741655935144275004179815375136655162334013693808162527584046109611445751024386787825051
729617215968908337711088622163214834365390308452111953229401962350859832467501964542307303
1224137451488520221538740635769887733398012108032381244580910918689328784357259153307938111
212059084878733417571112451929337135820887414149189150464212368071318845172891965607669701
80160586122364315758681945742603746250716170205338349600677632863282913130538846686658700
1412181408840052497801777383534257740806159336229822576670097653686749521013069835656679618
1963594886967024837910186724651894673627998676112981887846855936041318946074854714865828040
1754639762350057025445480041706980202313143695884981916177127768167586403673628217600793213
886322368337120056712451568967812840959889218278340759889433598045984566879915126678490819
1715310640347605333642427185721473617513364091098280752141536697336108292294854459417001236
396101920865629833560265658218416315989823132618892458387383163482352278565861376331210824
1963503164704273386442081204465789009840684879254895620934758074918893081007777319893237190
1152792746398166613061714719069847074064753570706482289102075834464452151931452037572074632
361719540204290290625309666073949445954610368993288104539247590192904386340943605378538543
1268832577879416516315735847672714657086885707561222772907760729123404528243569836263330534
