3600
~
90
~
2
~
715411582020550895945744054
174595662198852537664395713
485052270575687574666210975
182675103721992481580414277
1104618168331444600510243792
60209155297835706346642173
654679036361658455099671658
265803921345611491180897949
581370930145944114813630029
1232746588220764801602228948
266714473700100307056752429
590647048183687832029794064
1017415990361228176300655657
265175722680842139528677058
40510229864529894336392947
613271858964937442804246328
674861636451073293221824265
797594127580526107979352355
215805475052605522435281282
267190124392749147049165722
1206099797914177201622822015
720865762530650453762120037
1220667604590408908744362824
371015280304397601302344213
612058067783740610136674
257224203184931806520954755
778323669789583542816346046
832274949795410697091613277
334760087387947483053701446
284312239461610113126241525
263118543349058278538664877
249963672747013312268010412
901172081777469649262912621
1048800029728348553703653469
1203731209927331989798181150
67168925411422772062841789
1128098697258573090084921744
1006923094506223118704015308
822263458392059867041194752
456974597292554305616024764
737728988771583514398999273
725064688322782314918128565
700349327898637993464121955
8322863461754264934492714
165011048640702779597351264
1138145832290591375526118066
734025090576528234276467036
1010477648944563703368578994
783646853940720174768233586
212951348882248258690922552
805441911550928483217535427
349216211625709457781668869
1001311137131373840903042575
1190241711106164936243075932
775610003439772196370969298
665457632394549281180729468
201470996705797871603968526
439597586816624657848678562
594453836577667533719594234
77754662684564565840567102
1040326938867224931514156061
723720428631113431870661692
846457418681152221454216074
430359989852558873817945926
572248870919609560589407020
239452984108578307259603615
374061549228005626641375454
320974038822980143888520236
1129392067966616541713719122
34617911042950783134086957
648144936196737331225079308
519587275831004524360736528
525249564588921183907814639
310041999128837894324881320
164116636770396000760998836
766233345093809982357061652
236503529080933251802920178
1027245828788837172767010516
854652167886327486274220699
790114881775575937037807251
242356620486797226718288374
183136844683200730833389164
1148758664141711828363529434
387419790470783913403637409
546010723825317051568876230
631643212003308156236853926
255831675503829717278751313
708452282845697623169331203
822784363094647661011764845
529061713206533661587294859
