3600
~
500
~
2
~
1874975404828198826296689027628238486991203028046010590778815060580583502068520812028461664882592985626908206074621689464254455721689208541785215206280
1619695216116223083578708301643537568969521038460416493869435610440524840478248278141455847172597145552007498766145185081178176089668502008782178673472
1595545131786929393827212410498574384472128440872204616660871910981061019243617599398284280262157663487625813536550342347323100012833891027308224958459
625721154866342690249798182983976713795345558922715498835145175129936625985045349428221762893202587361067573740065271709340761352805916874991840200578
2345409732443103353280327293779716404624499837416113150020187503517625275880449062052687444120184978184705935711358762075878485844543152967918959126426
270691562301629125645424551320447066311783692298580415322512495878508529384285190222929596840347554388518298553691986918864010288196431954069896046083
2970664353833833864178185666103914407571454994299723319042922243482475147169038393048962989772776210367888902647135944789440638195112874080425372036894
2995816182808961980646623084243633892176977564589132209320302520599448270745504022892182474821574412523676523465590847401040693544339818471973943145048
1015494140620134048390278315476493764821000699191239865560877191094099806947530417576001095588530831408101719562194896359735373274650987316327063388804
466260994738226383534431044312463591093772949885407531253063108814503056752898095868179897079616588053319956810901979550721964257754683949128157170841
924570310976166254031479553948934948375406127217313382642695940790503178752968922922585098406190752861035559687137062344706712880627750817435853434235
1792236301105592136191416979191182464631871824702298620969005350248994915099790149261942395461187587151948321233444348880539271233771070364696469992140
2746661883228428115257929085771098530115996746596378647723163648557682750224640195045317155069841924965796265360592030359008068809150254681814387199303
906427471057066899711219577343738466623596850815880872478099594686595060382225932635819410194290698288054624391830103821017964049862078250819349754853
857563169054487077685368071092579731489054763310620580987944227948541898404170321270314051653611186036782082118460984463961743234794644662535921948055
135799237032124795157943479047919536047794331203582584282975193326195486857155704837795157908259803239991450354465821402131648876524365244640373026162
2740950823094146883200137864084993897010662080558446997535356109684122514361106813599886911956717199448533140097876152063664318121785398236897925408798
899890683423109030316059991464484707525564781138808224368441935956133750591787952944291403668391527373353986221124989853559296263908456046050328180470
1937423361801964174972671414589785468603117512420390828039623262533499358305752040927465400423520877776113385243232135457102041439235013781994075324550
445780310525602201963863173891037527571143525041659346032702469857369960558941391730264809391229317974470332933505568656227561810893029548210836975930
2345200583281049399693343932824530496377192699040057679147886883765556683512606578510323998096635089116736938206266223083481421387659782455635324142193
1155914716988941784929112235172295609502883597477216776072759621273510444349975870044881739915463684280011083263495774449856877497131163519467180618793
376028103748677707067226683716549788827556207973731175693185612937647262590654301841152759335674803269004479949090085149685706808625921833984324203780
1246475885089072030370168019390613030565222078794488687352924176665678873280211159298348216281118404159706252378854805719382734296895367499237054334329
411759786553937185033097217159949928995447160616846876252002651698088368448649502095980293589033408635912447702965471365494635107261475085377212908858
1191748196408351072430786879619669012412642843856662703695555953555024444112736390377136685081599216090387376300802237299000369557490277618505035966630
1446561802254454447809574164516485519780447030547405762053188630992706027178197376331599886622828871044093354998803812514101089681901888609598031432492
1099459457105877679803088637722708932843819463292498964725771979897071146409971013760051850312318615980973742669716782741944042145516735822815383274693
2479538042277637512865959613160286222764140270340899613694477134634454920607117401654628387476384184670812066361420774685427489486655331653337408843822
1266680715873990036760949727309993604147307107588481307721263580624743446153447980712232502299213458793087084029236271320598514731001275648681232132820
1582449571179044656389672969455258092866381677239429056390872723562412847055198573708129945017336352420913480505571765647988739290143216838944599976984
2088757713089973813106279406912580007415210972887785135501218113720477110952809146783674729400121333573871349818435406801016196701569213174443490703344
2690193761656243779365972863670823854251565186699606887690169099500345266893677304084886053776333889086630842075564173815377751974912716685365156326045
2586047902102907661968456180417330057288558099820767607810382903247930050724400165496454878154020168162813108252091890237215999089915309571825501786101
503952431786165259477762932904458911354620932966786075719626557813029511623376539745367625254007948953209172469306099148682078722677722348207521727457
177286916892334187009301841365783718816497423663440239574370057828875193643691224080206408713872263115656517393026289909263530097203340526556068778894
1798602289493874465433521086873500968588978673606607208232790831673183340347139050819896028259006091262656343378557226305466564260996192680498776244537
2661949822548768820503830038309937140633390587137942521258886496120229827287298080902518115891527226582934198598381766624322580707823233274577244762486
2117236662414981479071761494284351308670567723261438390915505576854908882169686655447817189008566712222615538993025315065209764712618442294101950884717
806074646187224846400572595286467733764754731370241414157019325608527624019468286701374240422248771784116528843908392698243496758465884301181408368903
3247956481226038161807460486591267325697655209310827877047889346646263884311082932857842671172916785115341533387895290363595345400589213849582862091337
2233924722987928224404581958811810385514357836222598088329128515829198370095722174366134427862759366063367649940998089015713130569502021873876207381972
2370331419664564801479244100459243000296685729358019908381902456368780808275722753524130647489798118726985383464369124161686587630689821867061209476455
3173535416966906883169012168926650822936818607389655949225812706658920383837348081280927034189773318255213576295526430803707276215602613023227414132098
1267441841727110422551336702881915445067228087137649618171265517063349746721426790090976074969468252690260253871941793175262998414274646291569502312015
2215791052793041632791934354096813947624848822381245384455358267459383402877240688411489359994414988207116040685637686625637848197103651416983320739475
2957666793863067988237762517314306620851795514499049472992003602871299945430947138770005053759803840162381461734310083983761990112742630481936063296622
987132399679663776407165314094520126652620743656079851340290330440482110523421669077798624460910787513182116490451511783926739961681508383679943707112
1947339805108732808298162550825619041887779156822021971856539708379009027720031271480885812492842399367566676278388027300478040730708736032337304348088
1747134571892799632492425957804506310250212481414797122751955646707451939874772783616723807434701779838962272165223056209043857212875635802613727432770
2965727503858674902130604865224359432709213631563085009004310526721965741131911112948020354405160211959792035585754535693205282986386309186587486378949
2200253327773062496465273701401462642185473163689129023446321275853422441154070924349097604057738993119218196987339097375130330358258797831208279586654
3102969164735927746070599977624425226862362518638320383826737724792983777619749494770173036299068056308224950168299827819024958267778942589721414608793
2135601532750830487225584001374685797585906498623884930400749376900346374611415122838660737726354308241889340606788949504268725729333019833859400701922
2264557115554933060467623403196773078737229818488063465029650318928172542293890725003527656957811977851083596599968905594294813490359160120887719624646
537973372766615816964666724285070212264583621200022981879366314138739009339118437084527195112064879873803198633684806149728248011300349195761132216553
980890164970430308385917730836274555193445392954771181911019545887486908790010323617484925047267111372338374771976341512010790255570158234361034808619
100952200677033811569626235447093100668056144544844882863335978267925213020485091149798571065813250802223995805000223360583397203639164356933915483252
2272791000868985737590810391233944296669598326232923065227583988678479433852610128993262907594161882422726752697096513939663915328329914856644545379087
1304176230408528008274991468937407690790896724890925118328696899550629436727900857295115073423655083789656364145179606980123854008286882991314705927740
444682064084937249393779945921659525399186684736083486124613407882473479306149612293243617052138142463904187631708103700054778133522574986918485733703
511144016862041712546931205019690325777120808455863540310560279084812376586855765301539040899052037945109320998473347542629395287209993208799479525773
2947780975643704148852306925888455822096925499073494052208580661336290649226715976474976181864063745895137913982624645990257148892861980685186277094017
1643637574731896541896335439516004979943467355956628282504828632865745498842586002766233012352767900935515060019502300817397732513258796485905592554021
1925133737328469666807342743894524582828606807404315062205316896556554026834172968434122359631089027461698046682433939535244905853998781314368444793460
2821231897097602828039314197521788063953012697723596856255997162681183799470142555528661427544200702895898716277037842684542422685004222454234038123862
2867471689117990251112312633764509905866574883298742595051864872413666631556892274325588378526010569828468334365226889250680432926509906127982819228986
3214087983763109012775840272682651725605940631962820016525472507131949666631649493829708019702201640638526225798376397518365784785606437161277606496946
2755512570313421519416866748612891442404664252470732157295673581929965427344415606464313571326416633382162497702864089956809869805481808435360810081189
2713831556866896905948833696642198937556848890435120710192890487503753205985142195561730102085231518157145331414162432035303508771594641057794380909188
1033600261839523693035532832351431494618205105398560583612107228941443001249496996198995699332375127445730729353683148845593792599340193000481782983830
2106949381624134716128673750292637913000166271462687689155106711911554804432593688312338435420197994157327936945097790430791087576507914882143775707265
565317148270486625030085283104558974133462377971515049233247575570064934974237082170493064996843646372010692809097882237289965466128178752456315109332
1764651115916977214358991580217098945151536364785157135725096587389782697247221216338814885826666744235337387114825120079026846977560448775681706794330
1296706154798045068679845257110008332284357983294618707626603021802683062723954002505433958552116376045634883724348203469540057900598433419114941529840
1285092497850254688098674928145808913538402248795623661486464618902645528215951026181817164352600547622528444887395717813552789446599971029370328818688
1960210331790198387287294885560744391195638323884582472553779833405291463356220722726961830223931831556068804904802518048449356744908843503737926878497
110499424734805739434075720906600895865354728817037569956432928270158446866830927557365606451660608044486779894368608331264886003491600075758086449645
1025116476012026736101451191887027364830750554366475166107707734354182074968465605030775893593778335629586453263180632138420769388895614118244971737190
2633609364988976932818582237182404695090362108430386438648718058759044747369198998427113622439317448583996644798636730945678858481396286241916909001018
3192669969828385227469781079746737625762970338021200893667954791643811784125209975416367952062307703839358826713352993072682218884458455017141058701797
2256304646883719103677052330214561272390269768620805666943461415410128627039169508701902266331911074870373246544331791443854482226440749702724478689379
3103596171112239459799699043792507437264309500029204924852170078271099378197721442056035217387992425098510015398932686200684402702562713457577840015610
192394958796194667099705399669858315847723220457540126573770564597080206095899273132206859449951491337493156580106550410437125549224432574712371114555
1716054096413953078520279091162027426940566402556651507689917914767760652775410921077123994141473908747247347259308697357897790410788788060798101353632
3148857579035167437785450347950703185178564614924561397983272128317498308060745056758077903290222572008900875814100012317003572426958180174844219432321
2689280976190710070408062031227067611225631114816650493622120632163661684544023202046224077425125111624779552674056675605380100175704386433798064649964
3002698165378710632714774210459362669917718728207989981521288286985705014073536510186870583855486795532567391495990659726800285368652517082244501801164
1970688534405288368800960532895588419882953017499067856033137019001008872413482110119456426371439018510950198514175967494615087831994327488979316601586
2738875477632599144395394225328203544867675389576237726553407387879149474764881243795784765039875195724387790700443716486057558703973942627752568043289
2933620656573706824419047284702966853343716754838102953434621669542552299769890866160325185992735150748985711082785587791571249341988144740307831274499
2142728553574997261129360283429098036620705248265096708972456404200226172387664724177447457906433478109013400948419679005982173114630553349719141371678
3161360119332442988208528451185991127059093344808808765382321530650929133069398841275665865177012145907734416862558210788895257050663337297434557817882
2222769877029174740534852956376249326803724017674003832404810781300851262232556976530895430307842392380364487483297836369108190057280460044374411802839
3160548968341995667138937361702461376291129887632653298260273715934144413532576413257017517193211518319541066647056616379440439760249770497817452395691
883242518027710363809575657197800177927985931100037563099958369384959175611501981463268951379016777203325295183594399024337229931119135330209735213953
2037934072238629133069243850277326218738354178165561431633960672300251056936702278483773328057494654406464363429081231496749749618028963779332950616232
3263615573526622148538892242312545019480466452016358569945178218144120359277011756005456999472584935098615743421362954000914954594315695624633331266471
2597977223237255135885378112343278773268983981346680050375545837023801413993672159180065667490855965121694978440651267750636881132482422053340800552619
2214779606671141895249416024979336712363445525357565402357716756799384705179056697684454716393444323655704809988528689557892505498712131930870349284914
2657501466288480463655026473483425167659138659196065413202653255341521894039592384712105662165378301711864368886273669063024385804345685655484289939288
3109061175534221225141183159518243802164623291668377489586554500129467249062479452976094788383424045722501953246655614038189432761132726510899574691673
2369632210154207971432845857469293269413839250701448707706421608510705618939279501283629136021487158764116615667756841105285697793035191387533139829372
1173284202492579551077037765629121836225392168640279044154076386317662928898246428701009365217550888235100812113736065152128967539615774751491271622965
1899288080701298800892365031719262313550580742744977198053722396224902461250557491865777185340472198427105556688110800584352323756526650344418416689788
2572144532734533000766463587436305025010113183642491777887438200977259964431984913253314158446593925900526494373125374859193599104268473463524958527323
1217634503323778371552883980337405291408288724646960463275046913579397257022834762966715330030688155629520433001889133377288313355113810778486159691582
2128378144774295484478274368924146219703956195887546381764994614008795803432587909830826045212515644620799951894223681728735487106514373260181346895025
184750572678338731534854424916100115707240512097230181995526148366994246640374789870218262649798624897880228656374037122429364648222224265568765638552
2424868090458805605827635864048200348865734737525102246899038501481912343521006312263456818884013003112786857254916508134463603635244240344177644005687
1347937417811733255999021199570389966526064380236972098593004953994238833401812644659782542752127244918883182165340702173534514695424538100014769730676
217587338255868395147061133956969080258020305615781244754305345975134604748260922610049950708901631621186258539728331130925215337182759364914817702266
1858306842354199830099428801863194952196456184750747986062636911922372832626061817696461203317443989671461900339012027739358788288253806532388345660662
24216934160041605096755302582188240539149901190917890327446335699864060931633284429426894016194371547669813775351171769984178371131183164716858973811
348190978583657330430859253338940420638141174654640821708189137887026990471546040090205992871380798281590881508149719057361758767742147151920916101919
794355868864967890489327510280084865462572228508481745628029022716827499865366943710347327575426419429434703143039381803045425738169544848823083680331
1226431172821998189713234267093405124100151470563780911590177517583135817274186538197892975813884555759286911343513776201226571265275147107759677813958
705989344971964157409451527545891448194901912661981686677413719910333070821370604722554072795380590839365773524512606789332511219288386653188926584657
524825544598023862728198657916699075777667831172033946692299379348047983510716269330722643550361611513328151117364582705618155042257152703002277302092
981605429484085896194370969041164851114470847890945473177238462766615132189376815270229130633275629087238549954847837607841721944577149351455874539842
800548947242707950129593810787103545248146115930118370580476957267521661895287678293099947378068618201572481676548185812788255592294987701931409111084
1314935959894897927570971510348302961507817341058093641013101143632706689759748135253725433528553729331115026768264004960782864664405396531738134215394
2669418396791522423313724576113714818074709059524458481018969036970066537844570711711145821861090698771299317305034309243181801331348647303975195912270
486211973256890968995002150809546528937228552548000920263267020740337285077832979744412471171207799274757945334584835685329339073788712304173813327591
1583929698203525263168485486907939883656912482677110868950844757147726522965597801678220389507968953746756813520896727024365638159609557864355142366462
1865410212338577641915796317721631920774099186942648344324538371483946277887132620481166333427997054729348915903432158588041567849059891957843925086571
266242337043769364783118113324735436016980684455839415783384168255552840970135862195183172673139874611107218026790057003534166436254357061065864637687
1371579980885953214684599129682574635245770318710464162453021960954738080231181513646671263573426867918036656364480400010025205200313043359794005082183
384544196824942414687298763452899713665092094424054484628930134123412358460387372863245116315520450526539522506165690483119926863586323792782239511202
269456132453220864701785089594276639121429026630474813343362717295875527421699549466545402828288308661028121302275840765640829079303674188764084981282
841525666148683312760114593182992286482216715615016863638015474930728633876687997955004937335980343935351293419818957089980752455478396972849560822101
1979006225632900226099716563741858745383083091148586194134384897755733923584121294253644287246584956970899931122499786759436528855323899542664700927430
673664509734663369520657516365313909620954432974904652349487557207632054429092214789656802353721388952468628123855621986675703072975471710909406238278
2112835587454717807707161516777716295910319512263050890006745532222999654833560727046856967583371458355137458612075863516698026781240185509946720856431
229420420584873530722597507959674383560115715099962240125725066716729166759131367248063628114178775242265889633225349908342918778351214093859377505489
1634685524033907832242606165425028172527882996634256811634438018679477472396858370422691763967706225944680869401282866525674436291954074975447165433902
612806064624058568628320590556708576785372965049957812332827449562823598255344459860241228342803212871560687832160094733044955546553767797683525575813
1339760625704262045729783494827037680798152977145283542712542465815093727654290319615905058113477041527352884316353756481833297696559428133510635361619
164845736532125705031354437447417566933598657933365360712917891751704937517846899877626703588563321721242156841083141488842446880455384652975453690060
2855176426177111670544765424773108880879530768118127536635828693860658216725292871802004738160117310526880151076631604292875181064064771447279455086549
1798187613488478847978373701042049051257935477273515969479289795740561929605749444451552843687676123484138264992168662706226264224274365940029728801848
2734873696193648492170514220535183968197397535435392491176520477055733378750059411600176862485487206699450666687921718429187685411422018760328570722129
841208295895838553309947620367585702432768826087618705304491778769363260157454566921428547787495405497767793959593457867736130716691950394919406419585
1489529803071875598611770022853432797565437260533522501102464586785278277855897090653443456865569283798844261011071058815662165252832941544365467758292
2217882722798128480038772092983775718036014401455517041335920353772470953569342816509073452044531571600107505545042218355149699289306872377787939222438
1883023058566175876358009572454212275169906103639678646670983675478413529891307139767152960736609969078649164479186773728816711954294864637735297385285
2857221315337531403363617164431728938817887043522033058897934817483378280335919754405059838430848276459011734180366029204012569664655903407753649578054
1287963296866993167534999119735279807521323195499023691405066457173643551278001234413317738901658693726736182055310191992296687461950615510144744241732
2512439281434673868279401724135965310921156944429017124438778722793545595705875747273484503570007829321844429243892879022534448840125224310570731871595
1725001101140933302569997810169349293868689554973209562452397628947605628942994865473764460541170673454920413400555543822842806208676311066554672808389
3077381211098944508238564370837991305143117033272818178607995740935192199106155854423381872042748147882392814701689729427760261031681626204822554507397
1823125624112619808714908794846343539454276253418542875775227846881828169416099658859332503779589652373406155141832666911446810349948874610599315533914
2151979601202555986452087426970076536533288037360399039119137722389949458267710515744906110813836005816219172077359470362893192556455295795123148548523
2737991256358111748667859450927531461928881876532919178218965828588296766128824505032923543711326815729664182250365791482662671167971022161017120998063
2001126737643071861260682908341523190584447151507265713473095790182120268832132656962327839979815551296029728459896798303189000457840604030180339605796
776493037985204216753848233258082477967754475832715984533028054090811975512810100368740877524658717024635702024864890270718621388019035569713758864666
1019981387570127406564307057956752527177928554612726393895959404954844177649587083181782919161464554058892948924794146119248920896571786596174779797482
2608125783799827312372121119378130616600508294929383754771706855916623794031535494330025314015622273159684174669926684647777302612093549064892904963425
2531116023251335233142263355795706413470814346339608784762350754122928264570023877160452062824530016446504048505690091563742867736868349533991771107892
3134748268293187922107953692705278579674926414517795093795604396210706369645233868093376802334879171094875255282312778311180692405623372457959078191210
1922061484695512320330290477784487259869911744704027116973540342461594308419812566884415940108610432734811352869503083621506685376205777714661073587666
2359275750786114619200782973800224553970228841588900809546360326880805296123777003929280224595035468548616928075243334269334019443672998594610534650012
413834447591200331137149726246396456317677010494748412114247136168563535038280183963713478001616264176657358415568248940699842428644590289442464265891
1152074209071307103132263809058215403095706036264615066643067111949422778399434380559272520265627495195976200319240294938306719060650558972697119794060
2660258914035963758208659848231504641631736488752015949791194505724668762651981224752117122533740275457304634428089683100963052490034226619787876616483
728260791268401915803565881978277376515470154430362957877817320845043710976802791941439380302726901884974080385573542561155368596824631267832245179839
399197644713292549992068863699783364833218339734005607084893877614274195539628124445025305780966606439371120758473447992708283913194590779358246431921
1279321806793519668332008944412191323066042351225833530922372572588890900328859221539282736554428769985717914447774721226850890594652744987557259901872
2868041424328402055224571976258648286979250177271871836679627578174264831191216873235176160113213688279713857719638725007916884788489885621333767626696
2744776250757629377179565252942945870329880975067279503288201539785515707488110683393817133289570811541676209844074200642212009325097822140974945853798
366183952254547840756547788120270001939985778263891556614888629851827021978760641370492661306572537918102478821876197673959619359379874426490992053341
1087261142293575451404919521807296579931713072528411213870709338037418990444198798776558596647829613640903276239265724148363571946186374891243784730675
299032086083372009789859064913390411733215259580175904206873028601163831267282970986947305135383991987589359949509676748137062398967684233799449057413
1220287802699089752613940063154111484856525726601544515767133438291880142872911495705454157489811055501376811472913504721683481369500634398179931467904
2315719393706573029543263222750728575401433494595902130180533447782378549453289486433129376901229800445811043130129326812921968140152898909760125195820
1672408043183402232637828606822651639120624039100499226978845474429431024476403084610444014726246190448193472692975477511401274174335909786793675077423
2188734981889176523243832932934789431508092363002323442894127083064814812198295993491261624024219973835617975866542253504164287101243978288461423794787
2674693109605182573960245248816986561506610805011306872144518698333221411428567761467684584604999863863266411437000379679111874310872458992464814735163
2174862130662675339827152011510128341896053853783079523103176230407726548493102372285113314390198428631503004441362049391313630056225457706460334184655
1946107322685916218694305440190380274411446287212897323293899540731390324250249313851431486807692690746990770348714646190281026051348721843809983925798
2387145369018723572826316636811019458253994277166590695934213516729259950978582291712330554819568999340775928393119828686923110003439023762268455288817
1296752228985431454159698300753814252274948109755107822200911299229294148040827766958250183646369960537793038690231712767742689840260219250519253764421
936239790342113211331116444583711251292819196396262421786460125362378125092923294688175336342547331847898597668525824374135070928087513406432697229990
3117050248011432072208925140575813733296771075981119649438565436230598767316787196200788620657990673501659883021801163911238123666864935870785724557170
2456570173865874453554232219025943082788318403516869459037804406190660866897317370546225375081120499647828176723362170212651960239229593695812785170858
2797298586484330056943373270537765007766141408815066620084158567228960232338819753133831836994257936976348509540829549148599541466374312150738340682771
1469421691880917146598687699635868578791174631270074737136245593265253479607002260519364774303901301745246752406416961861772401002790612072674604280830
1404979482192490701732524849942992241960058095665978668429657853023578459813675536520566484156315197389878896412374048072273210288020624964021852886106
521299972836142545736261989811039730304878025915571432093095534336887198200085659886353565485609166339914685569743920835038154094779095737938457954307
2660437238813635222239927421374264346530662834314989320305436651155424440756967334220519993824613554418776615573735276824238800874109794116104865016877
1555769833279882217465318803485102256902552235876724270257899160370339638984425537387237589720362537207634138693105998200079151982524880061587674150112
936111134382091928689545790591559112213789844154491159233765491234351397597149986801404012582849323772814704971399115179279261016712189766405094103544
791711532830687763168819940056464641520593408315223037467665714674950580429539702326634426110854668822427985059005086098101879696817934996670150410604
2042926426139486997531577134686726117775556725342276843140142767731085160704325677511338844937570493867166188685179187924451385190130774641806524067241
1960728340757377656147966975046791756382038656100531337437785179569148530031608756750189470449299883817934923482941217012598498030337962950912945768306
2436427965587749368427146388556154960540839927851025864527069033639035323985135454115825024172852590340307283675300289093226738579133340604463011675088
66460890887022938169618089756242568466042071422327491841213664697676072739936575581760667867186232721032019510990878602711132979965234839243047691550
2802613166780199895440793143383853892663930952177241558236518751997741879499146257704123408212297903372882405823033550374940432211898305576400066302352
66585998645663415691219624647195958284607116336621450705725690081793324217466904525140631669877318997681623059623838406283046130086006550911243385415
2572261855792077603596467294716945551966816845726877200577270673608116829832779033713480105104346412269688777548516428805655730905676503701101935089028
2805175278953572896509828061405958621853099787538731076547371252483110885955377724573597595510539171272060565434061825008998783536442855103553312024407
2561217944945722289321594669399016551957791242214281117895331970618751210336565716711811176952262246473566819388671645391419895306950812213913239244974
1770674051726233444594176299835857231011829994351413401393666548057650950884571129877561649102368327592256102159982951230578981981018784040501813735955
404406210857883464870703671848187119113529710573454299451845447473795171817846945099706829342686607261851697193206138417457847249275208460912351103223
3013370972365501171265329911596586516751923710426732805267500978112041742639712123006610846862526185945399794721312245119986970460598124880137864934832
1198583475141466254304456346579508785302092300654449330598980013363407663723744935288238758556806748893984664733978694545245679721066790640567905066974
3062154344314265787995248559573976016494169512448125598943097428143952333942129642735310256810901114746920580429111684533888265064519638851485833367097
1424237314884854108506915630363760916800739836677585357138067410767835225115028401731201113995929911075903915419798226580810357943152147459059974641483
378530145216159441447444273125458033477415810602660722587929215228559333809887416283674208805366186119753910599758191733741702391350302419499793535948
2537102649854045683451756165436999953890451706982917628041374184460193552035517729944303254660089179629824469137502440369252314131299002119628301789036
757642526868558919832570064415727053923539003788543858798831031587605913668476623855441253406247100153307029597896946194437840255336851236377670514546
1080573955839424579407147904352071653250474898158543702736851913362624956789056874839318141415231944623286044421768380917403658278255717191987938118515
369271544257012289072799957881087172458422229700688613786220512181349075926337410401137620153920693552103297906530543027998891866282514531372257505015
379898615386949909427437012455712157619922435447244002057865252967758055047824790632069190924688470737244206994965554047402181684153382820767325811886
1161307007890461062217777718837741870446489237841079842798802732430936435768790720275929849591797203523094468977642816028308852229906572459559583323233
2815029437320807642129800108255437792521394133644397597191390295342165281698615458918902265331393876959372017562955434541361014126866599295674582603844
1101930715260689683265664949923093395493284007433951138833233562369274893072956968312154852555699474280161550402951583249779193058933592126382879332481
1787525033676874020384646552686780298209241682742968474965593176310371610465904879998331484784852121837843615795556440188166548788943515333169210679656
478534156967578609411900824995922483742867766464061323318581083189662556787827158529395835504402660800237695245095864207363227504783915654000531253093
1663897033435136796669254027017156833221323405521704028223866100641996024863738052480054228471975286247959085878750120602236613551657758473156478136881
2501292217371296897860324609629535567578039516186621968614695982972309328707327641064728987901140556651106299252479743503440280018090247240128706512274
32934499333586218856531550797571751029823277018659823449724895028451180530927541241707519854500176533457985149397333081826271849763243014684944943264
2536452286489326865467882452705490372597915353912192231447601726050527614363583775951056440676844801444435371496914171623012095086160343794477978686647
1269429301134976480456507021501809584632128886253091233026749360361326320545741814234261711480416551960906841342831199564234091906541708235558745449061
1568425259027670135481778500553918873315478708742735964643659265231247835346844124173355297807537598038195113172837994374986901377972244630912097192901
209848789483261769096185384753028219559879733513080780408019584790783898861196942013055015931575815479171230987826462170813584558252634976373296140082
526889273223958064975436637293595496728091471354905297634505355810440011410027236452957320046380851353992303755706912630774168891372071440006608448085
342165463046359812138827078635357927739426197472429083031813960985963019643330448667229865852175006401640069046862868306599201365103179249581124660647
3132667707908731895416939534531089042523467235269184393958442854891211294302128672996166725170823412045689580882457222796679594434990670734239063516783
2832541475651992545602244612875917868042256735611876259764399449696640644622359121603672161223926372016889034465453150763950164119384735075237075587682
3131087913306969319987833276584202679160877961113165648976757329624528464516563814180079240569303400392247006857280544118151127618294850943433939890998
1141338292962143367975866348405672491657078665684369862435886885038460413004168506168420042587505831709607335418454685760973054953240508493445616113393
1423063512706703470768082225387803722386698824998130825267567893017763717548411413841184164456159440029039382389200128291845423119805320921179827310965
392880689197580910183128035247224025538589534728974597760483338877851495251081736881835339895906698077048074480418123179854602465195699582956214163954
1376749683199024369245785246375921208565235397601059855771306352656777545524553380645534189296922030324133306950133600822997829069673404827831369801181
816341883963467201048225976817170981734129600420795597066428526041936656162648673672648535119414118862489542413543612868447230452924347088411618413752
2564351508730147562709970232268114884400541600243155323270984659102355807894822238444643017625787628254920887301756829006742343758425701338240627440525
2515654504003968523218535907808920491487418322814821168678246778035743141190739155011535150523465193558490494570243333268511205162528933310640719445007
2268130642095514326133564623742613065351819603719776891256583466692154887817208882082569621660942020417342876396431985893088806418967731743951571550630
652427299464362883753140258096707706393233852730890094594810754465932817402649429343340551078594789254455730416484627527160150792386795170347974078663
2046735178684589000021043433476044822454311270237584321008726345236322692851038068871886031286624666533505350096864619131079586933244713948269193821747
1357837778423358098283262101484643004691333632635734951563062430796196520153114705726359859767005681757997823094527788154591179845741885063820253382338
2385222122662489162060573682313035250798650096926766218675284287744146175167254174184400018487580746044982852210508902278105526461923909732657329202691
1946526625056130548232276906764874490226031085548488148220001363110870556462302802030666366165052280372306575315939348061541199507888347675217607685337
1951823901755554356331878879116848875495944967778505729256818481407599588375972808041661052763778366294272464986558359111883205754806388179134545750399
2020138090551304715593321514299889245576290681797748816540428564273601888155941621545251889021988987952849852493397410110924925218520512078240394610995
553429607609667200619121470823825052774103822120556944275322116703890495636299480147370431195957137187818268190532730450459377903918193319529873990200
2676091001266361658323350688908814655183281720239853007033116469520752372177340946432410192375108148430920258596412619937767845743844426795101339816535
1916170255603032500994492663288591170074843690540095113413595581236802543294132994184000471753686198363027356557091337332379275638994324842471643703569
1838441183796407097381534423925531912831899138634480766410977700104792989958848313982406334435327505179743120979644279427986141292085350265155839310472
372617036885632027762845264779580504955369785325605620684234040825587736884309525297271032054919202615907157793884684058442227513508134716852871693303
619383263217449964010019187774476719213215112612728999467596239548912010499862957885600660011957157350128009119352271217939517466925365020091210027339
41514933661557770780200217046626946669578961147575418928906368212150905066844334696573173846826701146323242337091838651994156395296581086558370425438
754939290808277151538484940125754055903560114744126458637934307761146038034640975542763035517490167168517980055940590171003794178126960761338291103123
2500652371834919384480668482853518188342943437340921294138774212304963571484723500713653480887173656741697046427078174225697153864304243611564436988297
2766394006667808982508148378345672033808084585052177190762893247283014892997527292855653183226924175539675746573019468485911607600663514894502147319067
1948025549868907921148385087695625746533354768450263697052902004444233176622979764050712721537050097734558110223028908163707510426684278177966102695545
2068527989477408339221226754496978462045304827721801679164148207175946661336852350140053947338491602227625696553416381988234273811760373333473678470893
1528345416267339310500400026513062421126269616692186226816273189519774841952130595780603442153888674992712313743010130568709188210566026835279405900805
2948032365511099383831720757841339155146123986359272724313887253948120523653031687205742412694015358645285098880018941063642515917036323185704200909471
517710644171743656391615588413133477768158826961686736260659052291262897278690774378231647042162175182848678053113079850776999464270505367597540253229
1580121736730346232743999404621090705121011752556225060551328113736833754863328588298064643559178137966616141583522706415095259768744762698018531847319
3183854739544644413790591464076289241723192185603482496916118848101272003539089803169515070012808339069268361256939957097761468304459943087858941115076
3059488828797494798790183235883746278217145377624027945130994784884117829280197504540546620203131962257922767334274123765710327293640706999955393182758
1525270926584279387710750822971180693807192488959077766043905363958788673971505198069876676610121373854464659439784808230591763591914566797504460695997
1702959198892814301023007179523927842893094874692237021986408869963409449802284605009495867870989979322453700261283158349601969141477502344701622126061
2029597721114880207523359005446518327016664721400212075489920299546086802720611384361740490535025813930719814844732488151860865386368576537530852952522
2311067343683339425125800269454862139123306784256423463496620366057815949882489671623843022643910252661818806653105997128170563503163905208269123050624
192716810050098450669055384041890160010103620909229076887507524419656882581947399973509487215292983369638005565638338738404125322603067523623961220951
79267985300968864980307825930275473585832560342904871198272494861547251875748931603982249009292060854462438730544445287507085983062504764630688107884
2091442862973166468223687603491846337963198206699245941371224060609578849655571127364267381934535124221287951247732173659061965074626359515453753042980
810895883492421638253831087299086254397204588841743147506268066598949010211253856702895146281487138829875164885729078936756083073976726024735705715875
2370536299410123163356994742678514413151768124351677390053785147652480817150440567720099075867240526497801026237856452788346873771462473390905712407076
3218402910994894957533183772717123948796402409550636961842921967387952237482011588027295627956458426409456569295833352183534224501569002940012821128294
674938740953555161198442544234431580796654222404730668849203434695001755403581008166417744199665654764682388048539924171296059800839038323318967945630
978670140905792136852112925735699877316047176908616389219252611834236421956863148495352124297461669062101451824315931321450289827974473178858283205247
833148281562517836197524219877348625617507133318391415547069955046904135510054353516218957332649966956459070054133157894652292861019674797848539494807
1147735752567238453400983252253130021865900001286735081670307276292190606936644744465554763481813087079487375805788714429734797182906429336308132137757
910896136684751817719310305406662412181135759576557911587788072365300238273406282675095394607981413911927002674944310313805868676580011176325879557451
661199707201718605729918930441430719708990313888292567422438251034356032428983193440436125772438409566592588712594624068562592963222638108887490295696
2114274756982823093586680986808482752515527030880167366503903158610949261358220969816626539792699829972016340188150252456645791844375071704810579913332
636250886370532224984068235644091192200287615409309538168015692472667497861700253535410876217629109446927954702574371405040780483137946053446195848956
2377041169898400201634585868628175173236518093199354125622541258047655950380860434240552325616168195095244711938151481341575293168172864163066599332088
1845116056486713412760962181987333191107371656499601826322037961596203430052498645816591573363073863291845093137852512223994673017106494136611655018024
464284077752308925163265531704138457625198677176040834337293715123797481022891855048551152625348460443153613104930021023628789498447732641167557803591
571653009000690541405860015050137262865422764484835082387365229493226737400742549946795488854015870174404200188447703203969166368979011776167639575090
969420921551542526874972880386112262702838121861063072063007542117691783076736857538087073297656502702215453925460626032529675044680790951286314335516
3113602032060583701151655949964617433090163051410525344874336368694966432879978322475086277586989105448102942455488635700572811118059653112480715815523
336185562643253547373060860794313203556360116895876709613371523584469097549430957782235658773346176115927087955107542375419290717730299710826250797164
874852559814088729751427194489538012341246723991303205113579250915650643160699511225693299171055368687637563197147720439580096076146949104849962055069
1458213736088920651646372286536883005826253267330970768387827982879856198229503076437262370923797617224187855030829407482227097222863655768426402970593
1069910735513036799518772098734447895568186528384319079050660131592579878293977535992368864583370433472690723740697253305085234411705577549961590592431
296523435605549579624561676136142560217635067235313979250409243032949848727911884823584676088677990053486392900271621225835310770599062090279347874158
365080887362178589974517970754446875551484819401744141179396209343094629890192663999368952996324610646546676014001669996791854272621450007205768001930
49304911822233172349250240353850402863177592778368023256272373316092800591468810374488528870223627906535743368968601265301823923979233026619158510213
2005631980668801196703174387333986118401291650549124147664007019545979189906788143355459775250991862162012555432847949834122539716559546037827589159686
1801451326822177459273556164813046696377107348920071416296839835025675538877684474620901623059961610716227010315534436002671820910516916810240946999713
1623736858816946272490310005029843698915330866765008468006945820603390736060753486426372973950035205954711757408928627359781364897040188508676029129820
1172104460249856154873596485742911575838022872669283119485822727207121666131033790369737439254233543983046367919839674075327288082850495844697973663751
126566132365654514183489858618731540868130381179870062524741315695691423539464957187942368970005109450483291177244373657766362631993583347459885228111
2688161077436697236782724254651797114405111276472118721646759354075917188371466317400891985213095961133325403991596226971026691911950400976432996231611
262742616718328097927203649120496596491529958183663387233928876016952200120835646922584405664124602762746752389727525392198040655110586361954822490955
1821406618035155840115449092449372559441020567336958438900213655440973959370091083984823031449389283097184359929425734911727155312178560376873946006403
1197870317329883141849482133802916336748534591222945609458643183155085021730000296567964608341560833538670785604554063309810802547802958080502080210715
1982788494457931957552759640191945630367473219307280797936982732219351528612383917020442243012947651462993970708453440190185965180589663216080522379660
2998001829456053583765379661890717097277333006978930219990410293536541433054535312579556305871605780164583162562059047971112999852639407403952887882634
1607849353477116409341094584759141137389329047746055455516337979664183815667288125227859788493492481003298149506447019294565821430000644317245515194980
1621604555913006018569655909663493692085122698001344122812517705669256497582791941491563878783583145492769065613697995313362316749359213330780754462356
2702175894499943155830099108970545117461860727750397232757614596780250415456660074067343326071250336212997497480556611714819302222863693681952465100164
2188612539238024308307391997735391655747277104039662075955870841415025135700014393359113385240543096391285274785353490138632045187316263287202119417431
1618426673011527693132795808845336654252503662317385659705945442085923714587326148098119519622104685016358208400828924661945548921560321328108507560090
1630529826219892924826267892718436606704721529057432765620322001692364494417534406087206953905608273837392414027172370715321304498288604474820647668126
1237604185645833588531435260606924554146350341475576529165017344215698150358597928412988960598389459965426610822566754328186244071479622758076412477079
2688433081182293257319265000592745604647354229339253232354768558045491223352135097051566315179678871250190735882064365922713416497025702779360530047741
2551228534032543528898502711564282200405774933169755527619829557023424587638647622399311485950606215739228080986453580974826183989804177516807872041979
91721986950953343084277692045056546103978402450789266839734438569008664098223515341578392129078231668740126849348984208203977591470404500604200909318
3144891978445319928448525336691329455905606509807142216477050947568628105378583544424038638473698841220228567757894281280017663698359797348249277293198
128408965490515685736979139706659945562591902107822735177424823347144502020835063959894829396040813004634224141941028758290203532967902278559085988341
2585699891016656868820712958237234562429567631420015042757879831853120538543923474916162222785588000546027388450536051654356316539251826768560308448143
366579279320331661540742247514478365168458025357775452599200250257439507464885452087475130421723274860931922867534368526698717026656529267134835987744
166642747115947696578097805439787648504315510107159473859360980671891017521061780428668179316959928580198764908360785955908815977408859964086809194535
1405649049180720868051259221524050396722909826595430559240626546637303610504078625039204169637082222339093882017012992930283163717633801975500060073488
1150616493926823269956179340549505492794224677363766434144952852105930565714805709468428467105767152407853935199333969371421458646673219707257034396724
3088459287558596738707229201251598172733256403153134062817577520122468856520233131963577259631570304734188650582256418473360411053695559363004403862114
1232943003267385420560333989363031706420685754400343480800749475059450887981442250005788796706276583785831989573703027325519436952253565104238310128825
3233430440122927272188808572556968761578824141919355230182716457902295145927129445802151969625135298710109619885729122857817552666649465154736777496702
350601749179736537371588748545330012079196643835174281157394173088400965146105336351415359682811304913738956025953545087168012918642348047000024294717
609847878481476973351081515724816599202039248157085249420386585071929571639398005989116213217453096513108583250371376840533259722358663372544752038007
2512600810652735261685152993574037635525042667332863525714231649410429894465466655716757169980542830559763379753652216229896244393515449816986413300044
2153565084232146232853786617387019689082273960730869146300597948114546266050132710027656018160048232706743249843145041060634329683272487872919203207806
2579704888969792308982436315894415081809258361381204530509361277016404169931363535600514481712065873824301913209562165030866069337746026660112100246610
2503585344600101180631671552459905723052993039261803215251418443289132273462822950544720858139086199981065486288096645140848025253929932817048097491473
3127695145920096732009584655167492214135329942253164202053654822351828915363906164012254627181663128955729919778939313393141267150192316708092208356749
1226068997697573502544181767355537182031321870084273122354973472642743290937339040999220630533024298294002667191330859818940820841265276730921649541470
3037603511375152167695974198685775006600911487525998571037727240481677541939993109659176468110453130540549235446107320765670746775372356894193464301951
2547150353738851412768060895364516803682738421037639318992863687967265615113567405154884144498330793163784803884380310402225889976923880922299228256706
3218334923289343482093619750627018092720307050054698975219537156791599344233975462716977613362780720853481425387644194459886549216960753382394523325003
1695829097919718122327414900511655135275934589975552002922014803774499263795987691843699156311967389115170078858467049556701694015115413091348945211740
1312269004040240225198137522449793917562619863814972703856990711715738855503769511456653123604282449008932548369248668681845351952092032185274637497778
1500286231292379196194555170582073222166939537241419106697671679595151071027919844399951161650804451007292695176193464869502419892940652072180805613597
3062050029852069397479110736221635238880487201960679414448627482520694037676034718301330889150971189527434772668071728317168824034466671749321584061341
1851658262147950425249415093298646072486293261742015497284109195290293624998464543261316765016680094942163176913802246752012332235706761929493772450127
53676046308137476938980315627560606113873113403419554261200403213457520791496230449449534233928713466042238800519120687167965950493356216773333073062
308243323888239323358525753003631107211118684179320999685701103242515954821181099558878864606564183129252002691938456911194681161747287913636306725178
382180568625928081557213021516863062213235800515124157202893276205947755616260084562775598988982335689377682732865227914891829945916845688906746133146
3002181759345208834337613020637819004343567407190235518123127066173418413554214455040601899861356194889861758949845900570436345360383947424978489057409
1650451779853681843686373656631094856041056921886324735195572819327983042810175162604876345575718936059922868358424694265489731102443811110812522924012
432073439254007172659404350164719838205990329612935101203156122891315606506290833695899079191574824206194245485798188823933799539831768840936906964229
194604853898415879524646148454119843764463093749586694404748794838147661734712676239428552545750257836186139650272244793563376148914261196777651894929
1273560448751841243014221642944274173416838341997284133031971353114567401744507878629368468797212175347463625825528223402151040025820202978827852284158
924657346580548329655164460707678156070545679335493801629773684039975198051325031206040216456540251349004207854811706717139669927866830743190524246527
2314608771475570846955033069574823564147118512465909210869389232461287329453474259715357222292778631189762824903692895758484637975180259671984851486772
796775333637034367207931633629956504304540261661055183472359115160083958392627143492669703580562829526155851408439840587300869058015895147279052349117
2506893867453452481811918851888603091864567730170929917245026376844888172072273360587112326355928013896721078420095451993941141630458600874832555897463
2582265487634476589667607967496990686650469796790440790827614348530868128620890721760225539327596155104648424432247009223726272616658637353234020023434
2312229682175317329094777230189000999861886572543503068445763180509256821924635863972924937030983858011600864087064530580720634281671081499124721128059
1861062982351475972698698391025204723619338597160434517233559602716639033554563714869492832002487557212288919049531474017207999751912851097390549317618
149606846155208648491178794534083450978236165279031267791944328007375167334331240673739695671379566694433334472799427861884127772286931152931537136087
934316589262503634331700662686809885511155243546287432722347286169727891418742737694086070970135183539901830431807302178908328932435523774318181795455
2919574526448690674833583816017152383692055150552131722085228730758213771253614962504356012811055319078021504777828235554541819443321050338300137635691
191435677017897634134777797326734089060376697708073490417189569798993785958301530710217442910993990441325423379436298282780838938802708132952242554271
1887361240102934054425381453025155801354912626425996220623327018635168842606302424582610076141049495935291104627249057263610022073087212237842668788122
2202122530586276214377142603784001200961980816415957505853696784642400909194203479421762399273517573496624814839070435640684035936014384849927511714839
3126127882096404633135117205135728669927772035079691757713649587083759046324334918822940049322592339984693433610113717066766322381988214825675445379365
1122050369677467172392012706030617938703290959700256207859422523899764304364246222695269607599021782374054186936037115110896313452933843123676558267079
1590478395254245521511800978197630693913674497999459383661359450691431599918457206840597255345766385808525689130802957420111865378412511714398572983315
1411102888757750285098743875188445150166450709758091973740583997077782316574781833014141889648472937150735003144956545120435321942398058713386127645579
169538020755429608302425911795284965191598774070542384594046441799161727192070689917484377286610332460053350048672806501024031252111296856827142037016
2697695474648311931338635011793994005610425494530074425913572584971284165409999904748392047579686151380295842463914124539523347610500922259281088538404
2200281348704115478649032871267376822033518676854161059393348264291634525848948617460925020513405294242465351940025548648562689134911692277691963180223
1420390770803019133364329015720835154121832054258826766890099719907492156299342002144979997922021788516982092265807604690765311948500528563617517546509
572836742491893097446719464474499748401890058936430905063979196472430933718088083847524200057316580429318743016753357497198734012387708319325504781346
9906054123800456819804575993966724002185745425030954640068003465702483498707398212972115955780981133451398803848310354174794015219316936536639873479
1932301289811866252182893819149539331992065666154826895176431195473701783414174417274481739140661854966269294131161273825057927837459980313482095055468
1231743581444866258910051855432975739650459535823123565071541883786022464808907178892469898492316536470058969685253718895374842422392779435968489006363
2091102344977922290089063673312657104854854513970591574408737414375146582545107555053639603522761280441964746056823315635630256690242241755260627983974
2902480657866589805213791432280532412473898581111536455505858991980318698329780844850058930894119493374467235766248791384163551870521467310383374708713
1951430775553997003777291424996045305304225418257046960460585825468840895236126726208978339706935817279049874546078685150681134073461871504324936105073
2942250455447760121086683593627076301100006146684611747042537376700234351040802443552433259491967035956298102277298332386337153441551695654201541492242
1915727632425585002468444728876198395069488273217584653710404077933499701357246328142127846609990134015277539580629224188814939875339808902079715734237
775466539778407691691525863226771880656700471308956107043990192995965774475275234895003348888051903155097565886062607527231658982203101995915511255782
1164092612407281603629575796577917064154672290410192992550299224264225145579641643436685328860214774123739517128810276310485932718361195430581101336449
1162304836080544658847585671062864388571657188203026566406695750028500978906226540240007648931774845586310817833682276756516837545379472057658644599269
2722453387240138365722725493084627508478343277109444006202537278695693417785202661856067719777089660349633627467786871811312212367882931508415054226279
1498271459909865392692953969177639255591017462258677476084948683634146474843822112651728372519008570088327282391690435725109354533706073440496663144305
1504448629633385701958074746425531586974653609331408362811918457659314536631475287642210945228254572461543882218607570423975005780025258034549445470736
1702379315932244536369113901573673560211325678637375277567364610834870676464847814377892857323881224242105194868771487969886772396170383864356612612700
1623232741701687067239501781135552625279098296999136747276681034667514918989349145118707737004875289964283657009338301240782923675841584249154200590241
371697421735037956446223567200829341457150216785244396698136089391319248296460631803882822354012392338335678697257566239156016417200981535032768302695
1570673445506272607001362348377494517644681000597179902548639364719462408079337909750215876592785557747868289659541774904997865074504681906463626087930
1603049497050389447530007870043554344445751546336203451466486164809729059277069267762065682269478277755769446718869701890990548432314172521447221390902
2184368299860195448803966613937476873259514217477259300424866298157035285969053387409663284766316475829401388139241463216916078724425841895314279455002
1654433701035283935440620589468775796501417007870821558442363183370379741640976175321781721552368937269343824233564634153324537187976505386681397359647
1656564504006326584714897735328045533351715480941313653622755838671363913943794953255526869910195828099362515477633284140584591639741687768740512049923
2729845218352296254142539804537158281522672531200411556432645028430253296705006251477198088656642447885293021450469700785603346531555873952499294942412
2907144944962102691292184694238263231772667363646567159573571012808145081196476916084646889582673840785540400474068207035890286429408912298096788791807
1391862185465636934108889306163484227863103572610329381181325570951325275705928917523442838256606329009073912978632192405471366343202266515855917263420
1078017505105331609670445465130948334492883471910798454496908718872178796358431995409801960708581094665430327627573062846135231087890141149157129041721
894785694718844183854309057471852513674289441718506787551531956026645731594868145412136984541278352310026995741769585276662562191206391508044010344008
2564826499410824821775226254896759668728098267346977799803381477733924802347024804213868632367375424992193995870266704337531863128169994428942273680676
2172651773065712299827034262010274097545454976816615640916683389225079692157478126259376092761708209466131871912107328495630694197775760213214999160700
1247407794398139063539677288142441407663105549320412797790239953680061164356568378517502472389585650066832504807004543067590169368883951307634607643643
1768542744849151594901180900887352663138452898928343224164118567305443438800449631563255666341488950923500072508636071029239077326476586614813686183387
1650810252627990904700571961143418923392764769640684947618245124088310321410271221783362213133934861960050237880649107185689580492863269898878193164638
938986942429835045962873389617403372691770424950734531998270584024515210634329980428855131334357532045263292629448534180893101135204997335765334812937
2684692871014983994615328759656592873799579132626823555743091604705760953291409734874969168561499512864579837459828404182899146938925959682399366049869
82388580702099380243757306923154125666791590306139324057085539557062894558371405987643735662830428378531761381369737228671353091810011742231128201840
2126753702946691167846794177879187944816172302347110577529724326200651979867323942786786522207584958839664812632606929487804536557243580056864848089120
967711801136634530909193679858787683953431177177585047609367050370070963659683158731407783513057771972254282256872604336999000861265811894219766646664
2657344448385739167084254657583512741447669695814069077018257378205570512686462367604141478694126558923593118988099748408915354069109455540791604562556
2320238123804589631642617837610406587638242702164001152425017125821455135137734421163820865119919899217345826235062410400154459546400925751625485357724
2020452576263667827101188434395771507945963203358026488013132970105697528094237157775576047644010748565508782387344334263510620455000168210750512457653
3205958332788087410463991334602874527291290758008126770380435349619078306083322153254119970773599992719496684474452228393002857974546259249385146536492
1130404554080197514185309768532558488525376966839117765941021987080944099074136640531245033156822694839207826725164714191247126489835955325878790844990
1936815100104643236837095903761971448536326525861540533346866290621676596333813540331170824261454473229730428311189730897247154744634982924321415855552
2952775856886886930597330493550339302545939249627519657377432610778523382801430791015862900196442025890915013942651252184325138218482272389938964217692
1337964291690009565242661587705773365293054267018668268801289860439161342359539138950946561850908817381202847403189117882654653460259665892547889409375
626983793883419848119505466070983962065718262803220235366793068321808055268435359313211361945959174145531655679784459856486688844200126638861418225080
2178985527023504517707767235638742185302883747205064969197646455749562723761429939057463462726967162889236340987014099512637821794626752626970637443180
2196236616928609347541406541456611289716755602277003691373872707025018026929272888501301699889768878968206694577860064731542948958028882327685709125962
1562544192780404163065997084429534185054775813817360018894073431640477598386489657687971579985620045238445348971832577548195600735495270998927546669615
2681052506787018184196229201380635882459405553827365394089084017563949494879441080619843186695765158017936182123876056051504266798579646911481419280530
2212201031040671196929648319150232499158697885837785503623842302439309230256165877718051407292423436761268235809721474984844377872927132336957395902771
306430371758138453977301705645240698087465393842047207924765297508081754634871581255491913483262053983185870064065405853815994519877435793163592295650
2537593834351580884016263109199025431131828328649747864594909258388037859904631410849083564335917668106110748932312729312777869130964426636044156381102
1699970375774809423825339739175147508081904295894077594294121251617812793283114687495413152797478729877684954253864028943002188492297244198785035758854
2021246972143997977091203316323160673480041979501527391767436861508581435690698126128719352956487757366259819350490604779203313207310972775415930120126
3230764326628522270495088902930069914513272934275121865679951124344644672603054804887282102645590138525492464477005322290277735294604326177923424077502
2043180136612944270768289402893906547414528484621318309782273547636864502627763905789085161359540307879445296632272931611529775450282638987517356791064
2633504502070446151379014963359549112271539809779281610428385239423695315019743115610554166358424307410515771464172378263263306842390495267764203372412
1368692147333685479473376079466071666221018065409814641497241169407868357075247508865684656055557191796658149824082925856729161329666212366853329896324
2696408892687094684831692825187440894425770117546641250175651613302513305682180185792472471253542765902675334315539739091632737934449226163533782193673
3270895954057328618024842300910830420914933543945301754383231187750755045548695151322742666251043495394641346123004764726290664773308139654140052083693
613076142149358302244823352772362735668727103246400222847516351429552067504417417331875843249517668415629344141762773884706571477882241407898512496693
2534011348483624681907224072562438548847008893132613256629323107086275718439191003539611282055761323258317750642318235767255646210555373877223166367399
134647668178967783653030246424426269239108122350289172894172011387858007334383320974714388662757222796228262326630374404371835042692690805345323835733
3146820226489137964310643132581828084559810113784335194410748869295077142596058914351850688337652343614375215904448535442882652997171435087693061975620
1346449530431592617398948532888153470521970098510513422565894586435710049321349758235401219728574123238443693777163439064421066299823731854036261353807
1197619370750239658942081739377698908394340959425354880299944580952603886604239503588716185450532067079721483931824484784812653661547469952944228071003
2435397710323094825635892413703954539197062048288196529907910336296438005191844064049952407118572892187859337531415519707382481255369382762584565223428
3229597458298768815487055792711318429993839800319210020294154607091903391342217764332853215498043039275030758033925017063711816949809454286198185001252
917565108010436858813418850108140702697833091894590289029699091742570484521372085392846393713819180114204007727324048788167149890393501139758326000430
1101947358926178782112739186859085470139326478830526808966892953779572076466968759195110524991642157967716374253094265818734762792533486376099261079070
2943667905373008386588434502331548564538125420376716191624519412417522285776889615715888944971980611511726261791580190009672896296634908897522105506350
2307140636409754216706582513680639863222390008290982578761809889203629758124178009994768993104341749604610185958813421127685908256017223930387298010446
3056534172074601996591794015018691231394777268537089908273873717791269168437191743998629444487253860862758620326169253613252516751313914962325325196215
1916040022103368298957411273804650715942588871831219885054638373517587764047366443019369583234494828516548319599898225364141535803963633680487604453279
890775998053512341398561243527818115094155292708154406712688666327704693327057155994940613506244118854307301094822271209317511463337920780775864973559
2213527822012936591014521482544538608585459822170257366599037331560807930362324431895349261620712882515954549318006923366570942105395709653579741411330
358051200956461215276733398053410986602725815452293110178503599361499717185877561914121998872392401115916652175557787493621517843948878065114929245198
1135191164872527266291723210093828476490360105424157581465134715565069521363170334400682109752797784831068523832045188802341085447826369204823699122750
2859328148978327643849207328946440982927864389200120695008615653095014259302109653572649348229279745427167499721365374024226154012750229535057876200047
2327093140029431347037149598459826677269958847409118614187983892144828107474378521087395219059571936288049608554827923412345631443367066958069479278988
1759703476121780261690054228152226960765340084841948173185022979978673557402094551002860167467643076559918640674603675296911786681844247329875204352777
739095995983739423863909333331610233500756243007593708964892955908216811513300752702949933019316952378820671602004475113809567684091335345727508798892
905887213043934896442061097088313919005261529234906028264840823164639042396904483573182411130674788968246567327074828554347679026205829151814850156576
2442868080634666358763243362353535956034058279880036495242784138720161788434088837829739731289007587349794637701500757467696029543927681850452670149913
1430778932582777790744946890299611355317738409671778959336604543486545081567271006814377079242977183423573502156567298459862326017816383682246839043360
365814121725937386375751509218496854000745790360640054230295486317414663867147256922901702571137738594865001348180129411035217635657797137467476249008
1628480417836763344780068745044169751132516352398108593474820431075358052198159048744810982689057766441391132770981475041323169372394791438397923640477
1419486869611255410867234595110259987834064367890515421821101195540359648447079939214340332843174885776632660650004871470604141959961318482308871214756
832389055198075279482576955863401712138074800500010367771242051300151869516756145530369346816556852462309335758330816719381660188395356306678776208968
2083077704894697869879074451679196414618499794503755458609302685701959449400738356983070574744825485244385142824476063179699942912045703619823631957568
1555779366453084128590158319040098092844500216894264105482149798477154781379455292381899134831625863136903087384777489163367952057273140480194971396909
2856649008667730699788608371787917505794482617074969289821269093863515760340206646343196705966067139245828269705625994102936382265212749428022021992036
2540257547400222272869517192243270767576135880291489385936407258725180234363340340585186883311830685549759659405340007967520421952703858013570100927405
998442126405968422953673568115023598882617012338890473792096244307681782478544223398063078560614421240728487597266455703984135940652375854209426264878
2899963840068489652537636175907915951667649484326291459453812230598730683360730728325019636452084886802037901624826013116666783228645386951523908779541
2208205976255029781287663392270418609134385817406743064142064561036924199152576975409572458576072418317467620608764557729581952441201483320139039690596
1380333576260051717796235646134718674387740530042738015820571767450038176419330121033088470515478911548712296341996577203657119702771625088659880887403
2037811432428506909664854757985668605502619568097420277905577650053394086500857062253194251587388862069365485752855146817323044140552700341884373510287
522724400977925912392353924000076765185201629624807157180239213666499100744155837993110441473968067488158102862844399364863207308212989137859938618586
2187797818851334871438084674005581365644943392071894649045327274275474569443166013630520760292947012290076661219051510054642286707661633824621612222674
1294349394915872895674687163113533711086515836319452165970427436553563988093238464568641926598732520581891962449834191455710039809964865145269993457347
473488320469318956753522084523625845707978947414409180628580191845490232869614662500944423231182844241944729122264928044275774526277913059921204436061
81418834181046168647909268781615161180124176431753309858894440121860378595077556238157218563869491595852619997413015372312232520218194915876687356080
2749173774791729027457997857108171129227404715614052866222410896699985519403777686728585214285413067654543800314194873199058729517246850373142027831671
1615285174383458594644035279483347336525785801540438583343128684299228644055959484206632896850765233739653090406382588189091987032497562207173260159635
2242390227277152350080182073549086548849075900771577854315146024547168803336805546297386083010692413385600337551772993285756318426540686072552801384555
3023628908996410859084380877691225675321879994775017535638889181797669217974270844504196914250855406496873899177474622795232534892278659954763075189473
2634340445159969494456142362889745597219768358079113461201748119911313706665178137151203463604369119207177531946578219223927129880328591394416364083349
136460381475077621084343202277454877143921072325219324787656543678162454943566891836458364199251519317827171534793604474908903427884782606968325396358
2037810776742314420379545184753798614314300729259470569269101865607988059220505831135365154946064836334248716435620015965688748090070930111208726049676
887405947048036041071265784880304938178761984108385853211829955174926340910309103402731909104717518211686979558068455756423656906199627666736581262160
583636372809789539067293729522664682167922030277306789537622303914065109621887942207272621752063553940018380572532807212740423197205201458033485696216
413398159695036731712635777844123387636961438663675740005347997656017271405608750522792870827912448365230590697186940104614334040561691275556940737002
816717588912854644867101096977339673730395419557523895966334222978269609581374326228117376565095406325640565110815261069256181907051494289739405131593
1740281173530641016730923193416310315909066246548918926983725424454640829622542832966396747894166956962678632846018502116421318030933482081865145173732
1284428376165030946482332599152190695054548082917040845367539646439275419784416894466985001638901397975084567655765836316812528985010779463600683797107
1017996187136240487888678451103947501472542849749941301434595190854720618983696639384429984388784390663328717704906270958203010003701935317452480192269
871254088698456790458100291448252869998658767273126026475077629004975932126615212007477985387423251832148352866014895552730699885422747895619076537588
1627930363715475809546347910577328337762139547393861984889280258732539984969278366062122530416186836804723524726712613858345628707194674334688506496056
2884562406889602898607486751361791247017490751041908148540535085231269757876766956590866350022254989936137241309516931431379075383848329835186291793397
187008455495818759812589768449991915788952831202281997290096544243306868688916587490044164675945543874263021525078808195231171027950482439847523300353
2346628625008823974097385094712323534448139063340580227219376528232261712649289708677321692290240443396388658084278466295833433665977515361638614184754
2102771704081328744302200835442786986851353885360192746005346120210603909765836786164784303043407726504129383713130159956955900003841295140750190318154
881594568562248416559960438178302989402880361866944980712602459969820938941222509348378797321045476288557229881815245179405339088299217369327617626024
926674430892606121184218394383262291998056154974323212456999363274336490174853687832218326028619653063167143122219051282261475355460341886637933634736
1416196272628412868938007529279249224910326707485570556671721116003398290979573709640619857433090230999585290624815926935090991458234454482918469686346
2336749838762349085529120063542286205253721669444960748457903325111208300261078024951357070880426805516236311685245247162618068032104418139941491349568
