3600
~
100
~
2
~
911300585161041086778098530605
679929407791315501181205637941
896117067001656004166364006949
70269242481158309419205043393
1088647157268374115465632968652
637484856191552601698952652089
677978094278367810030670849038
1105272394721157166572821600927
1045112677781517947588481833360
272443221342155147937084783858
276388828362868538264976209494
1136951523972006345546175532037
595985319876641492502197486467
785304208315430790906778653730
630669700738158685080846020531
1004916546502466701823352677131
750126810427323397571553719054
1264580720844836942971021014875
1196233122634735880205805547703
1118666290026283206660187170067
320682292519814962943334271350
277306814573156187133487039631
726319535860907145385656543798
759153855804857886019675657660
710367022367682092767340904638
119146767325656640335185490958
946723292684931881447130110024
323006232781693925969794229773
1117786432803373277692361142886
920972107540566291438625232228
1196520522206586863686634683507
407502317978845241226987831801
718924200211857226403378201143
983445373507487954286888870152
581122510364985024521758038381
767705438267523841016226359782
483581802408093233362884691681
858616506093361020687061242545
1069888443779349879379783576278
266980267586667384868641251267
1141477241335113189748287890978
592642782266465310641241110671
521835679303132714893642121089
598554523787469730541195865040
74095966325885977331587791194
803953549739466864667318832983
817260066008685108183622469169
190190706518633658357039113876
347659365754263880081042483054
1001078980537524524227083801732
1155067403898345624763752873791
949616689595743419328414088864
428140474774223732926493009444
652292044324135050723387431934
367242106850209997954910597597
328821014586548317087103410496
962958412703190470778819550670
615116883386429468299515959816
676385819142149730302314589294
1024281489958915901086596206160
1017514564026402012325056253753
104059949231069402526664194451
494706393015949637734394035532
945295661533187055715059092949
569109581635536090341888707284
876413535643687403722728698658
533130305163809576808990474684
1057257617965746145594806007643
554691706921444868115259799605
298603259563970678796793122972
919100266726857833803705909815
942821041972158848003940699649
1086502041624662824387090692506
104278454507930632913687987594
774977024628440160114597234913
13308741651278258170930303566
967351600359753635751423437264
9115065582753311715246811203
211974626778123415075065883172
79495089811145975933416136606
564064389528758882456077391748
999062065821210038641920604706
674292124235330655636283152091
540608856635464653364676358980
298973192934546997817201145676
995152349656364187213009727305
842872402043493903717649045867
708612483842704665755154464285
516952854651973278536419282666
190649790468953538936606791814
612396035593166712503646509641
445320696419828452462207908178
1182842962371728078157713300233
1031640274053981977600088967094
508361778582153368370350004017
980840409000466794729321818747
689573187641793412077502560912
561403269966868138986041975409
645435375686406379816943764351
1083087411140146474048871699451
