3600
~
50
~
2
~
564546525172446
1104384032889389
979094227699255
858543205275283
944851787909994
519495231855208
822437971890882
664439019454456
1093388873886060
357103384359773
509835846900376
348531503859488
604465292098542
556538722141188
336998522237380
569139693593573
553945125931261
1045556033527443
674509561148851
604026463304519
376818730958106
677053754141034
327218712230401
801301175714546
23392567607236
1076723948788859
302593626345069
351489343777586
921669089081970
198654167200973
269835385284553
772691923841462
280589014426592
1109306309016932
88523384805202
1032692972939450
99795911022055
291811478560862
293931600903090
602521118420714
408560059036249
751603630306464
252293954417407
728290095019214
515704698579254
274474942438989
350944193335013
561838345263952
1061943596640531
1054241120727996
