3600
~
300
~
2
~
1880061540746182796741494630605000751120651367645996343890137892082690812908248669689149961
1965215979621625199757105957690088995431128516247212745036499009905767049040521758236961456
383462687152870740434745258184071414675051491655878093892860539757257494428364661754885890
273138239885199934432639243807801701597898777236430265686207424875492161782264026533058989
585210544798604829143832195886857120753760567852662235280048080844510222106669618344422648
538340809218976881373758878454455469786848014058325776090877683680341922937711403760142959
1418568910421409527301755204902482577349139837401559400888492618094230716295854873973406404
524814044813891417061340509274731123207892714214252991554668605272888101877749674639223236
520058889876263867896880009971777572996130256580874031843833288854277933309726683422924280
996674366231636731821718843170850289453654365134944427865126881757144671311310784659462392
333305379928152496940017332689472608124156054911208069467633760043590023354542424454157488
343790352383973733030226576431946042948968104425472865891670193290234113311070412855124162
1289305853255100766228221257944722204261836004111179977465256604104001318931272228261397096
1340778996088044313509152814725698154055565080756123136132211770455494962643283127555784351
698324193867952889342613277591425279209554747672743903797981918722158855098811858250043019
262634294258078741729281818132087148253260265824530354416235324313385077056269842770478495
732406592750846653430120582570620736068000506018187109034009385576936170870272058529327931
331787252304829382834773206394624834108899518342258831618314996790515509623890120286964177
1198268260928537105784536051964594733001652712667597426578994438442339232550775156922045773
1018025263362217335624321005062583790936226352337265338057805472358133960991998184778151364
1902381605926766959212152383688097416470955440100290812165821458786831477905027663921868965
1761825261093778571038436544670472370718080272565784812615957371972600987172287505448592582
1551972383857392894322789354521767773788561142403029183616744812387607077925644012875428650
1930542014197627077871510191422879862442009609778442545919119760856132737729761016328821295
378188134650026283880902947980671356524974857839329669232712666296672606795586921415379222
142596033661667498195114197665068994780425606992910949875360061937082768368522530442085938
1315325950810867002359172902675279528689516087028893618359523442784665606959539316684827791
1200177461349074579557507715741883046992892119120469289795443762342125982342934710176975431
1403854240836438397465927910705263340550998820723992447302337753846132717186650723126157050
196620947516969157498173528483161927590773766148846103132407537837945144822712498513351314
1899087555828985218590544944590656192057025268626572423420802539756050053151694829030204592
1372692272487534625586964014914822016119891960142870950437942386189515061076783109798169543
1180267142803079936302915115956910098636187037834649009155414344640809299387695607998736351
665975422401693976286345629770006643544098324664737887799707703061934622065562060044594027
56336308678378836486019761271174935597936399376942073920146615429083882128010774499575286
799530184286761430062509153370306702120983913802673946103392526044990101753085030389345812
1888558938580847230735369791061185664260453199474433199900005784448872616480571763926647067
611477273321683040777401708679410625664658683014481902898153754921750781271428073078607876
277546487294326431910006441982508600161927670017691751275845795051128197607911027696825746
980261042226967421967519880213248852988775936548050478216050027476457449110967487234595092
1690687262209192590293134743886712491503168194217245545555617702994975305075298029546177980
2025216656357166103575246564163566700588554307649716069905120448722550706550044337461076438
456339149149807627614339036405404035199165260983168128064718731613854104623591993302277941
1757487792156659080626332459776525507203622954677530590743904888417624281676742188935436813
1095862069266087230210833905704978773176358932539468167689682559757082505017935361671652568
796604298958789241951700634961044064492794793233702901904382977730923789256097040679720507
1002840518771551411387550289899134184296179533405502709386355249976106868434174094912178387
198504501109495013041340513417153858431819900807751921071641793341238343971448784924574379
2035169718804624417720688177379382637193046273718368641030384852374787683680603568291749423
121304890574880759205658571884649811129971598771054819241006318747764401920106818878099917
810304751315753947333332360434944405035769434280990008045345415880756073386578488838218801
1421690647581887225949861874941628644383415346477614863813122043959199115758646703321089333
1249238604344295423211466565311324397876856182225509237857792951265288111327519375171869599
1636046142644939505968929988439095126012268555693815713200242804632874693470139628884057198
1396184442012030607723090631205040291647809215375345173351590622815861584672519583104306220
1522043255973737573331704848408963865240282905707861019439153869587728930634867875379068197
421671675664096280976202367882585895797260262191405772522335127500978151858609383335529388
1865531644853533484423039928206686913874277373650079164268879893824921367776026258741883207
1699874916342341651102115690216576682726066688897161120709723604065370029188094094961772624
1352795228598489842373742900425704517364987991405322134482625739361035541445583747286942135
779819721369910538760191394663213262513335544408422897566981232769387064717396654371575475
1270215006702658770289528717185131500866010168277736067693024765733642420949892090463456605
1950057642288195932712698654317864532649080659321413446838274393106918077764158416194629139
174169154927249703865259559624347654443219902724532505715129584608639262712161480747698523
128768251461548095105241420301018617444563203698583830330493595214055418186696513628256962
1035448595838329195532024903753375168829311350230476850111691437224551417399797642335358747
592462779889710699087671958614812636678966389429974135280672692991451283788523129085149776
1609480261844426884400618350165857271723497904475250705023521161797658522357079894353654224
1300469674320309444753426288345274001399151594077195603234409077026205658009915342213418801
172987803423731371477476085347735541411216642346565691035489275724996853708506667158949446
144293481131056484184389691985461894069988999198724916323099147892511232456219962060976601
1588877447927733425623083180724966780801602350134452202045580817967937633336913431485397729
1570443855912701752917845844328839000000832017160454937919109317470880144575852615913618194
1441289391251818377930207903198271428349810389002755684147146485580562693592009925311640814
393854027271354591715235648707441749885944040335772806754230087087994522984176313510265644
449421177759286814539890444256292055782911324202145979216505321404758690911949754983167558
316433730812033196719875065460219666828345021040849935361893441345270486102704730876360235
200660652806358472857365014880695716190969327301116705793166365218251817675634221964230373
444270783929607591519132812290467433842809669403641074343863852566419703239409635030030122
1987133469797635986670586695149778887189489714489311180697864548161135863365112100960754718
650532443478559752443711540810171965217871811270322704497727774786513790398522360598773884
19636312605461669605494675081485818966670068847223203201021940237832957125009128141922038
127314034419343515289450645377472613783319814046707127267999303376611644362243223736741007
234954301258499391924010119914333609726525073049448103003950976880832285416215612239319132
673124859605391318579909814890946898760470045578035284591988941725657794368815098836911356
127044867743374443061664029825088646708603503840320461191994115195182960492112117713369217
375190037715967332439599731478521817545017124881518799833851819285549330040781666412881868
1086971413271619362453317021148149476022249425757321518381397564507332770285832310037864519
1705273396031288990689124008295910441287382908692347214982812369932870674077615510761260522
1500960476466026301039487559902922919182819239475015316281726290292229359214440984507655821
2003124208719154298453385026396806428185766874679537948785814527008792306473091989064780462
1720315753246285795684297250220239266125826075893151881945999487367523630666704846127682194
1732779034890587563332855993773076609221626292358178210526040669170221621567183946519327024
23078825821049207546417454266856341870097371949738476987612128719224400389362458138642007
321317377128791946898089211356329198101419511232554390493450905426209578673099132175956424
1123244763211756262610027317553166478096334927512609462800168250757987916110128099665177053
266343383804906120405223433038455138296239222693410820649100296261676995458485943792466755
206328284240723461694158004526445385375012333530103173114738373517652912375636482712538900
1666530923979133954062043186887922850918641524496190459746980681986052808458065449058205027
42607216660420228518939186112162019972736415721771163538780767528332952231328991937751921
1050244641327961115587449105698280429557490448027726376011063014037598405174359064075305706
1425805486447599201430271657892286541712624481904529379086028598099339245822571862620606007
154327836317164776299896382762936530462139325707023812095348394075792503113285505097438741
1583959865884921811014271465059474052014354089616884098553096095476573887086881896935398945
1629003668533201148667634392863181801060851854084892029251302960685816520520168227022055906
1086541882927537306724894698273412227844204528627245397049460753837618195400724652110548856
594960403372059827143735498936698309783500907983086659988941937542207118035764338272054235
789511493355565045807054262089973933846316919786436676101855832278197704545089499060326998
149967633142267846577858222328181810808335739309653164088086343156980035847362246072636371
1327162396738246705424465745291268121528625575432350562231665012750946635359066115496622500
317612375073851725851477298720585861760583006384267602338479023740585666091500239536898043
1739552946104398278220792356521555312571817763375011214698179975078520716242248570939278796
634861779876212252954888210727902193685186002449845102623297178206332471136345969481127590
636155177924658012266489017613657454912874905600966366088613293000808927710445670751909511
964836716856271368035317450266808416640805764970208892117632071372443497291716597779485538
923426012177434167125352596570342380519095879977985943273948503290088826453513089937295796
87141674680854486612170471056827109646423223583867531274152811195512270981054533068119528
1195939196622723677774694120382620698140917239803702963745899464678740402993487175732605921
1283140078053953474366422238529511198913643270523062125517702781420702547740570207538392271
1799916920905693868628767174297271927673764567224241929224044430758850594233490363512563297
956739057367148322378233590033403028514618488367561159891635850993869659361839877148425427
1845385395027854165521892490302564638230043761535016913723069677989302171595774918313536077
749742098689750404697571936632238348648986859043084638747870692381974428849880249692459574
463523590139228065792373172989411839121551218427727971673298194017647558051955502883757558
235419180465754017498079902584066128943131435442807956748729090872278157931457480559277253
1867308458396297737062758937243947941432353818671922244609901589982460131631663228381204362
1419927687450190162900195062709017422304706595744381968225475909149806652703834214094599979
437243130402035242866931495659936985433986958682413935689844208338945873756518977669851344
1283122350261796712259815091840624341886219187945782435093546477456493969937794038522686239
296184641167960943561446281167056679415673385621565222792231218204319095259551541805214139
1980826907737949215255037629730188230112634888488116759526514425103947854037510014561173381
1381100609406556548139653899606958057800188865213877021594201038293584948789630239347376934
1169777204255325767679462006012818233340131267630185810381887262686806354581686287742673448
118446105438806124796389603979170524647844170821416901016791250257116822065016356623199371
594881611857645555256278341091580534427357834042386054296052632701618438106933861608498437
886799201869851105953062868340294447930536344549425822942166102951683130824470641328397313
58040912773323277122630478947503261755624527010664528562359579586186796872513726309933892
130940537403514627242408944698867311643231214047631474855292648679035832476000202261610935
491281224711957824338517552191650419246588261323398042903281398345677311179910605800889202
1423552397434762714298970269410658798245464732947659839809689500551001781815801608849006534
1802312301417875815748640839627667727778297327027273059721942959897379272427904119297914011
1885961820746604683167348538125418816069365291190478399385777557029159672977945060354905659
1986221710596292278814829514566474649222017783359225055153617248326018443137307426058480489
683969234339112781913122211516195947475389054064270555523158904229365834900783198209125751
26453898730854042186629409739074348745674156161422431327154992506832292440043236461591848
1100967847315342662534796938859838399977126756049763734744768110305885411757431120877343129
176502563920976053892859692487312076008774416567111598317105194848045082228638463351787960
1573716643041676709298154214031764011270889858375106892089793268413048378012809672480008134
1916453083907997209817192396654947836112860602949567514598539104530450333707660296313651543
96450987004910279932753877292744462035924419898495365626998241148089570370746252441192941
1023271078201833742196666237257211155862683127768267657355945048792677900828187539652087388
1055836720276821806082550621422645660743654335114868822742323178802077700129395478001746406
1715582746756102628662116938095418858015054596192754602762799104864680451513625414869597127
635056115546212764569357399132512472206803411361260258913471528499030387930635923722920344
1345012372992851852364738318696065597559463117094395952859250853316155773688402673388421769
656843294584598863373538726861166611829461487485645116015806699998517327515388821327414045
1321791585825816681931884369198620362880006028092637588253340172748979398774055169835227266
1767675268726510521005738605318012433011828412053174556777653041198230171142850785858806129
1770843939575081471867116762359403485578314440619932840767909354856536966052980454614100599
1382338235425420801510930670057278697316689737274098496866188445635024221575633573760261772
1858306319883091778227315188584973167580427660066998292751370013889973757031089178072655473
1483561150959481219546989621768172485563515666971366030107351204066919562753361026196517618
586169983788887345016054774349071560329416229829477564178650205849539691970966020748346086
191647550720886620630731345380891503744407648064092871464766285905296756329721620373500976
946691379518353162089937930808534204337452869759831265743880055300289377281320053404824964
837679592537474309374381584021187133821751933386062737292795401276621240137055974688086688
198800368995541508734791380351941443995345618609986424921593635071031306520859930361871416
1012684284125897852052034630688159604916226874674791639686080035282081613709229844499123054
1028345944565899134433597243687086456289547889690297543900062293207012163745278665305740152
338631912048433433059001553420066607880842425739766437049779511228999470325160293251221059
1094372040368570083794547229684562790385932128789856684801675252899409760485129108371884652
1384948623257256195532386031554580112490439044321563136480519820307936197030829994135448017
1366795521588367333988553822513323468128096753624379020491936857418990060632881818207199083
449102896300550967718215452063208563525645654289157705377590433298811004974106691324349919
1341152904249366917042077796712588358439151424772797645359212029474750123789182763260158846
1339814887484258831278891944613592525656978174395871637392505963118763707511255192467940570
908537382602727003919439541500383485444418699389240053254603766803940042242563641286919787
1252369519887988733245719425945212448145029576522392268627351163830959095356328692313406038
623799025977264869512798602095722631233130061871210583797925319170897648001673171923796104
156828691036195889571971607258198675800319326176679725893278414884362389713062963052346672
186952889543774311081394067708139014597820106583784327537886864732847070150686179150138597
1943683686772865172755209726282501932226462577193173058757945285736598419511578962792712245
1236366924481191783844631044163918118234519534099345331949211218661894089363012681300671571
1882692869716653807093450578631276833411166126394294073941985142712643689801499210928358317
366788141035435280724690559053061003408238947181372492553302347319536890966256676728731245
588532261794853169412140499988168765185883185119945092851555575049337860521011284593710798
115743546467813089247672058502289369176109864841637645390208741830854588930539692555893145
112808982179579735860784989982778728879631244044065542787122320487316571252815148369076119
134727770754625004655547057693519782825995545701862275413410146336527188444501531271160133
1457843028110885161880506634997420868045681465134336353221362167019184270188759514100731332
1000135229520522592156609741154101342848578839297139495513886449731076587339783404680623105
1497285546358871791846373312975358574066883093819880144262590782308168907532844773111805947
1788893353926441030462427250516303483949994574479895374016244312688028039156547557100560173
920733441601157365776867693344170123017821050888302933533603636275936418686188585355512712
1457075623308868825064758869320532797332224201171096339786887895271351296738197318737547181
1318506501948035600996985495189283635259310805129110905374357684972987101393644279453613235
963105685559217612457540332273902681639413350773666561061644686692924157800337514767995281
1123361002584767729581269424444803517287336824603285626845433270461723548891247698516089317
243456315639757956664327164242312583984081950614429892247936064356610811764675285338703368
1231832314428109957959673449527695953505137885475884051722307545585025203069853439183303089
807830245827692339641962662550525203094489959156194501934337606771831688278016556708372160
739762104571194282499344919056820527455656129894188126866511491469065716249599715271756676
1812614124006898938035116265007677539508158232955186297749909669349023916905213204891852873
186529224250990911965264773079184213220999623686211317124581941947539196691213824477630247
1946051095637404644322954187615677528153810999580195325805231016495047018900609478355305200
951079294498405089655420456814775182844430570397822556791696590544609658368706053068817181
853982327067400000741285583569576503584750398708961164146290382652225600793003485167604660
995099270494592345744248765320038811798593321074501451637286941834522644571251880265312522
437997331977369227558810587227460959600144508581456059814219090429949437089753384611588837
1757384983407882086579175389716093235960559578635496643159389520372612721043946973246443183
1716693929982232192162469496084182444463467868219071514809450070620972727083371502738372854
1717750313634612576418046495983640313836113100835484750199099277201436332830575658690188950
1777086142100739941609401403858293033420227667084728131340128511101295924391673281025593295
1059701160965202114910157438790227230425859164760325916183429086535592886936321311812307796
305730996210023701859294032505357277109494053692307149793865273121481944803312934786323898
1673928263060107249899990920095520202216202236585462829856648253527728460265752565654736633
286199338475029329302821274694740910922369844839181648462891126239301048097324678835338922
1775413101154754786595541211978413609711623659234492408824314791614969305082659986779997298
463303668468286533224045020170788305780992117165870223629369404464959196155384152201826257
1974168235272786055131213185385039228335441713170635849974856384973440138912585970912957455
1911739663834928312150490909037781702935887457416423294803371049290527716593588599590473351
35299353231421149093711992069716057310085268919528231279553160658824737899777715399082609
283292677756568718027237900455157888415410138555504408791689764851949370810738430226978341
1422438274900333309220840614718665233227995259246705921325177622082297243382257943335129797
1467734622709040792562142254749430371059377596628601324034114980331353662141752367019045854
1414932413303082934719148059519666083247805849315904910719944727416538773834792165363156626
559519508204006255979641917419157533069270895936990176304627374602761943277199271306091039
812860337967915643838789117868623861428575038796503211864566731463027703861626032616525655
1568577481342898023629653988831221174470894817128930341729444120199586571077128526975005509
984974476885982458490039570754893278158850169276533595162649912797525826548165723473559343
1164212085151004658946439920363787281024065109832075478894043678223297492447595914425357278
1141677258293639358573850518696717072409292166117019381078686938291782529907734044299219720
993961481435306771083679854268402690507543484011758461578889037166930529314377554349419944
363151353772673432449177641480716071895137162069454821171606795259273125210356020955929647
479570170223901998233746058250417552307628681293453348092714756750942540936051028880792828
587370955353271793428628209843433251230481293823132898731009733509291114754297497513181571
931041269483429119492996233625291407242116041005058195006245539759882596490743821517955514
851176731642695461385464768569999284723023083365799330650019653874924553481059720919458135
1993310524636347805318872905039617682839866257726089081450957375472760154433201960044354401
1853437369682554489239378550059527870620807477948920376686719742172491276250160052659374313
251155815042993607210187904249118906434919927414822647123347779250465808811713567813118443
1188523239994998258798623546070673861081951949377557431959215065534040700388295078070064674
892997300968950499285352856468793064174652641811068956577692307649743920034684989009445396
835815544809751263346539092879650777698308207208537063813304130119649353935503924672668004
575020466972280900822576928023617027974420396138487116489668554485975067830728261412890032
909849739302594465709441974316857253142441394848846401777721204941969640388896107430822764
1342956683998814208030615561875377921768862970015036732303799568161556888797799306783122245
1833694583770880969879001716227696247753914213065758125880616108476792491546764873223856655
738989168435093637270896733572226867607230278423405155272517587797630868899123849384023568
1882892757102458152858540892096162527322703558891137403688453492975956052841206984889807793
1906028635092859692841601985529573474276384467946472124626129672679106555717426823293275939
1936834115163737380933246049170748243435468856183780621315417711684287308258681681008712201
973487073947107178197217718186420372758768077202971177625982872564167623382578333752119112
349734147619894830297689004732329246620641181623156003832008961666039960887872505574148723
1421044072513893929007504861276516067135728892110346376988340282869205338555387261958000666
1485111339310276157538907916765996456234442776443075507220556605886914983351071136824495136
745822328579306837904602446660228096080052781061979389577325009748611070111937361387821555
1478172514372755804124540657903255739846342369556075143737940147895851750321037978647282511
923357280126286055223539721329147521367108386925192243542909347993996963858139664393868936
1454306255647981151240815994683084465454549035323426162222352731485160373165086217872099280
143598407894872336131154839115612445172122266685968987332234669172479135138211219828144644
554926566923653853860303819255616042867286098638422958143065205257065870535219861102370301
640175137669614980424705410530888900077917035654569375872060099248663429889254197622056619
397133117735264429580669815053428614358792534057490814996332604412297410626287069849638800
1580485456554532622981372204979961892658644007076351904176982465222716369335157518927406927
635930899291332694673776466500239981303262911293175638974250375925866513007415274186177575
1896352522714457765269222689851504292085060110805960478099196790723364221159841872299631208
164037810536070608848634554191385873612718052124651556945999711423492471594132702243503635
577278680534306942271759947066121027839313177950135665849838384729282400686247100132880028
996730749179140497348840006937322111377245784605035405171354713434625744830922437106716304
1289354851782023200207708586047956400413838058824540022887144795834972480648775638778186791
1519614368900449011036947577124941475077439214389671429738598441022821018341765873028465733
1626258023250383923512440570143907685743846276560251376975647621274979061965129957689887143
1655218225342795906828935843583293972734332980600109974640321829978596040540710309240423971
985664997090561759000297140693058446276873577207524416481773383087912024782017094751713451
244421529069897063528351347749734997772873900908212519571587521346716775991892169678524439
1956364121346293724530849803299646551262948255039268801492666383003212855205743296255329725
1173905606996147857114671280621900374870198276625829082251803576069932615475615373130343929
859932292096053173856474891089451678848782539807515186545236888027538622988845851466495692
290888094399062166422251292431248819431345482805124230464126230031097484320186949200993127
1592194626305565706220388785793096166939064209824901615602863900415349122627649669222742146
1628972108034410777511391781555497908849888842532761005394079558927509416974407441335512940
1126653996651024303157890837136647962706934166819627018228512140626483640291083911228754127
1111612877257944231273305959146446380851476026305153563653070136233662729942737908816843714
758187708393348904357106231494771616731727102818208952585646881277786342402614157770642533
1759163093359685040624497054157761081476215194830058081129060384634001521216475606105718657
287565191274118251211632835902179419483602445876585326123683353063421612230606143543832239
1780781303443667189482722084152462135199368150075544330681028499755340497474402155485351254
876197778359544769909944832422203310930341115230691007196857683420237501346924531815858265
174810560826356506362701948114297960755269667261494577374896287246540494315772193568430121
494557975865671798388776095924877093813882041137240836918891340206633634057051233058222063
1266948529323469126785463689922779316883920649720237672297039692804125942600616796578902336
1045409622480073882777408128802347305964013669503163208401574800453918782782786589048985159
65846274455472146442902163912161706420737242000270287056388377512022687997036219692361999
1624525495397022191723578708546931734549318820408001994707233675172873105931172927540638508
1129183922242573988483489278867484854675482215174271774165758175745819014419925033931054931
1787075010182686514551787895964971105140419123415454001416214264516480330425768162852944664
1082203658555442451544969308484570263593430328713695271278038266016699641695698495173461349
1553715992817187762187743204937826272669367133419037541899427983596272215815807823505617931
1585347230900468543767869296194937266640273680077793781208549705200973376199511192120352178
