3600
~
90
~
2
~
1104496863566092500121945787
593573781025876767572281595
635166110389062624547333069
536744430971535192804649712
365197117579964992617854327
57837564420066199075426159
1137848544067711611780445480
615860379997826533084822104
960483348877409848180647410
616441675987079051852809719
860308131804000831177288696
693490372041674030480493038
153191194654059412948183525
303835707698583941306869887
160926627951301944129216421
683693244386804132676370582
1171727339542801625761940211
488313855349339956851499971
648583799829224619043999923
238700195461589872330228393
1215195070518490236543119159
164413177701074877887242328
592313689058604330601998574
569152902736363330846752318
484833667978912238592743484
1040083843966641404045482571
126363217198406103458970758
726022244628596526812645172
311600859562948100976886159
161154128022844748788526933
273110317132061355990103031
1140676020811948583570201492
953653487478902603204035003
881243565345345367003238381
885663128600262625152058549
937623940019225651471893101
122684840829896492274504286
149805223470209821645861866
652393456401036000329446945
772595226904497851850455326
1129528812483690239358170922
681264666206632523657964485
225864610099743097319567855
824144532784456835381815748
229026683957415944813234860
689920476001797804709689304
121523202160177483199485378
53929174967584921371557331
1237242519103119314152199804
908675123756282951115260082
80261860890591939515203871
1148213109961042420158250890
1092414214546455788722272450
759444443860201217420126679
90058446459499875890887715
630051746446171561218700246
857648350713706798140693529
963454398537511815899412718
1040119405077578442401131464
832164257201971142379322628
672034814035252973242188527
1084853161065100071059260705
1102463597877298848013569525
747823648221176921215216271
403231026405358592530781552
167913515335448225158701547
851227033747494132514245069
1138950592550225237165835780
898696097262237402409603821
1201022323655762932815951630
326692827656239735709578556
1137650375455080752139464881
276412235829888726932147424
1198932391640637166586081892
577851417444138703675465044
293520986052508664761757343
214130498365563532122506203
841574854630967628536532601
1019176042186599500301542207
1039250324549384976028773069
1172794307830269050242103765
1041192824696514201723553584
764335221171111193656022353
424515739649357301172280631
852430690184182554658919778
1052324291316785789750316250
1077924693856288574032838985
841671848558205256277764977
590501594176346099228934777
673396387162432252302593116
