3600
~
90
~
2
~
48165050678788256478884376
363271458981849858868607813
739737175303363653334415035
309077859064214224903358596
1104322963749736918778071640
835720821304623065758647209
223312059462485586613249210
279294101710165630177029295
371472272818825549339746966
722393204895305363641718900
1229692671091743349990601471
1031856827709106282299822076
944324094279448960745716577
1152242093246548264289070675
10713729692808904721366584
77740691646422702758991297
197722728542825569068822145
1155659349916349902630396059
1021959873095900142154929175
1145989731227766196390615838
271517988808274771593550147
538771253780565490665531324
545818368955815963009867157
162236252294102754768301709
242094166282683397814628334
1003764669688389058324542460
671380508677098653665762869
786415066023402506696498910
1063300634188036663455656122
588783096003175823845614767
748080894829812984283530540
650558981806895754088763358
992009268576592246869553347
1118245122904165989576422075
14275580885547951769901350
1054758092840646673601173754
723273591181945764083277180
1084365694139637563553821415
887277684547963811763492063
1121887770150966227409609062
743761805346767020289937974
1234556815607092385283092064
636321278613238478028142612
382539072165857121685184586
777195888145379856174982164
12599905811257675552244557
745409776758470547329310509
935997814832178135341110532
692489062005797847350598474
332807587480786146551010393
585792602405016042183234811
695958683576039122444359123
940008421815245639271269986
680704711000505071731772715
293694689167969589004472131
831300930292407285584061014
301607158605353250462942830
592206608475755135658303160
784458801027465208761444970
1031712564701108910852187447
1009787316442321409512047658
609103510207083763182414240
897881496421754749457039699
287728875025926981057409840
397214031936773659684936777
530677731584671367300274449
1169276623996562552869950868
203980800761247984937610978
742091016023942923753725224
15701723468457439678790502
390620932623333972331822000
199033108097690205350092503
965001889099875168043889136
839847063336377467787107137
411023131883351378436425763
481878855449036221579084692
1170620288269977164921548269
791308493747867207170288797
232132779783292365288620150
1023779318073606674080206765
1059098791699978718255195094
136118211229796250183647498
32487631067771838530942100
335684032597298648738446572
308373536581817521092979030
336248968518386770398071489
617854089560026501605554897
1182873276797699954442031085
1217896987271564096393401890
364965655510400888310271190
