3600
~
300
~
2
~
1416532132057497429822059237646023715567317196356561240672709774894229701515176263548405256
817336125660713176850705616813737610466938558369249810787501220191472015943108935227559462
1177883138170927132703244328973899485797395113753154176090391118580419062230648129948524788
998589401958291815839435882975033754517328091955503183755147198177464216880310340712400504
294515131275910341770905311729143543228266146382341072483013843002285029939080033854940695
507230397729287322684293189153723423864269776608956746632593917463346332096148523013876835
1057877887201654279138981573454551399479740962646203841152826735983190537044646176730721545
956994859389986547861134872058762779280580076527476792954985858532252601956023528370523624
203482646440071222673358192235481628773343882472058052614981641612775642452323595869464779
1383115103833792188252452389509781349472063590306055590318544810658150404153487026329836595
62604703289354342447421036934655369173025869005485203706906070362758008366562678774258648
187534874560300246001228861457888633454529875809058260265477521387405172364748232728952987
1950475131610310929208352469400260605228233274300550534328371324838914023825061764071409925
1475161706614684388363279873742799860973874027681354181785044343181800269878617622239829131
1136419386482283436697313060133418527553881262604525011749913511341491290543685218834723049
275741899526785800046947217474257522066326919412520411431453749480564338161587408315234432
199417425413892786935273595457635756433478479229192782947958694652268968515713142764262694
106322943977485171332705798654770998739762105287401781896041641817971323588680473278196036
637127154637847476382857319388972457023386251538449127297520131802158720205705061765402212
1230666000804986921060749757829889933095215562078226318748621590775619316789473615056102128
287681933581201803431523567540210363459281768723673278298442884279812419552399746462486961
86629417580632246793462509559738875854462602819434321549117536185755919953723089309046787
653733607113112813156947537689161675127150903998302848437883293665622965537049765039296580
1240132746416872177078106436919681261471264843847542182419701064155652970490618653611674973
575391991642961550238081414505885719880821555312746604384055736885441053020225328914429346
1474647969512281376783201800172680604799762677843502507507974099379309353510934226644646835
1968059504055103231715403324047324965382911620151936559197189586975232580702336184026163695
547705375613790053126216915434147436132210936974897171325942160116523946368043729476369504
1794418303502833529461847262426826817180804592998372598553007477241014653656955221709196132
105379855316291093128692975788903778256053937636576588218664001559670027821822140609389692
1844052969230588105868090391433615550161047150291574204684994772617286726442561565281907750
1533841884729206935836762132425176320758734797137202973243714833696970019560754539777153564
867636554326348191130509867964227008486248958423205228987799717767491589307831570532306932
8561941480794009841876398031917183532180362419215331459575975281297064902824477638832875
1535500019450443409422273696794130965122000305114607649006275053031942761677574481192677432
1667455419788477933346692086905088038800778240225776937430946758731020025529697462911987670
418198461703556728524700967694903159624126183305476257479500791719953283819432186655360977
1264267624749663483964930382364937921643720692861877767213952143874893927293922346575332172
1693317545733542910997155649347196746335830979232356372573387062899565663079241776843429137
1199940999607907289695053512707901229308220288065874645059594899981476310345581678381611120
826122595147264479932015803236777068460981189466085565024729782704077447842515535865959771
1207690571961728909505608109880951120041920165985126599075928238901638534801339438752856375
1210998932620192895506595699290389866490362098151765145933358788188569757745192238208702304
291796752658586119223611500296812512790193382035020807114104290115996667426243291726751307
844557796707038815220780336214329895744129934305935403344817827686920008805520767567926982
675389347406985407830951589913604964839291334155486291223823222407682930798858701259663280
1015501198572046167332945827774681024142060961645890714373744353978894983191727440523473066
823701854339242166922064957176064844156435825164413631539406526791231940272018700351536965
1182029605107814511115888305190860508663310466359372513090477362420948009227930544337153038
817383490041132724295938324018533141382964219748415024246825970602006514578904848561240418
876550682229727336217549612614250519510165947463680361329794719276131984957013562397792228
708668983581030965474426818625440254306123123202093132539690686507568186400052965198474541
323859250920690331805440444847570576577707989989462026730121705156145275099878422625281806
1750232623244350919930332266831392220293316743570723354568455132003621358434981514771682978
997795651277851132807041373761706135172265902727519511239902756180935054605244108754992750
807882335250096118369778598099770233427591049177434663648010768253594124184817665639736695
1764126689671993836952134012757354582737166196563389541490165802905016310607767568389786134
1349962121975056271902247779912466368081304019871194159328582892086953544543752852753591642
1829254988286095419848529810285161443289282010466319457058139958791097168476586739960103179
1696041436638912231255096884712754428496706835471845614356243286959702277271754136715612886
990988957351824296456338157071922843972630962568767467607553176591385405236581796273530915
414200831552315516834134893557096266572979836567205360628939692156216711799554738224714618
892150791925626346916404494476778229259734267133172290909674619585068220563000084534369601
76012153097599921541771083447892414755979913664546121351213753002286094096131183749181191
709178838086240097938641424857912741021539693576889100114605813773656924261541969389125031
244140062273725768880967386394222662665110020718648756025330272841449947345554856647722170
1852882749923063912843365045216835634876935861996539406604886458790537364920424185897258582
317883069583976043253805926107565126940584697574810084384559372013189698861692635491245013
1753455626153951313553955862613011084743512734029634634777929336632910684039882601537486041
1184126211989488816849193086988459204907362547424066173461310284762579723773324746624428780
1930713707378032595134243864738077052356736140547921884075429946853734998376527657854069622
1562419110780139633322236675783929221195329762144765421603751914599272897346850262855541543
111329158371411204729311789821151955397711276020989701580075920980479740891069738379571526
1787698362271276702813807418908898777137260372070401483720459622857430810077378527777815446
1871392005680522826479954925921353212219481105522784443203719990742934065287527366189643260
835801680715463180925078379598112986094805669709333168464561975854026191257720969291598752
1627197953373769319907903303216227716550843293905873686564681279013641321599252088751491510
896343451355048131222011502514246038546240131681511234750291577254138057138884862257237745
1072333999461284697912247753347671325184087967204229757773267165048837812980755496981349962
947233014583873139614754320085291347804149807849189860473576077503218939337301517579364456
693276895861790334815053412670682870599803729322411650322767122927388740007163252304749002
1092599315878623661061141239778979794364740864478040232625983091643127226507604834918243077
462001375184157716480212018441243825446793448831020491913811517117050801219663342877078912
868058407360164047132158509625122715332341973908918021889188819648993033676589624594320732
940999486193876996924533456235361979486394371622051044305163111087511168178200737242515118
146615630694982780927214312578015782665727491924725782686687283837607331427481472388256329
130072337809941018795806583069081195997104120140052534371473681162137348442026210875319828
1310950279336762517621132576383718480249517153371869357263523117192795021042517726347818079
484310185124052018388665543790865411312805543672427138861446385975427114282898248786603896
192648421636499484826691511791582920342888640005871362713820169040910598689437748308147174
933252474510308755607197434759687949226517370307973151679076219385138515678276848276884121
195685559820618400716082918480994969798703933697084623181105464941787110488428702979623690
544550702012684200089102890285988457107100567595044207133675958853885376720597296239655187
1739234225225697576053224685319069006931891041604552751748255664473559514440610301590154015
1489649527366342706221958997761036795556464353851237285740719578806947779125233130099853998
373518427396518716421987149325865568400462421310127667560010433221671742192802232534514767
1374813623601870631619726374457124010359491346910971169296234187760879876031002510070368023
15314501772340365725682867800778719782683174720221494059339349069552162629154699362782895
1809910882030218629430268021150628296440802954540764662498150918275357538803214899826482196
905008733206508335611813560911719406747578115980957241954364867962889278887487222327564541
451582102050072065974713891478622763802416409028591453581866996855033526770674878893408365
664612701872232011891841155888731327039770787623376778605339340027242791507574311123430603
1105421056181993581177813121274986300946952842825253629681284436241079111053637650778431380
1720743985219051724080229795830612558832556322656118052607379071120008108649868663108241714
712333622270623655335417382550853218752547418911018249692098881445939526585100419168954634
334167542758963847755640722974765101582897865876846488278231459560193665587528333602985257
179201730973429571597719955109993076399092742423070142772302913588356808609897665920206303
669619325883596140257855024178399635024092929623263063494264436368884622593152781485298268
300681174409517251017682836002196402674922063900561048065550038603810413560311032475282357
1081757029120754552327195228778906089477643648155933121910331209508809779210835960494769319
1610976814099833337104381894093700841478949786340796281362786295134350071064222631224502816
2016979329591158800791972560134627277735423209994827639649116315070793688116834628752586985
645825152030811836373596219293077944776332561672291519786862604117762210034569981562652600
1964855504393600689670689029885265687365288083744671396966973372190016361958078115365290676
1672543913721512681697414399572732810368885400756032999008231403522065190230095069730483667
890071025334598982157398260815802763055442691374221936649268630945157357938264830340974994
376755467386185264020017103575627480130849473657645011576451939314897096397048121154307017
1978688729713246189706557252182999083049288737207456689362383766699399691632544343452611626
1032955533664886919059750256167361144538100251299947234548455831928534405154577340964816070
1561820387424081836019401573087474763900345499539286219810398319834721566944928750428645524
2012129920857948608895281544186558270435926359975472622218151059738079371772267303531100927
79882597658000504666457522530943115250804287416592783736380350154476855305535640653558786
1446964448265434845033125222223826948113699503943526166312689984477146519988422529683570162
2000704010318280344176770089705489521586114172278174727250871276469917799293354144422539287
471859595721108750113685027799270023476325505618046736304958308838270440604221403434837952
1223188047482349061094862058894001763892629606357903663234239486616616696323775384062818027
1783638716154882262408572977223551977299265980512426850277904092088511713295713951619112576
1439581147744270382542595987057880040210800822982256456310012832449727370982209835245119511
1722967555464001627853863372699793585529722173566894337448006493073489651021322103048020817
487732961985203549476688844470975318370332937798343090865328948705806686445218798547456553
1631033393977003450386803411251784476922481738813919625920611907330792951973983699397079717
1395526585279706797432808986425688094146589407312005651666004053042592621714523775795957803
496891614815555419411084834254501461928954702096537807768812172190612779520829566155776974
1534852324605381133423455775279739090105913076144282766317547907883124025280830325096751701
539475020992511903284875338648112725700008790216554344297473725013491671744506480882172799
887549723535461448925426703753567075073271106329202449189981719266098963799704597803287154
1590136710020123047306045432218615879826643363356505050726924996605476157580031545012444570
1940564463408442944803155622636074044531862801837812647111481792004308995663470912904985521
686287210679708522261201410300823832310054892217507348149765406860793195524123454659417323
1194577175442701170051146120505780933518400134547361298179408887832139588723967847453220887
1457799633974766491032599779796836676875665213715190498928624477581427476054118069856869731
870867581486456017030254658865896830414528117203280665341789970404299745657872052580485291
218100272603123913001285747528682250539239474665481007394413463876759397742804866450914095
827331385349273815553032616353859512084239700205866737866654711718843661562693040518649158
717697083993081483186986270566394703127960297824299932565330226557686490445742991363094558
611600258846967999609846396845950848528328328538434569732868766414404017105479313292066436
1549646849321785086371476423728512103637145587563874958589677278436265779436697608225254895
297537784982157216867903391776537607458334284015037884270786540418628577420545837771841919
422307446772694270666064677132537093318317821811408343458489694122320744206871270559288363
1986948401952431364612540188558350551502405182357454700698169255377930106979229499195316262
129243580552240643240934654060509002808183872569757174997778240931042836216705614894387249
2020410978461834957732025081259970545892720246206069546609277934055345517803550833479676131
1737716536443834515635703746436419912581634957789174422715051426206145477974557322689852052
489476865700660022612661111899305456661452708648798124157641641056736070477319320575755815
1283100900471678787765662638753928071737228054078690027490664053124562884768304494883299143
346996145648460881173293681036529973717685434072862812471772412236457340570038511146983686
1964223014500083109756386024652734628503748486414213275230947917305757896658377635519864071
608413744288883181422139913349276804507063805494128271842611963245174389430059601134797994
118165491968392150569137475195045159153364390928733989512348778554138163903344568715239018
186324272259443537009726735306051035367618307544768493189186140903386870990500466324599805
1652256495871695472602254343239444587303046347638596703384762068860262009688578509929057052
750118746913069123844454100636196405851323498249675161497747281214894661314735417829586208
1069107322072139631273039662612305919036601874784814910838005830513818163126846415445458452
77147490422126817025517424741770914988304079350560617987272536305740244749770572029118903
1048478197093965640983156447085222899408512703807855771149271941618256341423933080885559026
1782157140621889759146851401200455817653748372773923103006502329523873504016244420919633504
1344965316931476244580435969963421021609123822491502491110892258233348516811503006007113313
1033600113903126495148455816432597671315126396902695517936707376089515003369547677793223262
721459513059775860791440165099228486780258420951669258015814674508491867528865232394672376
75388959165311270005663301120465459785642429348281319526979594155715769507998351275766844
174515296695304887396299972730957992892213849560974623336696347258514191293549403158221922
1597646331854677662132341035585410315811602426549047712349260153765261503809811908963948060
65746360235716759332264610556693228850109663721701856906797207816102590693291837477684066
1827929628352044740718498659427697702467592964243323713092599228922318194130729394492618028
1843050527071941508342979507191887417025063008470573387046711601434201461795395376809356139
733557204119912849910793236872136497682555460135463709415341645048560993398739355177219099
678372802724666977779126964048128702043797912462356334933991431674122857283751727866547497
1673577238335088695272893811821208940739989611518593638073833615913507439228871854129590905
589810824347291081414204774680447753722056725966916830562387103936734231896814553977732112
1079905350047002694651867113688175576677446207748159028770946853773393542675192721686762694
469454579182476111500776541046673236311266941012108419132554599678614639972045588398173975
2019034427971501174358774262121524147814784932358204106272196410041260604960380302716811664
669933910884531749773632778530881069741746935279352212729817680348724908129402492743408248
500348396169242119033158184088300469444194805658123549836404680658487472052239910177166494
1021647736219031244445568619580227252961670372230282839092202196540082745984417128940159424
1837219759209111749997800778624879062950756775713249820993745941812262187825972752785172706
1278068482105921070685755209744235439030042447092098114676136659824656223533278276085008287
1549331542525708433844493790235615687864972981983511679683409850742573124718941647313085582
761311604575705626976535320596616388386331662075073164585177480614969993502223823660228331
1725481363269332714495539878821240790412348745570873770288785479029344354549722931048427071
983911308403736116958640224574232289006408019903060115789173007370502838001147298253847569
1213246563713389135682919364695437908001621603874959599228946407749843535422556425050008008
940238653604972267149895903062326075435492641856757862006491989446850924388339502220315240
1871596654997375193549938689545215211190086463281439509280866416491075304164152292086017922
1295389515904460021359117474253613392023473140743532964491890983171336505974726472751853173
1912435959301088122335533944909613480489529195020065224884206644979778951145184523047514004
1202748758141789408576446331336048525933104101569189510945972580984494599500510914144748458
1034318894618940534543424808193533995896795987555874447743167934697011831128178183943060493
1126379222625177088776099583092933010834319533139518062625103632343416533962222620095965663
1076105885822408742780911740800992833227857545984477213068269883339337031487537338856144491
185321061117204421335774752345834804433022238050184202957573265504116361086575771496988718
145231176108290394101127556584493436895629554403667651527377175112375147104137501862060204
734328131833852971802688493321893868892096389798407334752268055357673181747410867421665461
1458641250560384867789694548835028902887977605099497794189017296672492081644331969497049533
1613356478545994808793523338577013842341786727905067996744404502913929643976331624601114136
959213267484650201013092019068556231190192270735183989619228468258133290423782534929719135
78715734268689044253733553688757337323914734137608453637832677810301039360141125572811219
47091200657753444958985544761989817095181007699244487655387342346266911423264292362786434
1083278121386702344002271097540903362918052786368529863822309127527447543789852487556484358
426024817238731578377448977154967793929367975412637935523904031832685719525267415542878909
294362804962132432517218870646402369301179484744656440616471598333486070469734560561962020
1906624454131157123390796526381306585120580777934555754408306545286052624979966031907989033
1604545408709776239339273856886957666496834573386858321239998139594243545319993748048798398
891180096082495393766455630359697732332066193282212880246683646469441188383944055450021411
80098957563768957272095756398036035282763048473392766500122864511792471467926277563507182
1926086056439022899572058734406499916689115639034159150771702234539884424735233501466521020
1200438624366240069647023142873590246831843502292779041828885880935430866453475418289042234
1113238424584380020864248178892484678675605271509593714404532915741358356917176405062405345
1978425010618858535024099718823073269386373332130271158580640810669253654063144932240311321
1179846481048203668126280584659535712906897761843455710499258924410325927730667668696149261
818876004841538931655852310571762265200107713567515528359285303012608699017690832126984074
762439979144910969217254275057992321874234264654545666908920055844278442269848155120613878
306261122749197003519093675915601268128228062479596489986063404605950018624531268466979758
607038382907712639114591078727084760379055293610047681637906835957762437762062283302966281
167814606353925049515812578999772100667257322088589567295499945068169936846061876205496425
946596351040083834715661315694398794822913653211014791375614425646081225585228199457788931
149489086350800489571440977515113167034656297979092918459322841393700750572601379820714490
552363105196256928593077776115436923713156881878372789104561663364929991566217216672696843
725499271304105875850091819884634630736072434231113595991364582321203842344037385787928986
946193345532303473403901939798655697532713898527726955785327262901247125890612866744523641
142597886989201799504108850678717930528090063539765596108887828517497835936313085158597221
1497923606798618395833805613709524907101057487694433264336931709303198912901814065136432764
947922688193009468876208201979507212183431798864324364740210296518095958251289250371945473
49437349844180791539547012855269906049186096397916205503672831337783966916652878140508207
1606729801491247468164658822938862563099226551792670801171901903536034648451973987948379913
881795802802929984186718789103730545518557605091304560457319000167153260239700763356279140
1202269716510464201226285102924917095272196377035285835788968387345562016858297045124436723
128776908157375412265681961171925963374366362023276024270130181658268718341996024537267114
147479044091790988987072594797940692994918497635523606547211072677471171942328282418058551
143059076226410102208537232427457398835012939526010206528690461959705463189060144950248730
259423801466616042903857325468386317024322755752792364305081399964985062252662003679588712
1076062748809512299075809318935566032748780849788571506677123148849616058470843844191731334
802577142718533463505341896294964873148804686400104510878627517428566258573168869707350313
923764675758518636253459945846066372115579040920464991376853900055024877867077816393635310
247530586517844558472944758117107740934501675112889114128557968384407147997836587956156185
206112890479732351883892783565284152803822395294724404330140565915499071111035661845677416
1866357197358984764098700394365593885142721646636449243312198063852217307147603291499355192
1056319337790762291724408297372785419765689371771160601750294763521188665813536718409102007
1074662986749398517465790302359697227901784199297384244623250618539960729979420398826165868
1420360323162241767620931539240839107994831729482072641781682849807545520150165648049329688
19342937663650631012006048702236491929249565236788563900871885392468188228129337260837763
1531618388814083886962862280755882749944910643647750991805090535091076717201691110728062403
482820378199790979913654247667070124557957176473963453627739026856334549089064996369082223
96091455087974360805769842019344951809750420561301895843274721600214078468528584301826842
631068570713406529552643185728877743986420714857863722815087393206015899927779148928305215
1533462130499008627182917822079605761440982735157091366297760599992307826058952523780057667
969222859914156462632588747998399521802594951433606012096868355250153893317843663107185410
839986699804628102364724012139870172806107324352249453420931833765604204682591704733112605
703500139925753394330094374209359375465123625260093351824883716845757664908887471425615232
911520937532700678743055205856400883920969867250047556737430642822377123910094765958495677
1277477308304756372066301934816265508134716366180782598431439283008223085252602929896121191
666803280187241451521126644190572626895191235219955514684962001448827954413446639856841809
1439327366655883330994853568703193063038064633914631023523389920361448307065170132814357653
1019605564820313081912910065752473137302902221219241455480083317761218720807139362452019257
1294375780287999989607428140058672703434775438332499464315996907144040663336452182524985618
1868781733160814971368522158326973930936103878870877274065956068308826826614757796168018612
828978535382083864617949342626943913172518998188000321331132891157165931932244610864561308
317009159216231244789354395213593831803032506363932813539621981282720738683857541252605467
22782593513300527603154972279655368840709102178266237730694973184039998992076901740696019
1599529023826034963332096323736679191060527290972889553520293589689467194077248447537939388
1499129137169605036302821671501504889334606149012920061436889810240534647223274918060294092
698758723110845902143431595411692705492326998081381194601846134920029351704291704794355343
1976614873182933999079449145520984492480150914126514622493889221540423364201378478395922506
1218155670587446490203643613974841683432998404778095645252907762521593458864563260729372511
1733445089503685494847771292077113143061535140391521550250478632139198412604338195039633370
334385097407702441985530223784781300598214171774082030644618307777135474749510651401315876
1322283013425209170778292798628382904947183985294021313232062635156292688772884805641022751
856468372895884213913891759993949225226220110539832081067170097178388664121337492431881778
1206090659534575131580887340651050068198586263169268462510429894381690431371708412844936928
1441793542775261774406030799685105122088657661897646365379308889972619987587167902341874557
1778460017427309666097071470027678914726626464037969653816385968943210348021714916007650761
1645455686168982482700195679415377186813896048347835417916717214658954514634128820633424760
1301960003997453855957105872799126885206176745155462012923748271645925398568204155564505356
1453920072758593705771761600526308530688715220792126569438484657553480120056318149531669897
1079223395751911020379403510988142378840112643936618297268279485285909707560830175759999022
1784336674667285457540584674271071093622581799579837963453811640444780540892981978021456861
1329166359437574187452781963818770842857215291460889732063838788331829196007629933894091915
896759267898035767306463872620313827097254339434841571831500368144798540267234870075346619
250668692773902710442698796048437596915122390971363099241284820725735540352312004695302902
835352401627907423891077580915501230334975057009753880949277669179852038876113859900173985
812500016581313696118129346694335465873697185077177499968914915870504772197366530785558483
1714208489148647295179769442386738866267968278830687199531223551176303630808012311055976270
1804471867796279799080689337586224085389107727945549807308290481375714872059437939754683767
1535846535128520712512856704364332942791279953961512419495657302945522183651565827457640113
120631685321391455940673252684801789859658046732398078649097566252162076772846381476717064
613533836662026460466468657962267195157899975262064642777191971429396756686125578211362809
950774346432177309423435601277627992576581414048886669582666400697211446479451306394869220
997438684299492096294803352517284410300065204072177380206117037288083445768693225780103365
310313368062751815133139552908853686920514900948613311984117646673093153181785807843349490
1356652564565206722861225656930636532170505067044970442970092539409436793411443650720303552
