3600
~
90
~
2
~
360153984116540744592396909
477070711339880121871275279
477107728287156776438647127
671065064464456648846662236
786321041893287676734503709
81583935126000317763877465
390378482898104334330557274
823545988976594264576641102
680867592599287621704391273
1160035473496405411906453986
1019387320397603003952329269
627832810803836739493263083
792613069618457482095574943
1157742839886258118150896876
464790471692771253232914597
824438824157598091758983040
387724523496062919397492645
1010575809030950308403971380
465309114569291041434275939
58342169623662468587131590
1094090967780680446499896872
484039752589248134465988521
632142454680614527788449245
459111477184296535203533422
160239432247259895457992077
460810933327416202242184913
981555088325728356649925772
845132134708062939320630709
172693701178224280554881856
1173379385004805190839362544
847496801017838258213725728
662358806055208532777343916
721694198700059415675750845
300527007273737646254423537
202805193103569911943258988
329063228622806326271378841
887461871738742041861106785
70846815123807304088684134
462853591510807061630066294
832622737676954209149597742
1181441959764894491786635712
749496229305856368526258102
131203358611425312464934435
464805234290591947869562312
277004721966470737910153941
892665784526274133611433701
75836128917665302901373990
474702536907083965645465276
1016918314566557534951585120
1165759966696431894505644272
106624521164473600787593297
15705611116404635750986855
140909234980427360114637213
145522662162647526427550755
4854629914278819838499654
40354941411495860400013870
294057182632219046357862101
467836801948954606229009319
1199410517844719517025552943
525707865755341184172739486
971867309095253845727909858
854536484109827163891829354
1181965098540256678006135028
845560684840192269302333569
1084602275400876019828247903
390225213735648891946098839
1090920591334988735050006485
593466166885025720626474606
798574860056922334691356051
137699326928474641880036491
28675220081232080915111436
155636038006539537696924328
1056550711340382573770473921
250226435426706448438819166
124552857605786789891742257
363955068720970671446568297
453860127049061713533095455
1100692157744577527478392694
677273784397945509314223832
1031400889763239460666792480
316480937679632630288267157
1003432606548348574053414554
768786785131467680771471037
211318136855983438656094130
897473976672830981635674978
620006552109995189440384880
727890584340030542054880456
67395823589650823022823629
317563995802260718801433425
1040785805501980415656611752
