3600
~
300
~
2
~
452166358892430387570062272558498530255679032616235558820415996349515809510450150145488269
402620195400430178546233410916322661230784884394388794295746859115576340476146814579330240
1615780173094820948822068250302093020389026675659284487815811076250817459394148293779377023
1775121201962116428943207518874010600398059707661994643508789528912735065444755569101257723
348145198031778358391001422526060275916134210316729927912101992811204328942978994129073443
427063939911283303369514340056688991222687120988569788318612534007145463004839782951522527
18724652332482204613587570647877632252238053052870535295010647016865913174725151323537762
794136883596388228589383935573944840251477989024114563199892849340470626705537699951912241
654828892998599473717424675310862364119460504301655471219398746707223810650876246570231261
1488053335090075335676593778282632233251674397584157963146397296400304980604224281590326134
1550272291172795059960833716744499755615767547240725334557780571268862146428666077710429935
132663607395384429891040125676613164015065125471495863802398673660147675289181867694137284
1665457317579881707970101106460414365177948187342024457280671024235802364061750074401532062
1132432144988983683603291320226243392528081618595833399798283695220573469323232395289347114
1437560903254541399770230845739115923022410817009300961450669257178975219467525943064483640
607041132945218846550298427639261896247879809643381344403534864228617334813721516444856929
720591343995597672616576037554670931649495623240736194604371963145274820458739781890346244
1613311624209932051387600752876733706385675519420294882068232724279933615831454375171460505
313107834486826441514941644857840137175924829033900975509595698393664590083402764679551657
1021072777199772488599731029457346282655194567863066946775573297200943495292480084221987375
74776594115370992046986712192946391559029272587773677337024526012602563824968572073708734
733543150974506775969066231519522436408531156211009628628847721569894590212518215940660753
801472510499644251756448731465513499899686672307618577458891976146603495980223543328369252
804737732747707059238349659758778296673620038244286087112338579368449391204259252918960195
458142920543995520177939614413100278041605562474025867761722311224592834790649258155759489
370201691059398942587523080609846211056546684041627288566708281459055126742253162610205244
1005144676226485692965486112567043198048658019688492562688678429077292164087791550884189010
1982232449506611192808374214424646865239835510252411184413473622389786648128617451529773157
212682191722922327420451393365324715857796814285886417484598389890128935150096628016948752
1836742182166250634102341042672087829470134686872763258613976183238034336836730812337426845
1308481530327531305976547373128511957615022991652960879777064831136939611776422221773117005
1844638404396770358847944238978396483015918526815720325774295639010833725928134438070791797
359015721499328044985185527246108114232756125945685397112560742278782278661487500364888952
1560994392698806683838042611512277697278932685122202749580702110311440793928420351505620977
1584530094230687243509873269385222659997762560303204210990191291873692338756942763849551230
201740417840377314412832434324310588665601811907450210563663430782155874158901746486591831
192741236829516859126090059414323481242207789690384893221881836137510084522275925069546553
194290728865475477349459737109748214728434865746351935969750676588336084951910284563460815
1143688710643290527133524397585406527698216081018127193574602501619374328685758579425843848
1705363055189842506813705354970850697605576228572900134497088455240395733735479138675560664
1682596876203715253827140133296328278179983044360820374433025642812532151641684743128076362
425983123387174646680763982802389834737747954678561428119917422445000739488649216965663157
287232636741035585050988858935139975565382900790603370016352471486440134997762045458027315
1270364293440036213433792838059392140168406676431814052088721815975916316286798931249048815
1582439996743434278684102151298569163980170708703323993079164820545814953949524194759115440
416145831207818480763050381257013842604215409790115018577568208528430139937549272394267339
682684360512553286683184152264716424266303503004002266496208356889262929645955649500083010
901921819968995526843313808740688635623198820210305113851380803384559509356620670975086987
1143402342218567037283777582537720274214595028164512301267234241387045008493990082951100401
1936099963732885298962227252684145467581311436004126393303019563822596590330301052786641417
1376036717947684659772192389903586247421407897551234424726732889222991477502904206245487076
294263525447096962228080340286561788531751470156864923394209284500473816345816456909166334
893891993341810062119264635588969219479645285160382121615824275859187346120365401662020538
1842241447608078528490005959244928582123529321463119810122164522159297186042920882950785301
1532742573464396988266939465671845667673942995415810451938399006846021586576259717866833043
1116111601376647782871669769180567010076646709058982132912852815169102668547994816225399232
288098472443005530225198113239450864272840419981354160498097522918993346628858440757257486
86293334197587358864135202218623005084697788647956908293515730456058532072846131034632499
1361023921817309322858061285156471391281284963307987508874805460928998293414922575025008624
1042086678398098155491745949121939807332922993162027853073367701775684070666995245028361696
48702387228747739673767299452211487010205989690241234682032156840977890549668960479459365
1571081496694864795039217040087485609805146276465714160607352767157874436175409238647398663
1210189624438373219809704178439266407291465432262250803294271596462530603112773093285649384
277516724333975657317509445789326244495312318535565140796911923430820482145599854953930637
1830766471798935064798865901903092085354073204238924077508149862889354416316229890606517909
164458995076859615717328464143174194127868397868123438638721630332429921334641358621760281
1320208655977130476732941109839078421534601895671761865058693052813754974893881418578083758
362357793158284108562759149394365547155073016875844929144636524827973176195091814869539561
696315842314804436478955622459416647771778453784383350706540784429795834977487767100187938
1199725442861821931742938856824385530370382262803473328380065642807653135232477699150280576
314195690604316437557664648289049999784723171715025319414278965304525575001874323756247908
1364841338107676730023775092950081415247454346127244346684636789842558075549027350882373741
1172319268875757740130778032884850235587603982584525545139948255236029583919573526850130476
1253846743607776512633674795489345487781704065320578376492859504144606388300756823708308040
2629047406421459780441231019188039422297834904664190367642651856360370616752251205149940
514966188291638611237136964052921327653346236699300967492319632902760852302385039259443093
1034207287890768309416293887212479820892727190526412585454610820396801922790658231944899259
1818246902880824403468799372738097232270716910687632609806910219911857657223591828530102098
913404800466105170818703347281325161261431137054381372025883347304339335790338569774740757
1772084069835425420377188848272595088306546714114185905779256021196053762881958980301374301
203796576014942421203803712581135167754218130507412018912887228672451750970795965864993243
266488946984353674137514784657459946456230748633337715152257971785498041389613017294161127
1493926841843465250092248076390876852523610202727704223385290554577869812722034919737245721
1108900061533757938236475883322894684208155108120733398549803640914297952246908135777261905
212463774598098041733063171456900835384218612333669220589100187209287722328613891477875144
1460928811138143795042181114125956534094130696644887796150832956279624004149570585224791885
1855034440820068292289522474254318683179047407707151866190741130413413157373202591426073586
62452798404576050778034018940623891209484551527054738511072882859318965902376690083076227
1219677403689100749563395967816174330248907249568222481458033767286564422617822827676875833
531898624544433012425542859830609640071665118133643496263384001997731422390957097438072820
1075734556542232706786330074853497841033035740383832732263885093457856001284897287210942258
869147117408539398129523296278447523524140985822556737119705415155838634044150380132554022
1950437691627230039508078216894417733310092283577265237629342547601118792514318746681040999
604600448151738403880558119741371020864374217645074310154717325970849870948661637607874697
231311873674976554824279925274671170547285494348029650817434430415096686288021314086759126
1712613192363448718398231033376716413303859986120103729280778955173523215650865220568836851
101078235125162549964022895587042388058569983713738986651878809271784379004710116395471360
520072224912830969862066260147193050765974285358884964066282686632772701030787095410475061
1766816784904660003310367112151751298519842404359549091775004859459436621995661433290627355
890165477223941590261296137627135547891090732366548077143603099033025993249335086089845937
894103897082989131803727469111266914492090756274120879324804206158510944114064796690520320
1763602719626698593181293646679059975020018924822425288040057480841998508892737010025481145
464670643645715726274249415910441630889242786602844242073156291343215451005071855959803009
501126819854538445982494273347031316593986742535386537322474847307618351312040724987098230
1887539739074577878550178903136040085516254572890794843086118757099826472019203913288972216
1219986417968401001020733440214108185035728360764820089488180726471377924795552528922075670
1519121011656394934130738369315751090058422055247449176646623144374611499408684381619531621
192778199875526662140482202621934463423553102286629731987602554398389032942282555863366308
1545671696739175833486344546761059895314511340087082782480800954768789922251668012003300951
1562009545983467582402052633373896821187522549297853554076565309648953785195367250288171636
959361460031282831783626563298781449012307454932285255252941905502182798984370392852664932
1191738290314189869725452864126146499583078652683485837490373905741680466146313024606398680
1905402283833573937100981449610902346719978842677059475803139855638015934164287443689266104
745329475845103677110766339950693384417914402445702179591010972397139727305164759126349802
962481315964339967340544482296090795853275689696087563358966294845448715505173481160387213
571745982947577671360456226200673993178152022232490688603385361965475545507821249082022471
1424960089661509756733557963040688225704645206991994632720152729380163210894574859555057744
1527717691351841962386484957669472170752791691785145940666897357510133679689624403364434077
1810586478391210167759471833623588785161315909210871075272493162660568548098543195753309564
1821011274308275170457800968732441057095145212574166712054486756824751162421810864128758213
633354020846534092636104640938041199654914659490165069914434237849810332471286457032190285
14291590108307576135158047247985427733764878645021074896156148610439180570340131935993689
766290997863878893694221435603751716405325586959794933056127081811686175712302048498621778
1376802369620019025959849250197462571068330121654147244772285007043819333069789228742463368
1310167495786939656017174782489554181211084874568214092116135929809629230542200334920982060
971274655179891102523233039417819128655561996736124679881263893852756197690461964810380605
971288978319745437337609243928999200584404118705178789992482423937077346072530208246230338
1355347331246241949488577883653248500041857782150699943093618666026616493162321005647527
1921454601782094069180370165633571148967973176662794139370646000149853153340314750246543032
886266090808795309993835950804356851947737663425057244820913091171770469884737748272999
1473926381812156219874746337310992268532582840184213965570608877667766233062883165398880945
1174451679566113256665389030802220559393882329098555144772472082512675964341544644594769921
1312471271546178255365554372159404903058932609263199391445614493627462427641886833593150669
694101856693559731567519469612465346858359831231551295050861939119360036014427349041156407
1034663476254280108093909525639970942387893096166977133549917208925822549637287134295791681
431062629973076342496629686107847338046586643005670383871675530657818283535495481025566005
805468171669854120805069969906161243176639129021265396098656611584712799433361948044195852
366861814888296586993316681645490716288834491199187350693006887476801327839737834746333744
1147724906307414082706956831681962120362705668120474718818512761878021650812009432813690074
812962739081642970733449506523170077653624635426297322524647068846361611831077704261547453
1065656189860410366498118514750083336528943113291342284930610940978664963457227997647156388
814715076009155253808532388422269339948560927797718822271416692543380935676931862676165833
708619743134485805791049771921432635137252707162598532304118436173713443033466883753773540
1889521359657444377274617768778666378484482906646777152508460633598375770559398429538403764
518509207601222744620517777125288049359937686100828538592110235894746402081089435541306480
1833775410495858579860015224113295036061738189213642247613219886711259950504559869080281882
1900739878196084086775457809872981711610277573200231688933540873722597949511922291117727748
1118760187095786944752959924108611177467560449198977472037310845578628504315122925393444216
1145357844460050495687985846731183129695952005574529140754073214588044545745936731711516715
1019087543314992640235236138063269517391615807184739746474572801604231552938360994773918763
511209630979205688677507173848112921942724207886354568332786034313101206680369307025105818
1221005129783627721669594639611240336416115789342408150013721399991309408343849455598266479
684488883187745220711170794704689990136181631428014689709176807076170734136643206382865306
1148380396940843951435689699212825787108605663027017357702252619726582403036366975917149683
1964659651213911554810920961303868526904956106789085656701459415471506967247421295592156349
256241381352228838764813791092468594584751099758318859514697243651898717362636603532249598
99196639147766633483819156362997021127908188411069721400386878895558029722478891029134192
1405465878256575857402851280026462484028493148084841325868233508726191693895633206614460855
50013158382107975655359177700541857149713792543032961945021527404875263761796733534554547
1655147551406921637861768016369323061012353409674650203435083036920099043919806586772766363
933148164741848725396034538546052345528272685570740315220762982096493511787608253441761456
654415497304416479202807342914817952781661273134952266989532690266863057569545961386080424
832387606595602491705278574522303572924475470842747343058768977737373722360507220084822793
268055397243634095689339377162068816423522058347305381055181189389947617213112190682018331
943822221667389956235276741879159177775069881784384606190178532766796442245411682264231032
1309804719624616532465546727767185524088731745448195446628905128335627522055170956710619783
468517328387898828672607321567330604476230706918799708051862961096827683238216574966934503
1836244874898284117335132586500707322318454843260369757668241912102368587065163006903890641
710986126675776816142564694180309229480655924116293916723488270463625915691154867449981428
1307101957319184200502364066580763441800691672844974289890296455083465176095195394690507153
1037036068699251015223327364438232676140941113043456949381821902007826544147188905687029511
753317158618030099610343035776431025268236417253502768709032297408911565305012973220024883
1259846031210523184497023093387693147283324507034552011134476389979735777449989723371047949
16544208889078904553681151028722191917694309893090351012576973129717445891843454965321645
1257381736965643424241087237783969137290385392438046698267795291555569482627365750393653277
1573538569313133548015758272924602633163252672490282974885143712988534652615392132913151011
1299348099170904812640253095916638773215883617505141886304544894654319589733802299749563846
22306626590113210825740130310471788375299259930503468100510236401739589546697126582823041
240951071714180877208065687311365565598324099611661942554891431421599743353896105823785621
1404598952848228265308854537367139404215128668112372130320418685990374183340598967716482727
5620339023134036669495886337877257093434118197341816771392637612125150975008205194770430
2021705762831051756140153342241137672056541483525198116303177316144124484200086376882307591
1359418744398471179019103856855983792185129993030751445975711574611739438257351006242465375
580270611764516526869305421075258913220951521563725791076803442182173670229221845162480411
1505244393620120990275623110627651437459133048179340429166506271399514116210687717193697445
327798569152333975182446486340322668319570118968881499197207825246288270183355493528017109
1013539985510645052642530764444582559581784259334711726271739382836492023736572192429474415
737770970236959249079937256041712548631423462892753301071212637517854408693132999072846483
84913354539857069802271934460179843548254888146549030722694540647374950729166521877308331
1053254377182733145634454507379827106862973102840749120609181895473896696885867309098745561
992643989529841773892717340983194717381843139337409367393043752618010056271401514691381714
699666295242027774728152902677450996081453764245531274579533607477534611167132142260475377
66042092969834829728466787425032580146403106965192305059913465010411430689181073709323649
372326906710968798141948772797458778381670284882760948061681597263009957210979178155616295
2005805653469121462188958488969346963874093239514403021839853764911159486097861947739374682
377281802784095853929589464060957669630075529602018976912957265244279960677455648579759256
803475453118341932673426235861964208514435345264200947662404703611307368049854619519689474
908472877903904005349352922932536982338552322724978995386344702125894106787247537877093226
1500525443394088056434269208620383324605585737889330816486844610100188511700239927922505857
103771200772261018867565407781588299860147670561084636458404753121415764460748867778078035
1477031308690300864882923305616499985305508871540853585988102058597845201704635620339250294
306304870582640078581633045370170293439329970007010923299099027992950961949727213481984932
1858334791573455096330240861077640584679261570430556380293994442742526526643387643800479167
874479761774350951624914697897392545236403760833323235648925898084170182697019601822427022
1093171114549755670690249124616943179799969841275192384373173729028933867758171077930583030
6164222236032955432284456365843060834190453437960343604582096678846828451504782537847822
460547565373784131000808137290288562558554064809884195309095821886964422612154983605697473
1573856956338499933898198052829616435742505271851896740860994314329857377294299283950301112
1986800125581042583244808056263726344661486203319946020469657925598312151944508963286483896
663455392810507250299183125202866705871386122831240158086825903433059454579302931056808911
848804653098267211607430778693891567010464274013797948569295017377051827464770007537719602
959927456979307171542327506349668905394138949360820676326257612285305292176598117402617411
1307842220975294841104865033589163332906685170776583213195102274515892520948201481861720039
1298752260438952941013533864450737300627991649645598758412337724129692866530843931801573280
994495869225369223883271557220026630679384016245229373956052944738156229051902085296695194
1361526162293580000691982004641760746689741178814629635779119599238528854289182163734063525
1365520733872448654660598793037949326683859501700254460779318434521337952622203330579210913
1414206833150258998427026715738971732688059888008548582881650043363393048947305448144432414
1394675385407410881119291448871936187372926908807852465146844258575932483535886578193813746
1809704268403694245235361532969086220633257108549759571606054803511395003144549956164794818
735611091002132796801111284221964137258598430517184620514115809286021719364690064593315287
81448475388563809369552131034635534789314740957602092310153328245236583807396645427712409
1424571533180822148642814201373242215091329173106952177426697870280399390572259320230442095
1097442105789097202801911422908786285607850907726369166913774302749539276728983843485216357
959943394334672616719190020539180111170789256216884007182574564501769708595813964490201447
880430636235826294466247350271091725766780585966450982653938838400455489208469460820469414
846457276310142856734306963878292206787617973819408426806703089159142188742156672483777742
782590919715800204929725364085876666618626564757982127977362609807428272409351841856758528
1760817000236522683879048016063587077030155563680572906613467572049959266811891418842824454
1692555758499981912606743369080276816024318269185092283015182015284100868736173611657380402
674923987032232355080158349590266570741137280527945632963780618275200707671274272796226604
632197910618376150571243011158145406655901540869880913080361621324855302876424597720729408
1713152723693941373836943699826110809941723079301447958359539771174579094842533861343051565
276843810846418213432659632552000051437544666822805220991102219121607634287352443404615516
443554736018973084133372286335261293383153396705974196456006195212054166139326110407875082
1330114502755023606181155916681578670162876748915991722081426395870299796871839393106002558
881989510595309017308568071661754341252361561666432508934263412932937682620479517989465788
1369607512892723752553930720972596847170065961396896776210167049660463762392664029581481454
1291732807099549709360332978285919174043178983688405611024088738092352550514407617442947843
1777752684017545728099850882051423930707066698647812703830426501933766289455678038406865926
1097097207790439049685262098751254565565464654375297219707081188093892940974914603665409892
1487366970763724774670661908339866184369388711037361654478831720875246215118275907614201014
800555186360034689865844161244452351615248686412288159636444253996092902297308036620031250
1804545203335639235605684499021478570309322171514967433634846267768766824773806051382074152
135697005194396691989129229720534712536823809066338426417949563628826217942750121461202009
565684870492947743075943937452373942312961674346881053792944923335278734636551774663814401
1827083279442538344875709710389222505452398333464660958091352267780263602673929582493585843
374870633087672769905584324197618374219154708315891686378108073141796214204263383432742968
523237301850665506462643898869979798718245740389450645304023438546096191101367894173495524
1419024155361765532329296572622205784364041661108456227492964056503119559564094381209615191
1129435591309789420202102843048487988462757934242948638314160084351134542574554269307295623
1055098071832671597192418012073038296904618021779747914520323215453437648778702451724242484
1541984689565487158775085533021644323247341653550879039507064338825514243612694060659251944
1124150748143922874198350568042169526138244531402283255493772234232154545218576051661973337
806788394195446325979638578522445426966341976200915679245776948651164578680945298414435824
1184378267644707162591269541704210349172110433391603563544818339824009809875030384633286336
1931462081443085221032073558825038223637337965847621972131649262217119691717885375658310470
373568054549409289418544111823588083181137124560997585454562322794584668439687960362707674
1764632289945812587879495316031537226505328356030276048805929568247888840774327329730930518
510717889018996236547670680151542133881403254865069950835166611293558303184444888553003572
189805360472904884058320104419300294822891679061008551494875863413459996330358487423615050
970882467899408786054084540469295297299954046604839586648135440495897122406780025954522666
1396345640990805644495805708648291595560606213752292699639445677234136907462413199761512190
362806773031749804918424140120599276304689622111858627327218359096322330292450406028496376
1471446340838740739002266423521833464495737466400212457880475263823810592212429256437915491
631103344832630743195169205307801461574357172687709515241794410680569131263937960451682048
1819997508939013659394815488786359136167715927388877039291811153090014128603803866739201572
1064188201640479665900885549179409822947749774367364534226248188554288437158250212524588227
1456040852193049650114867514687698884537240125204479155520044174334660022376393256796017043
906111565769912665346765741489632110960652782698820994159966376150763170645367739644184175
1452924152768572595198859960979306714227980975523532128913247036729318744896592529239398490
117722981612641876191099693657648655332615468070655449524230824320599073517566438015838543
1963155630123403693294484515546770684176331307804828731894808210636733402774230113087544620
303102015362625692299815708973050038369590975625449277313527394658736497484419793212863434
183873848951599491684443931426941054948641041355646690447518250447012910989415340170345991
1083803577352606436057643784627441673988357124640746255179676396194071064124664141379268302
985426881294823449445466833896818513496606335363109635707970768517632320753120951018491944
1921057588149324651742812183918761638329841166013413842240457707843660467947817543556882109
1937280384266012435364674800742364166463949102639316862002646272406947836378589176439097977
946046357234260443450776939929346813509837212193551918996733363656596922768568403289934906
33115392264113134972039574639257935002618100986764903052676671513815568429248838869867864
321460044591351164610831534780564795495239983200132424091355520746678341229082839618294930
125410545254868861986336210844366383771656752326955200224141104083418157033703791611090267
773231005097837187148811106436910245261587843049120927282207855327850140503027476793577906
1107056774580303724408259196034913536528612165912678645560876407137381174290679316858726051
588915034226194044297350172831341615462978075340224101184604681993178962710884453904592348
120058388240844326606728119040298773750281743831787397893645218904973210888918311978231282
1050981064519837449174980572168686623927885408298533800422803776811876768181368233560083535
219708066230916289585614664083965218815146717701164744178855857111404019934775516822607948
1219334240744339544410884295733490998231707673038775075573799889412825464608819533131596649
390608296330820818877939064578892121772596426270437220837468345691115095364206028857561115
828457011109369328572052786197967940729357961760121384962295778479099873319274091358243590
1001399016201545610905917083904446605355717427178465212954983752993041834975584108008676093
943778454350298329384900306139797112995395047648321257328215062113164287980456955810934499
1947200345757237799638819943045839643501106094742590915211510683051596839237162244667272380
21808923655303552380977505680134069974369718427242581894594383814135187265459784624926171
2023933118706760029743319976604873586167994141161061553009572164524724317690660764488188089
1415982874417042094686031291012965949224800626800384881308131649662524481278460822287216256
1699808329788076606522499590441205723494520015061560524594708067003611026353441012044468540
1064202114270677935474631448637556433305075669379704471284559263307002794866449576585436342
