3600
~
90
~
2
~
1076358951953181418132704648
1235319365234871637182353026
365824522813693252438750108
1105496685989425681497936133
805934647433758295970422289
867370407978708165339985688
610260140904697795609818014
891147602843230016285368457
1148157302847870647582862674
700122366453737987312515552
307810817090446547729661850
1188123747019946654227056327
198182579383093064442255647
1058884748421837001307242432
367207991081448089267134333
420662122775376728307387881
729563031898256989323509379
588617539873162476021171816
463422807488213949761403250
468053763233510873100620002
71838721803258110046027998
524663260481578255351114914
840643969972460952702717912
1165433878575741504097916801
1145076170632924411788061906
400310880892716784303006994
382249364368656297575160822
1051565960203288382872823871
789301709307624982454426037
1069533423990534182222424972
922474612329469937023315165
994898885200756222463389509
868080893295713552254116755
166898360558401997391288003
684858168961545210485754824
1046715748433124361397805114
501179444810193644253829169
81066930427834004221341878
288060325528725429929529988
715326853526452883508271541
637914331321179407900736364
1003907408448383677948076587
589504361204469240348075885
87549075975782125379539953
852416549146784420555675342
331295916027321493472613546
300767717921021021710112570
62607381103853751063235911
23972497681220900576855896
358903940206489915853275443
719010872906979140290537248
1116411535058029683708750460
1219883415529201700455749776
203619216325659519063142555
657508445382080165790327414
473828474335062431258135989
1154239067638413942814908892
368829484977011372374942532
573516483041280117907651100
1146753268680439685369771390
201021803644162753621275563
881534363594137885742801981
104280920716860050118950005
543282180185429516603179868
247445440495706287870626130
1224445425134957891610893854
176932031361377151441893586
966082056943441617466686315
922358062529853616649011122
1112474720194681682065444814
983880126559431519846848854
183451125498081712537396995
1148268653872228523706061555
1104846595631703060481615671
824554604473950771466302833
1035307683835265374158591659
768165511970393003303436632
842619332439189113434610290
756416267902148765082212516
1176600705192438234892267828
1143473171585768787979166595
591953335268471382984064040
990559356078755337586665713
192616161080281909562327557
906724851131401991616391971
396718936837068964875147508
1135962909533468504076263894
47824491328658974543530601
1228903106095523429568044368
171619949266263758045622547
