3600
~
200
~
2
~
732780037914169991366561347436415464430376500911511346592332
770461880850922336970327799295050454841771555416845565630803
685841994602190056532277783771958002668909493112157354024187
669775952573986388541414783407051387391301664886659345778414
717863494766804314461621774965647904180541800287346386976056
1066583269813589530173136021324675243787932516099216413324799
202862947186855886305745767350043242132561212334620045737958
882480451650547302575026665534836754834124874561672483117237
1162361206790055230863961636772159149342741677799928568923710
549838966186633535412063507138784665529365834569422514895018
631982334806894076816560663422437672243358998549544368428052
1165587688184922799669226036076527162774111027743682571250744
543291800997894551302729266924746805154345904887637237737523
360600162471928074796311096526456368531425912529781759467537
1105399339703196106034484645507052476518299372883786611789770
1379529668236626753281032102352751900298316884095797089866986
547502511361006666191261471978613703530565129100125768964138
894802752374088930360930301947485125093831328146170582500394
310421979513668130117861316987897251598563839891186404469236
1155624901308857992628523961009958301950453145994107279432099
1134943045925014998918546523167687387869268215476506013547992
264401015386003103049423628953953354696985799704906498171575
311158212575706835178828654300335812170068713985024292057066
217434236660078467561506463783266610536828173584452504750591
343229578256344579945840144897970194155425480238770965813709
242645071760159137589400141273527149130262733066660731227357
1578625168541904113666163603794477843792975602759881018562524
255672076261200148703155358210549938771040844068514018419306
52800855875591209607091419080674925239127625026212889932062
186355957388977699128630420969249101524125254131066451133328
1442043152269118920282706980201695457663896878702574227559295
1003310227939882644209119480778080445961498772760161042888195
1191919085912129050780431991634259620804659752394476131912819
317999623455803921399117675675154542630895308144034297203390
1508931415707894901430594874011748837132443714165317351389783
1034555857688056797302863796129785520028416428789270667151169
1349038478133116292589970827019399130231362575794897777337761
1470961371367397195429181747719772524310888117190626393053748
159350270178612959906500901269158351169781201851951850391605
1539528801254911601357535731222502465653369561330719246789133
480528999587359703557071931256888119683781132666640924857944
439593452537764523416472160417393041815565964348079702360237
1376999643463836859799577261049048390375329824212450304718953
1555061089851393230327401276166799421880398962943722955673600
1413586480965235418008866660942389240806855886242314823016658
812762800909997708493063368215417844420707446067523490898356
1413374551448803385880867660213201517485074632295885427140587
452773646509460456052230671691214984755918760708887838172976
860856674695657176353805698382687096266163963819272382263782
1433018701255743389581557880762466102604592037690274097074479
63249122675418582870197753345485539156706429990974871002275
476895721126362134265860245204760368584270739986826343670080
665729629222077390518246270789427241063953242064048312247671
1164997078051858338108882432872177102597110114431656624800627
332097557202197687990351460626264608196198474418411318484700
847511913040669309552189431551627056530783701128430690222508
770452310455295557464360876016235923731304892161171377153989
10899152657532995441674562586275818144381193319159293368808
295023083284669654676616680400457668907677001161986399175947
218279788326936534548058254411194296677621188459663333633722
818575867223442868808923176081170399748521226967453510984025
1177846159500689869725264711035869847027155244175894188720320
477964924369143995428663878436136357316847480390367496341142
1194057299073095315855795935184428622751392421801998125136493
883387132403849388380939547976412584252110177539213107201834
666010843229660480740300259586964504182850844151567524349334
534256028777212110227533752651686269959997314328365236473440
1411541017235466860618727725944373417093478659616320710211341
409187205477054981188430732059088826492694361631840470310872
237929621035716008054968551407579146616175540144116285469771
1120484266533058547103734429592097977630529464023927000729688
454465509313258488639755111764441301288182723459100712371766
738047862651873406557520889776668150476843234167975551335856
1356019800737930119429658683181303943693528329808262497738903
1353350415966785849535934415787809868030556051891769303519960
224342872636607438144195954179399645724697582566820373453512
1056853570059233538845563823247502463682449114744196788672932
389358487199741414656274132330666916147635400968045972328815
720721960189394565506574271724867236966252313171581492266260
138827745539939719996501703255018892836565075562846590696059
62350372876866930552903225686272356969545973316520544426708
560593873734871625065529340631744536211528396604800399765733
954459414667192884999485248126625432949728510194424667406958
1492942862433285779905931376347386354543777630182499644076420
988700929458678899025892207607590583253677696476446816926039
227212008343643042810883524392276707485643494733250492629914
720117886317230582467823012896084767509682062554476846180797
36744826194239454014856721694951701445964706959374430076694
885415356900519451377919389098377720776527145652572024490095
806001057691071705686467518585767542034267965231172560870309
592922546875427475265319232823043162107440623202593706201384
428551916746496609637849187792882058405294801395253564901262
538704132933421564734037668713128487187366476437830190632140
700478954120873469064672749475917196112129717122841784340287
29474774234577817822695859867164499931946336694651506848006
71243591324951128690407577467037044818949020537653524746639
240313969191157260927456344207053258135491262382279344253729
148160084545858395426596576983812001797346288329056588018491
321929926352832475552019700903027295577115813330958318286984
1527655809500508158071088180089493255866233468748328125002187
757424888743924551586337366032541095269273812353983674401649
1092571782747008051224180800608699263242505512029210015276613
660368539950959102930882291456956939960025927935434837118662
49471808659274450306343868859360138773401286653137698704619
100362238712046107017249729076607647555043161307068885914568
257260545633669806681290949155982382634821489810554123259564
549906679720025812264161421490194118440938218432147260789151
381751012748228276489777345316201918512723632008150426021422
942761482158626260117686319831100307778554387704193113784207
1195879023105906643100621702476559364564362698576969455986168
1576000131288705443389246568051383962614431977998523809745411
943201246549930747916702448435800441788530868171129872010871
352266935832988434952392115079910902829384213622417529089573
67860986911298492665565172634084555141133861492291766308942
1124377207644440569567093508096155529963578073408597072484452
790927924500883064502646818040589108436611910307259558340328
1559554919338617170055579578401930897223494471012624629039173
1576081770310955857259735401374062733600087750432837287691531
1432539162748367106585994785752819098525858299100324940846938
841053975664684143983667020213888397911137070685299340554199
1245189041268593595395523999658279662179684435215559305750252
598369434437441501439555680117182790038659861228052369857136
218730479646523032814143581786564229476000800554996300712009
316948986464748246774832810476366319371711499905555045748817
974488541500117478290207947896897143353232910167202259608709
727502595509021333818616328994271262385442202783875946289958
932491855951894914931265736493411576172274103183436669869864
829534557227391586015285294718734020527159573173366970931767
1034084054250948632036458613414077703223053947389281572877804
1589421989714736222631274429684447947667283860891437252628883
11204486932139148197839819257757727523690190775334724993202
116054591420937907450479680543625007891336498258492526211505
398936112813232095675515258399436630833249091462279251633391
742104754190226220280992340099444693414022633068679692022819
718683801084115112883566051769495822061987996667509394977385
1062839336256765829681804913153396050436074742919194242054259
1107729610397042367283139851572589022734113502320566750893329
65101498013532431918740292520038680982333122314734547488157
1033531370197734234408626536146899723561138036890724705259422
801717622560525083977157182060506780208977890781625020084964
1466543101752621653032308238941991600051105583827943492944597
913639782831001862193528963931690195435130311247075059550765
1360652838903819062364041377483200266490837718357255963273259
1238477586928926248412054231439537640183844531010018530489339
890713494545794208781181684520827138519614309707845355691726
769424722176853576043169968775199685794981264389467826311015
1178930308259756881976005999372075383001989733098217025991103
776892045486479295763010740062107884136872347657272616023276
903943190617747140546777169164650225138131079463722401007924
845711563636518951511944787350247645258908644332745160132610
541765040942689507619760705368015857519341085483975099424765
1488434091261647003556226074167654383065637824580010393682131
1202236940936003871963997652457516806506533830321901276565153
1174521153017739456703399376879236961957739830012170584740440
1466538746083697082031707912187750478763957846843887036842412
1224037353215728373394257520483126834658571712430542455041744
398159017794419404967258527832426058656154097135891953500934
1459165755415584381994777793726733427004201952262193530712909
1284595076922222779868453628951654488448799070685548496761212
109026211080324692379506813112761207878477788229839241256190
551908009633683867160073974094236627731456750022193297144076
397955271863544259389375840397400474415293083280281627480106
1444622654782968277060085738339474750856513721160444949153788
41541209254210008331356943932183475933697940892713211463578
1113328998906424032412520512439136077154642242152196591337873
1606240698523607357739119156374526798170983447060667834261010
1077910621516604105406304303097266637512668316155871735460432
1149917704245714887061422894191241625273934541827186435502760
29888047925115338980162059977446365926498430217910530336812
1442853891584980978700398214587041994157115867187846609924162
91582353694749175309433359224241191996634107523951116198142
147638931938546798942651791728401313219444380646888589366955
998450993736769923755898889484175678633647721193369325115289
207666649598519779984653859216377719953254103586989099709188
1287701889980256274533993119763917502502585772672575504431603
1236202159285890320804263756161111675665758139031005036078099
1131466923530985854528945329030250629729468058979766502036368
357304020543077823203320247602249828382846623734781311981381
833787920464315688470432522662970219537942415234804399426310
1008666434705803056494164474311144024989294726372592558422023
1535114169047498968241883912270160400608751046080463689805082
655449313079693696145082852172787372127087845452126049780162
984377699888012000343491587503269370140894661033242482445195
1896458945646133139373548802380672451520175940070533322901
1179941110424962121299752876246376496707540039783395369999312
1023324719119213312942568862321192167077940697675200031566120
496721771875160889963862473257977851466968638685884930774187
272021720584033435607642636894332101797489982339727364134076
1486459415219904241000598247612185519779232753525184276907353
982293201687905629540170036006480118735677094371321650427073
142964138188188805304976730701182663359741774060384966299153
23233507854485096551020327894567135107473169771378432750359
528902349991434645104963695889855872158942363227969333581527
1026117862219169070386783787141132526073669940083254860608798
754381125044926530283147682094398019729511003774985144701917
944264014016201320097483093296162235253294586732188873460574
805768000027364102749069190461359722424651140198249981857596
862715087909140987338510528635944935940682467197943139104737
47201737263011305239556169381567770517004407539958215985810
1550019182360747734576494719060893693725838435811181832814353
