3600
~
400
~
2
~
1242691248743299579796775067049570401925454548699899696543681516393271415441147891765566617943689981546360776927935138852
566045993770776545699755166475989338453755565912457105155108783173712540270474859521379751387086632086105913240630904645
1342076670950065798061366655866726661552284985224986401777945632422908955243430172269500324821093871914973465904403040783
683786503243981852053013356383616033363014826611457577166035862449264249913733290748371841531880196520589054770756266722
1181140819612446806402940140645453383042903586634514818138542036812323761391104482820799376444516280159206938682472612552
2072053050242303660069335770804518446415984815506140164523515169665833398987398204754960262180095507709342148194476721359
2500321523147945319467392121763271345030558798969112956278446773755133101651768302172388214920664909885602656172954297329
1896973369131357291079121751547165797440650647465582128124689090392366866747200928295132733103197138402552645949462125464
2277894659015115994158901120986994239973990603951559598528993489107222094810061658066536966733638959675225215785518073917
810082523543489365187587500467336837882161013342745200589557285833377055279646745290855609872826840046792160915968190005
1394339613221722824754083474405604856695394491191221470419310557961913801745836493750506582232741715874811231965789141158
2053765085676055768732590978073253869855889489559486857055240243426907419425179360053526567326105189643898630772336605555
1638862294158322124631974044272781402360895171502904422565645187404216626340018057457465083444793681144774263674822859145
2081505362969963114658059147921791023108877314557572125126068375028093380261319917965728311070005074969146394351658793114
1022892755483357968005654267542685797004091700695369675325383442310589178703886061745978108531794687614368556871842967567
1658718396506802734529335024970448822439658291378988237269056427877439906444337659505719603918141922479261323260547951143
1162741784440552178497642303785431910309381354161893416846677518658019705923348404709544000590476672738600709473238833596
1643988825606846287896004415934607524185699581035707328399039486863265547816599032005326872497211757258858223910452591273
596361012176100752837172561272555253754229336853221674912022919040217822312884928135518164941240308610893799392546643006
1346863343854914614114187201192477725988392852550378364996065329149304383137186649781542315296593239045435637738496195613
95422026146193096005031147742833644027498261212774640244867849057031332465977317961606743278448868992704453764875130612
75289782779240329774293206285077008526746556654135746666754993185412951906428804571585314191065582660569073413276854434
212210706617362821692868065023551719459458266686401852092442822776036033342709823739107720978703505136392064823176535556
796938907951506758738397506625821048668841940648877623770911270444938740694513344285915175100020302966408282940506437321
1613604653264380701836526495360307768098606126362966457387002468878470162288860343872035470541539704034731317751428154995
427764969773722587179011951258692164015540375169582069779227466952246375532536765933907658713051637275881591483884630454
337317786972191731819242213470626247803174043787214874152389890270972977498248866401110259940846820631257010332551557672
1471872595338554016776597277085006786132734385058703613481938257974849730214958115822044234620998841923251207531808969079
1727263097709249860576652908051034069539837217891733382668088089124265412511009189722274302192806952576572296339304355950
1152675368127182050461901045599349791162966334499104975613052825942639316614882697759213381901819937535447830287932383643
1113282983310966410787689219874653106828811960939489936077647198966773890549619452084971169789302037415943620657916269054
2148310351609314283687293001387257778664032526416196632765093159008156458826025242979492524034029166929611645143685492855
1146729255682544574932893869920216141210428831614925366052831957245599329430528283023470031022062332485925634693505787436
152566327217370695017441755788998968450610351657728392472129543906212801384196733554770838615870660553616382839025937602
1728071946544764447408498936260761328754339647051991979575816444614437867473247885383621875643389353016411727028520985168
571622403380611774514289009044000354735026495851530084767224223824418149093242279611754321761553284974352309170427870534
773877526326128975487788387391341585662989082369788195464778664661904093525310161637065989459487740782674644982921130437
891111129243104571928172936075023126445253324196621010637571387716004455140068528871074341134782046529846178658121073476
16150494298940821004873508023624512210085026028679648353544129047661764049353443263750832307563901933197022619389265118
206520158672635271024832713658347183296819688355053044406717623712888183170287751190079200450146428862229046003959019162
1048610476033700314947687219488898096803440208054238758077797257352878668558362445486778422915623712763651951401790778809
1676199524529206591902018486287442859517035721676318410078669753262868118831238526606760187220854081629966441036604677440
2242904294053997769727547908047150871698362476812619903789629325317170023448546209504708625427618425456735334825170024778
1199451803630936243379315040067751175883836373566174472160986723926919965151543703350776833154784346778985608061210678613
336774258929279574922324061734896442433653584787740822503754438335766458614638943013004192432717985126791427754508637996
1403081846525840294411811797698793156147641782565963571957283319013081956036035097614493325016116764683331586583766823792
1112104287495293855772025384246555099731602532873438389750536625761175152840503770192897626947281515919461252623191642129
1625196737278633853123806926335937153532744178913304385370932898434652883602176351982610752644414434829744282907198559232
2223493197657094311943473251304978266487482681276831913022823303384980904846055344230081064849828615542972765451381401404
201907857244058433112986222052932329988984376316101474878658902593079008597278451504001535093736535660143390431057821246
325241032708893537783458722439910907078143839661096018589202380754199366744854688724417196292842441702926430284227191706
975542001509565687651631939690404006315738102423377101079935535826549725530212299953716163128095354499654719686830197827
1613727907903408303478937127360535682956864296957256572205759080245406702434029503373218953869694504980458608292872872158
1638621807391276871213970645954335092729190408214076425500085872628090832536384181506240393400094009616035694241149467861
1860230583100894996098873259801835899707406459957322073495878610406763863911178232098916995212527730981938310974663727978
1211479292580397935968167812650226655373228879817952603939234934684051658799589293279265882339496485567773765666003766310
165703172563225258465299034090928489201083305656848994791396439864492545041577667018115746510399623263096209987409899631
1199233768469925846322977224675500368664192847448643340284761795044223107457814711098429310302065934380183113581831219072
2087943804038651111038128379074622031993494386473997179688592020441068156847682761331216008041278656937529889670879902744
2113981139686038137874362553919103832915208540914349886533475945565392313439443879996826814237836193400901892590054994927
2424692308202973606650210798739358550999421147744587283214884617065822253610626100808720941807084152936249658324693111969
544117506901176104053615065368011821254892226944323637123024070900145074629458277711343605226136123894126768114887533780
601689075100931518860121508955351669498576474114672485276238154738903869634366594952110639210602890850785438744085262083
2441698230240896569734821750649120709842484359149203481491964014887375939149503125048398721747122437244373608667710524374
1151512884026848020219510211438009365837420813089654440761810885389189324244285356236190898685422144069859852209144469680
1711539762324616991255393995159811893902601565849791343620960194162738771636770218485868813199196057400211068347012297510
1085276178155959264331676669924019913010413685245881714571454811170878996840136717893121649752696520701336494884101987548
2512155294028368347014629581143777841000240902187765803324436574083388080797058088037925169170236822446475233173966369833
1931669685038889376975990753293210179021962051637471503509436370038900464916889809172670122459756597811111461919667789289
1018719701375147381387106480959246711475299102222417024737656780991133930193411671245814051379363111166824484009254183560
682372078213667479145199780182640820275717536907882405641531986145234775102611263881612712181785000479708438171902675683
2190356906132450501540910464514645573749720012314055873391199969803364354768637516060030446644312544055157817585661835923
327980692291834225675916783660076973489297728280632038047415235225333090717123036971583850322991668553807315611323851963
609965002681613153628434310974215748551692813540603053217630635138200842468302817560222513009744870058872452185435103040
1299624939038601929766169183627090761563267127083618686702156462719018394372652705196182104580062862730248447781909716121
451685074169956658793921220955442851813986177405992842627102722826461672464745634057462454412819196467865696569932260192
1286654686034041143788458405863756118395661472325433615516461815859518516950418729031572850658850612047231109859945731484
1999652895850476584539290207802034908206199524050634961096264422793790593963684938559019980232108224918089277294191339870
1399855195602017205242028870554586531183911578853836949657505331025089254375525695781166159325418344245775793705674286091
386383408617959196570124898248735135606187876912578397148756038980987330398848940056634032298770486309093966919162407198
1566573843934497921232291197988938119607810766621058877017922409026564520833435794241602892459515819443676090983980668815
16238459322155376270077336512055853077736005392217662569088536001933412236486584970191544016763568140077423103930165620
988281535885245535283730587800650601860892073481582860347530506377466361348244892528506444685752828225131849176621782993
868326739833947364116055679239169065577126902139437876646502666565477221170806039328795195026216873420363968173268528241
1636927666073983456452883032366320884777089642928995120014800789376295183912844654674182107318197123018146381345714962381
520824684496295827971924863385489520606078620480500625721980302587246151598543980428024956670451830884533859942127473423
878753153832501726395738963123258545091748400788126181967281419463552073909346435862688428140619732805386063422575468989
1270074260591489399455596677970236336527068605844082675886965158953715510929014798806188271894509760716330656979183356122
2463061555456974943876785500243907321122931805834645428244275901497073562362309481698504386531535524844114985729570398812
561508452308795600379728969416935564123925708387632222900442841311751366740449581457551892215065872503170206744461033828
1653318190140887455228926383166184014491123602700427001055420210579866348202115707772487414713695767871233103551685000097
1125390708371000962168835514012279057062449083951462056469648079013530991850634271537396257122518087093905826638067683139
2345301955927136671930743273469059979422680561852779030999725523242534559165433378984901494186778512993224119821096327050
121241237870733021494456292973094186957155147218931590206547994983613207203434341242505779513912092217821584361041029987
2142557423726503019499157172077367226686255271755822455293034680577228189148214822494268995646725815436769109923669828478
1558219270243975192922200118342414214154467175000781041689817169071111776640988258419015396638536587211770439220946853589
219293007571152803355228245641756102760372319275964569242693169512118656343408018253561036619571369268358939624882141904
314566456544018969054769339793162531572839207060239411198734629228449390587739580069278047340341195385375931986618956329
733790610326470605227000433230109123720715360450294764278294873716515964938460333959146524512965553514710458125579708454
1878227633846027556655264278386589310633416892468002464483218071241190326463947333313217772724457037905666057969875219236
2323172462445736261453180985780320156623788958308176790120943313735546528985556052435195569387509201982899359291257643899
58654356671953923764535924111396079931736288326395855882092392507314361237159808752016687206419679886924277325665688966
2565523136142376107728384764399040734321438489790736326185183382677356699642305531214921521739266543159892019268949437583
1856588725250191237438454204761684409544174680619273718456741247371206849154788231654376527668031490416555251733572420412
556368722620546857563078536571042689961183548017192376730075622524712702224590065911822336278491734772509605028791228144
1824902551752687970572642314794306242886817668333695404646575330208716384716525659310106710364539156971362834274611848262
2131926605203535598293861477154152240833310557081682963433946648490032501660368259296647161561832873755341551736055542660
1864429995950080418874501192890087877728253313621914375945612521052804863086959484693286687036424609274175796923323686368
2190646661771930803064376171831740593431392608726988352312187501055740667511360397514823157806356407089215896713568266143
1530349206571368521053565645343348315985833297872912274297293999444672233703362895617806195631846546911899370611547863616
150340478952277217036482450863152229216285412315956144720262749183614055702682866084052662435255608438733319363265463172
111109263033321739419601259022971056409866779270240363504056968579270244083773427878989274128357258993375880286189279996
992052144309374165090383386558201148984680866469076884912554748685839580321476259015201810187391582629224568216505123975
2325513028882230965388768550255913241050191276092524776761318503447398954493648898905645961585586992608040376314271158033
2232195641317477168373453447626825718068871118808955407757092701377653205756024492255552484841100213712117344738038138160
1593046095246942971445710360154722860159259216679289310804064396303675550030000191259117547296839010066184094591914873004
1154544164277493179541060969267065354175111163855867804333906100547884901497659244625579713811062256954184639540890213852
911206280187953217644219449449739164070865911735878087691637932397347652705880439446023184575946289009536379928198853668
566741642488605874216436921762797847220298544223808724468599618751871649750647992245314326732634640435267509732135765089
1763752055013599151757403234588643318717036682207723012749834357355874893531317788535129350450530019577093500256162355466
923414662474663560195897745117362129519602689924754153569924646833465337725130755058742601734380167214101179560615690532
1708910859791275069566612493655717530367805189730284632830951595530620031265105357636671950926388261967575032778111746602
44280415597336644553102540571060337798098796779743938674713521605558849767498571957886538821056979279654853383560822281
513867950777868606947720213486316004659524598302801990094750688794873619361667790478462552643571762027273801644427477896
49132214281559460826333865008081213664932279267625371150119211009288006430832362291946471588238919657313181752440989414
1062769512457781558649224898375820600586542460474238014973302182024311550549940576185793910941642968314807284948612159823
1701461168077370568320174126663202280766482746700427725876677688956683424012881905422585456115375997241084448484141008474
1568103927809607795846991614955064260971010882343579430839214202751637368440020043519865893600772598588614264677258694994
770766530363478792596109506637214978586540260080365241946210257987693381703264872450278944247948605745011109048911768880
1242169222006672890614212203404939586421078292107452881455493055662979780365707988403745352122017222364514898192295825586
155763227262012306766663010220336418823131754095985594782604469002086592981872327717632268499859708007797668258526860256
586350282075062518097812226030160465693956093917875048006007249424900645927178840784134193508201948001137389281261935079
324038806809019930296168177130553102495763416763675269889667397637575350765022317273280211442535526864122722230490336211
961974342653187016423352144961017228355128117665653191196598500226041329350655350291388414477761854712468310796181687460
419118475727227360179583781338103214987405851764491011056394957764530635078503571548881153429412223709942162200194537703
1028522351091995430224131410379166198819486838315565462103031780456558702214197835042935187729990383893976551962134360953
691786552376123573190112362525591697920939367161893635235953523687201609174007022947804080256863575201945029200859987934
1315806248574445151215633997372018459979784999359993344048086020457901290485957943095324874716331512521242927179393699196
1360674440180967062821063468006700031409203863986774090057152362901012483695211094570326796770750609090805191790278870915
971450283749958207571308421660936785267560998315105004155450202786231616547904294018621936263752948507628466856028767273
1003821677725264721153279705700722202822525711296627682981012924591323491917598613888616689487729229491244639541219269309
2033045392732784216285733465796425013895844934514901194485683991589214680438590192445746320873701329605593270442200833921
802903011488048464023540452978586631007230444672649001567436857942091333906253735578940664439240733351950482018746441370
1726238024328772930673252657976995816191959317857606332073925813869335280712720856805807788852684905336339361583295579687
590982800813059296863098741311826422689850806786595241679221385850757575326324426490510013252561725183798867559886692739
1234549638964799878959396090266418047772427461466805623239612815700451611047583179518244528960612055397762482642096225328
819352810199164033302639724300753606701763272263417429956439551604289487292756773109263038884176230813261990040129091281
2063677393376570373935546909346268611875392524922720346955500095525453286900564846343879804442777949172601924647273851562
2120029841081309391208997258940297424823301386811726265182883959242078813686125440817339916538889048299818814269828740640
1816442103500311028401900551807443658488123210017239562606069608554589560061616637494344688123369161585226250009112923640
1342382883536573816731963327155402743459552484434691382811370646215508900385345358535874457722557463649242987195275772156
642187308773742098661595660643571752384664568742531467740530224539067060025002049453473715136170514829197731123042533006
785625922441934280041304349085191405760717238262831680120916074033925337626011915647504496708016730674204961441678172150
1178438419807732271671992583723417795923630454735252408500556727055315949168171993436092585642605134236451066932473471344
1186215938851053486301905959271829340001837578270723743171509951028658390441208912752433214530240547399616940933637383702
941781886849049333993000908025307488898444846981894600799563134230306080275093980009580648350407955655238032043885215528
2148636252198077959768092018867369518057136920375412179621624627313233503848494187802490078983149926008887633985935573993
230994493987813493527980135002762560767622291687602833660328616785500864040059245176307953817400591314273172726274921086
872905385222150391513108705294776700518720120685139501280485593461626773584117577737672424221706062675296979324174852609
1621486365054794733885407533227283689571648897294535897167730317226126401991732504157606945395317890431177468664729315361
2290168549912154440385936344800800416568967543937713612052586824601012533676565969546017078073358144588698611449939415153
2476756491354867887586134883075227739907686418221667352513551350669021711061272467242779387165673734642631581505486103187
1758849341903399494048845626499325838997856385167252582938235780086268695523421311913256957319489115695200121876258269422
102078180192575247418817322894002899506358831553038492667416879132835657279052613276573428396867117502909107061126816461
1978723064063116182539764511750068316871840133696355642347728257229752757323389729416440384453581648575137738800976672524
430566538922613921886276570701576559781433672077242774310338852038696456450273399690101269430798225549981378826771602803
492490029121880027009843399445287747205107707828171282624316958719187785242840843922635499362763737858791900339779140611
1106279284965558701309414990517205996638636946925929038346702204762842700713291009304854863798903677042912871561999035032
69339188744421716065779029932368820526974965377921794784516319537256488117957587677621528125789792343749820911151939017
2532785619738290916927102159454605717827014416377259480930362892586316223085755863967267650285661225315723215008728074355
2307554006531510247096524154109144221937345541361150123009510348140159505103776758672989828788867303814532493289344273026
205304223068052234115181143114669785595085401131347120210354622205381235842159300470167237703267229713448090342063775529
2005345355456385596536761378010490019496919382663851846572677667350755689824633440329008871004330798703995474191118460096
2374923415094316075761708423862866286003221271320470099052926743078664575074678408873406154922005916331645439419154090220
1915176443233980605460138258917334860435773836172062580802954659621951973427446739578605554154359933141709608126557862577
296619776397740197720243723028405053995213727012177501299268187268470198692943490577235989740210701955961459122042018765
1519894889115235434471260267393744331901913667075832408754002141730151730738851384291198031041009332120561478039333005086
2451893456990185500439287301265343027798494431233808376696914841188280947529778152793257535371727376536402202935381669506
954972284916435197123222762454618490634481164700441238856953912841888934890368315531911223651930537221983931913177642099
1434185511045404290748125281648014753892121033063556831078751346612310044464658780606481725564119385301771396025927593179
1942612337412542811383844247564306989384084306591336520356978327795488235699189292092921135206290667232652296439533109264
1546322971680188560122707291428190072258715680142832428679022547429274477598213603099704592694801881810887588063791558967
1386976176498958904991481452192710551379724443516728058911757327268081688676604245623546122753360821117117154441014938521
6847955118529206862963810190523415812931417031507866492885875224989386631204228109889887248117970698939647786050675985
2479652435173937736003919660636794633365960425120174198659161102861942431501275447683589552120828283088234231593241972955
1073357943360535612560383881151087849973093080328603357579114519332694484190652387632524701624255904477840227269841152853
1892990081449402412213543728721771903113403368449954052133514147108398449076145830735872525687769316579099404562763587211
2307609027583785818897099565456971199571093528320972661999356243821494246495877215128655689359708215617911930852586752190
2246302924152920953027610392623217271452581416486322490564095677264196067501864020584777921923290331565752139868493635712
2319559607882907038999820627150601939889673366155269692966670271330683899624385547814868634086631320070262779013286523203
1157014927609091313830870435695053548651161447911250313839471000424837416730465477447796052090391338764666858135656401160
1726044113393929268327502653550092987667957962251217998015097342624086759015317849169567305495392216508415543281922698281
1450389204464320189620206180619366077989439645545328809469971362137866860279105657034391218662641785733751598446266720483
2004790060762210472693575661022288287437884618318280917445008652802266586935632893319292621535425250576304702319046337690
505790502695646292776604799592507989222745255851591217994606379805418420932245640548744787972806792586603881211382080001
1554436842991855449462330721503003276112827892511977625023455605331148946945342323402721833801375659631064864819163796677
2502102416807478869715887173139490314405984295503105946545941661427577117359583044288539932791661837811780581638711300379
1070675921375605863955961389346840343874714760233153398687865732091788212031574821960718427373374244385549587604006361273
1103829799856343872233972848530216689740384102098563718108352157806511231135755368040767238493275977553451375847678557811
673845570223787721977631883070587619366039570545560314731152236760993041203478707246357597349684952210802387080001997150
1110600852016700155189820437892246246335162142019300758526168672823475903044114015986334270737985173437466291485284812865
1537259469521146248725206927518585441459887578441374091361473609499719547639386923215465947928339352564885108952104825439
731885587877549332418898424908876422262118823538578097835566364933725219960553410731665564910564891636920783419339834737
610588308720860382694040379036058572947573927025419899215734149245737958656574179360216188776797741845924015563948342621
11128296599218248924192350405971719636996921576936141714981880036348336630210445951933389047372520828701529276430734747
2504980608896832461474894205999864546054480285130719067097816263736488851687007586643788116351429285421171530992567065157
1759073310081608937436767131502196275148763778055643824709706369268303957721374711600125694372339972204131130083768564129
1258543777869593955364450755450416515335565952652279910492396470938908323612023864379210393194107908367677596557551697596
2362420153509451652217759779450881325176289183188456627429721456220799684169851090924999900949819602929879375251304351917
647182478003870735665704423612376528279094908790096767269089728534474773411002632063950611230280023181346859980906942816
1135434531961453074772306773023255485338799376453246986725658648832778604717743990827601155945032482658109301410789059440
151729256379369233322786494306764884588668227799404974284841530651484088455649821044886661268759115503612089681485675500
761678275251083671429818755718651342672595139156262198622330923151112931415054103859094438029717530668127994203779308206
935470252008445634729796585225280104183503518137880637904300817728651993049376127804881473072238381141625148471287206858
1949491344352922801819900240868300783479947019536385945176885912153157532128899407306877893780640559800181573247427818642
2340592434453035546402040124258140903405734547626239874399813960322438829942229302033385493380263695846461086055339036274
1736499071314910352603539403012746699850722535392788416232167543683280808777680729044210462413507305117877342376959199112
207976182485756562090457844200985743836183317484821745105724421257701521354333494617525621784516468034938691360025313978
2134478270789435655555896445712737256900790981089602616763327073161001667461953748174395697016508167215283059465390130940
818538252014229689053348294531703418209322455674058378256567053331619744323485904482138047370174387607954196551661454690
1567865710605741285018045801738587820114769832074899164098798718592582892618921879362856799739358123234527843776384853518
559295298653961625357358964629651770663516680182597055248134248505900636402155543263276365671996410678764305894023782502
2566644263074865269511599924415185103623849433899467501018080923162041693332424434817406832593507129367805555557646701444
376387196273153029777799531692486040373431820481593606772685254907054888315654404200267397226513669347759231361305471037
1242157019727778872776738117174684700792799430844870954640850375045779716696333386660132488736721387278378341810324412118
1361564357246642312434846545107228977340102089178041765031894207452389357780840027171402915475572487985186151549036277908
392529488904070351185560184486171785129732584159346385552839753739066447481306763258435454142123696519205063941355684394
1194929437964892266011439350872710802311621947141985554960033262277053538943837643877099336098457951797905065377446975998
23046539372668412137380929424338882618233861096227998310777957602226629487584593226029108354904448031880269427773602917
1723144631824740213336578358063035166451001971813754857429368435328318343595270476370056157475706645180585299297499297185
298780936390425184259476018956523767635870775111130391023520089274483601994171197513778594501096769305215963152411029354
1646796725113891068904360268735290536745469985593773378353668006019204598388312547958240450747203413821034413836819832686
429389148643219590196659568955115817495401532529715505790972341139642062677630157031927753227416296836251327321087314735
2093893869389778510177428567773078456557230109702295403988903916785522659760471104085295312128795762757133041907992636172
393394039667417643014025231451874600412199121756836617397867433160296502059671571423405972419131574702574808325395963533
339267266540765852518983620306629482941548595965750197640793258559574177774125704810595929823369130768265960657430401577
2173125462403536281500510523808110470093100554445873470295425647806935143074919268061128506407930064893965230936775442257
1209895155578196568739812815404121841811096859769710604274982843996566915513071132236304742315361295422103391056528131711
1907464707099293266681871854627134461693019490141687168599445167368299209870243757241420275084125361392400300689827096228
230691373991237868807478284300057872626878759062937809561005207485965276843566046466363106717506372714843469632003087410
1896877951737278774750861850790228184101916940077352936907259044651031992238510462900900451655796690808656687275360178630
203960864218063773340372139794965047115910743995798307119813617678060730594021662981834120977647695182443101541244876284
136935361164186867843845078667343564431979171711435403742547560391862315990761090883100518910891310172396381418724122066
1082590072787810097894813352910973210679737487577326747715477172097528940299075584056065165620988666204135852717878133793
1363951443381634891823190954331031991052580916291538913228833299333204109743508023050065197416903608186976585968045644246
2316385668204137902747424809576763521438747064997987600466660386204491399408318282264202086671437397851679563861566860823
2300245076869583886190494067561210097269516735100840975340713670654091524859372469526126660879350347850119662635556735909
1234999979941321756356580289230694371901108773816053448559877350733782580728449680820042846461798713598248128760186388929
1553997483981220659366888735022408843612915131852175988711596884349679061020445019890104796416467656877888292419121178320
1406178096841036354528442228622623493280656120911855979647392098210826218005946395336604894839296233608324542918691523710
597286102690185481916466056772315973284813678507264863251949358161451461970893442025339314778326502474407640302549915344
2041507681304180885396553873657582702248662146240474217073534203808478478596551477203964925899853872370592289093593910409
1951682196617559359425814435269060341865903166168775929179721346663579686777812510218107248042585706331747160022430107924
1511138774584905323256672420600167544211293911915268638702724083911983691610215380764289213504261740272169505747694739299
2231127998556619935954747508627132811868991569103254659285439298429902005926739405927109283790763552458084452396734461214
1525903460004696187500528616678419546854261198814094525285250295069764613865431938451199832690643793720647651937961656277
2263464248402100369823414666586102347922942136016786191346940544673672016569912225471332834010879309240444173450274081497
578487741919187921687003381396101363579586754141529532874571221248337265495733571790307566107300757186279241974749917231
866213864681421505517362064545640503853697196132791743703778383194638885768793209299231901674132833377740602025390068978
2493207291146832957161946735853214473336173388490118046058554937330169123170445574647626339694137124299385535359479521521
72668041662052861071566891863486419485737368618298117288494430546597243313732558861477065484067503138109352845106993977
2188326268692888471003401254745203070990820406066184808871853794354588698313558156731297483707397238617162188343321726642
1742799331126542372102212928493790529684679359181562107708454719799090859046129284832636490178348332920823366181269017200
2269305035340498612071128495367291911565119082293554951097266059912156884731986662242971828964398843478707275475787848442
1346350776651308175625386794748026171240807848724782646768993501375429619084025584984545962242564698970456043388935250575
359470573082087970184241298702021395879748786322726497230464599893694970877219305507542870537453871949442013725154183303
775922690988849178849857720238551702682780514994009077049370909203426645607938184639787800522828906126898225523674075299
1012935023096461566758931457732330299295003705757353451991358694049337657918578002630041557135560899447894240312266140495
2580759836139571162866886840080728205659325297381070274207587266700319303741812765277174055589689862171916460016108776673
2317482771515663483035306278231389481732047696617790894859874263005475628972490435018556266346788245072165815067594749323
1692356438256724561020313320646847961402508511589375831870197310705791610466186383405897978751333227619312101775445696798
737344680542087212252356038470593044974419072549788079778297849341876600826527455452405706294636026349395369243371628284
1983184962141689544010841514967829826832248487622399410194196380126358902446163420176121477212319120259811059424471319265
787295714914927890006908890192856726530727798831237645081325628815730593794973470615374571474895880010858581488663311468
2509585238502817774758093824583084553604941276883081292458058709169340283503029468741954710693654511926386704729662798055
459790388842737648459568116445734343515346684033541299227043309279032825977145800548994678970554241883793811107208212198
985944389754472045709665528569383776416107397950939965478918193734868147707180877912326187736278553217628871500791063485
2116757717945895051826728510774573372186262977525768631524313807675548164859607783438405459631382379012777312242572604050
5920969605711527775078361133022105627504981371896171931567774330582638773666940913781529944224737316369770663536817604
733147580325160410061068993088931859869508179068210320396714079129232259869155359707750433829323546708710072865601967793
364920732939082565391920711341771226206120925840059909205657745555135472733607770794121960920113252715788441306256512406
632260843930069816588822224474159534246123991301098570683448199166748134721627719942290534406211930474582007713102551461
1143130962642343428375489323215318723131732882779785545628131321227492448452752374388120174030090004114270541471351949190
2559961386938281923271317204080886329794463517318231687555890006726707510892718772885250910066779091389176809814313700425
1367837851386863991637901335384748522669791062359281381304411780473336489944226836707003311735720537469440015624657096940
1161828500195612294142186959303386960884326251653178203549453766765553977987122868106602097636252161136133178672167069854
2249008026043197876402835535884066842432305291653913797929024854425136365824041494507827887723275621727055301702295581875
1486648994200457508693654410958756607139102883380479173905932669847666134643887464908842118310251293578070561548462718019
73190457771467112147957894125228500779257935439220279094693758332482233627671785382202376827478019804569797872504930144
588243723711549123369504510275861738980740455785985280560852677636943483975944588546969800144896241105402356976374897732
2405044328089529915058459584768578977272533203547857709134672875459549237263351858599824227985060901094440940154069755177
2116516540170055666300029884306198601511052436199948121689469781976932771914362160942415301343836525687145574517191012792
1300115994320561983831928788899006138963035386409585163251026624754880916159794671090066029580712119699008354570235226671
349329781870591841188036982768875894355274826799984350057811085123486185757205858235456313349279229477416287367323922702
271400823119522353785140691763429186283255094580974858719686129443815202168225875427222334901158383665201257146559212598
2568498405808888908131365887120145924833652406245950456664116347393185875406597478021551697845201731730755161305476991263
2344831756876767405883784572479848356964678044373836131539717092414258604171694974646920590317406338372783545109986186565
1055381146919823466042467213037185560281290949009998174910617847281657215786074088955476498870037435135952716825749530874
1956804555704868965783129342495567471896293692834299237536939472383598165491346744651355384307163011845191363636782896544
2196080544713497402785639235644654556517124353147363209370803406798221092379149614591550478049632345429006626290024583858
1158592857103448610672584173332610843861805270952932232156871411543064530884423502019457253669975408287942288644804923508
773236392894316682921698211474275592197378548667013767508318866512601543517088055550364244485079872951451285749739472510
1707831501438184431290296498292887110723862252982985749531766853497238484782883205728455486207724461259391949277846856811
56525969240965907490609019604010526579843477289060173457833709473951152421403366591222913623311603443934192437295831588
1843080411991631700417575268455636034297831000272212648012179921626823484039136024428614298561239049867955636720233039881
457669073111807088285022319478807428605338052640212622234222203799757003944440126452631108596119111614834133983014984422
333910361668184916559424525575653209898060822437297579103911842037704931121112012475932753685264757919347389325307501967
1133134604626937444215343461674076931329877793284482870812420649718062672782097405284482661097644518149695431519307801822
1344595257756185333021210858561431281233166695793458467683673941020206419307576396608043266139016389608572197450933984721
1065880109813466732558694787934198396636596724711982144562571491370766996658380910491790398269212954431884948558456755465
2353076653944248635210230858276597174634635158567958562435993454875746272228802031457945717127529071971980744280344270040
264344390800895121884537386330335389488888040758104008464481738734326738625010549580675750482868745354236202290097497551
1214054928567389675658476646297657730732960445048368580382563673355419786326767004832722857938580522589741238669438655256
1449080978661529987653113599007362797486604311257740416620859147105287241610518948841866105321268819522851660075580185545
1072268140000811976195052494779886955986041170219431534184220782276206163419681233779552245175350322664405969960530669783
860378503785384401004963669203341357274676493767203093679637488109660186282228993762849108731935967642923608583450768631
1235771466421637085192907168124964991577646182499158018045495811959590934813456868449913732778582422910471724573351127795
1242670955288101844339933455157370713155363144563927373528543943786946762757005593338334475490949313169262037242692204463
2205153360860350475007896418469239279678266600472212631275940675081195984188535706702352791630752104269049633854392976656
876811569077692603873294782072673356070890744130811750166415550280801868303053917808612930087831818295447174053983203164
2429734787279333235332520292439201789284473128889445777214188767947080086968813521683909999175409166790154598581637286758
1532480555190253292536536922022328746806170376762787868259891179417048934594558625451061826834356059896848376932075658175
2149700319810508072940445982749628128707556351074187902538782774102224974282146348563956276942984223892819954361638882065
7904822993373759425161128235549577602015366301891282052617557332096210880350942332066239310106830749167277142569543833
292712168505286355627108894642817549605135915281218350390757817183194562240641209143345500771149882567290895192595080555
266609147317403700954781738706703348754961535459673488466685354195728254003546985122713152055091563692058234638181834010
515313940192374551514797028504537942740255671447836100810686736278277006789204591181431078507710467638319957980938942466
1015338740590619637585643329627944430633289958548830457776174370980027227682804635343481370250313026846139959764821419393
59376953365086706397323523473819333053841712514436229685868199468277489691103297683070167874225209707928627897576686064
2220049898146239303804421173403422941376218289726254807396287712254665634034477427488810277865195550938360192576313344469
1715059837505704711400084923011361885378355573728709931461133635811168200684359867371073430256206476520115042203034230007
38313300149936598393571499271195219994619617185573832269427953274075539817994010412820958043289672073104076912302497757
489745019189636850488614219454924151664912081423762986242326305391325817897764208218887540606449947739431922905373264485
2459415545025632017992271602554645220257282544547553827960619892799097380553176211783688792780405760638121451108871010799
483678895412926689972545859221929501554276104120580143264133092610866885796633621867325209988621518956169979763802477772
1794352223972162901504067181980620545840388593724258037802562921183911800773527850657902923491988112016280243080214383350
52505921383258254724311902739187055549375514194718149553051059873545993944167115909907785657271766872011024573475098422
1314581292111355451661606339398348635657758725858528282627024873241923096656827184472213418514389081847840168439925423986
1083099234934257438411033365976358371426756704494286797793323765962159904638180598263548259007338536607089384178602970770
1219945920007053449551895148091812190585785583144343654650404702319649328305085374021953465266061771775222774190302333312
516124155601527260881029911473720954277225147074130026341836987531856249477138581282193542374705546107744839651145120819
588566026586908287060285055649970593983492300618549681006565322274773923382190341500113304114766810909296937535557836016
216235083715449069036211402302079051125056699618593859118207473406960213166358342879052479312913075357788484661900020951
416221803690617495518021741320921658174050476416707232342581718201563027208345326693641600918136726907074787636922721865
1905098146675318313251876003236601310878650646656595941621514038238124139142833979439187548634705104910398568060144678641
253047856137862465161835076231806120150785112074420690131043348305870960536526449675325833286840538746164629986649436105
2292312091332516872113115286224500416958211972505263403836473530790261503639734070085472547813423319777335086743957465064
2415731248464478191689425209386142311371984868541060287566537248465054477482705500732541655637871985455424318923460162395
2539305272336719744088099455372537930217408441505893274688334292086855114882836092687790090699776033483689917947909189777
1826391535697314158501163199459502556303288639964900542918254790753893547243383484167944033140940421333139518650268914412
2547302765914801700407616806234038144766397746454965839339416910160582242612419723627655609196635724247956184735201965819
983383365641275812385514109822134742152899490193473930498005552560374414550436738241653413582195743551346349160072379177
626209339773848544016277696832244595300577372262691254000983669661914223882811208854272131088065608446540780635149745766
1705145457476262989419067901107509426328469150482953466497188431530053717621690118195158242409441430188790873553363681934
1059051912541723598288187701069318118778941087870597844352383823809196282044139618620892247896402825655105074988648100985
84174447228241131833063247943868379927424859493266600171673358245891163052295176385057890274824581320816021039574756007
578145872325217306024781462256753489313881112575841136528014628108233867566114245972932155203939604062061122416107530823
887549214985065385418120258449290899855389547185120417986951155870982451269945943102095827270788321164443460362630997854
2019805762241048730882223967195832126555704392123263350544090495664196438992075761490143469323683577885754082274712330331
1935079204432897255902713628156268403721164681500551742253252577828835313439584355417236179008031271293186569882323183856
227457127517597241323413635183486807255033703962856851763392534975411883980861404624497293718965576917171779939774773705
109098240022425955294483664873220087225482457442616512083123450470776051741844957289683105226685549384159610169197987175
1586030239186669736809986760815006565746947299064468861694633788575203049565273253304622812088863852254421301561324081945
2021423422328047153668199638314964969745204862217517191196831178128375028773102869924010386088944194125957121090579027038
2225478121874131457904299482363971016907204847503443610940585776432547717806756332565825874556839950300695170108895373464
2049364399515482745255019763046068023290187111255461605351440733460819943995890289216142270961983831907654722829777785496
1830244022539073060328874244965810373289455303743685846763900806281308939942820680405769055144409000174929530929216673227
1801494592137990963644219748321602400090244761824288415981367995312070813788080796957862600588373694994000388905344325360
1942072919840004043375036274788058296412339232960822383571321809632584859553282086818141355513712536744953331156771963652
1120991019648436344511375795961134426815782633117746776592218183864888697634929563805954917016554061072961104370637416915
1657211687394445244670650713523771282563071415301816191414622360362627827865590456057176955354741340618805483375271968953
738985136263518611838065184077228636796612118220742779442399761910898338718044108098102348109297823437476639702120506118
2197918211244390658068911919335054819623396449340616116925114152585695447906848385277274307853635750279142754194848802698
1386522832740460443230721900292718275826379557159471253293046442032458999422883383025735629939036068606045308952259973746
1670836639082204442357481555315392596476812258483570625618273597551614594011640995591544876455422703591595819546930757844
244940203401154359664272920392147451795266028479764451733995046057084714981565108377024762855275156551279746410824204114
42130643064771175391717785368489366718674656150618783108280615830279465233381140545685508550550757423962880019604455259
1841920761532925852697637321299807703744011264939991869164062225856881878890798225652070959308500898228428126914079096222
2413592278844697247235798341868062401527367711135443785707447009665671377682298782944355269592614556204693195236212637042
1423252976933320265073450146541396141043567987079945903832320769046550290966359287122179929017703133538234225962851508842
793572273437534324068899717110376881312531759855928855361252863460162061310544481508851978004352692699275939640399977786
1587676890606098308526642846013711928388529897457373402542763553712142261014184339962647578067825854345444044236555856293
672134298753099017675924862792701185533288435135252484698929774792893179061060393207908167051153207781457132923687270984
1550898225581750747899377112862139500942108390156267970290261153795676782515783011532063135359393542156579341562966096346
388019657076819581042791778721020726985002092414106423237687938765327545649278068820907923306772445322923706202212139112
688085946486415059898565002232034808364275773506222719085919243956390433001039404357302769908514021897926722566200412172
1982442606755703636894469757922479614265214464604383787423536438311175522241941005275996618920562801847003777591360914238
361070231907473983194780251370746592072349210826049985779528654953753955535669277178590862205193316080596454847496134691
802792950116775913239022589533776352633928502795919479846147533317067902464186701905206798613729223530299345310925173967
2134860992116476489012861812796199091489196092182577293164493211039685467407283555348252472395160756673172468162459510954
1591629532034492744776952644616988385293575972793741616152389768385903329340504087992570945098928140775037999369855628835
1626961172092431151730854268044392527676506045312235591287497112117235387107448287495816266465043015426629056208891098482
2060916408429287385037802860235392092390038836494243222323475936907405737682312261626801650710321802169096396644888831488
695382045630480816003107486893703461994250874715521487033167123475685149058947344614608599484131084668701406621874968100
1958391509964887112990295295858688048315919482440351471947373722752103935416741188052821587286127519235448762422929257312
1843466697922276720957047231375319441953065017480778616820639789247686875803843143287827967425734163206581894184332729233
1696231744412299428466192723720281161779680025804796015469653998593343958451821447908850400589118956285731221169612644378
233609700032929573275274433584123972132543462751898001063104185852406190732307258506135935596478469843832840533924735785
1961839827897002529027233788980580066453699838295960263257810187732885823011877168946329346842800113174650525248343869791
1840257625606333705619588769036166762047708804542328034971585600645208769766498494089164590153939622445589833907864422240
