3600
~
40
~
2
~
540366067739
71667016314
444433007191
58223611283
538337154320
761317942434
579471329411
662037334655
334057411119
852593308478
173460688341
844175424424
639840609373
918641934037
994301471180
815057977727
204187668587
688276364323
141810246485
357110125368
792813464742
873897879638
69566310545
727652142193
845404079307
626920759457
188998826418
624143786969
1015741085899
842850955585
551731540094
867864471560
129021116711
913521696995
759409836178
648764974421
551734161331
414127919743
518532850430
761029767846
