3600
~
400
~
2
~
1998329164835268949385524908010247940426608656855066166587443058441646394497256108769341049715644932951677183773336402314
1187830114159427920140505006976836040042497874929759488546167578137482233699940764339838294949959993353547987023903897530
589827438328565823135502858164243356586404225556275099445022103649067668653949484155203667174975172216831789691021287538
1919082533579786703432348267605500899435156056348173354462887122567796552178636153425656713497977318762946014066745348520
2109470365227328508323156969377043212937904706957575547599477740000652810848410271853892314588474457585457790229542099345
1102429957222831840212472415689231318853054720750148353420189588987939371367012367087163740510394822580355163118837148896
608212032989931265229251198850123328275887217279517999961974244049498105617482563554133208561837653157096371311970874246
1765854293674176032464066562880525495929868763319002435009859170646253322155652321559666593003091153130982286673563179471
14726374723997054828235343680003625784196132859906245304470034357644915881003948194248258970496674787436679670083117665
380128066609997506245448520688798456396931462887406720457291648690141643759661443203111629411407844298680081907171707530
1117785008866406905458668703713025359767303427961827292937676827602472665137716083606265845822509311186554502728222046944
606833409630776044532239312202083861670448096664733424090315289156210348671956844767066252941941680027713015444088893395
924919302090681118037870197121991571624746677620756931843091320113788287942529320894664527835403021882098132170947785415
2400390410666151175210482044628581557153344002837436737995384625182711679622840955436476543971263743443455459375924326422
937590052299317648565896163358438283951285507412234522447531859368288386819254208430071083013768013348636656432483260405
1675607374779202997012303568053319566138806929496557803970758386101892182877420063651407513099434882055758464846631586824
554675032628974994369923957392405642803869928653885562322295988756311816249831966332424666892291158719273294507706503499
748821641469493449175295362084518325184848666913657045519851599673939919616069463670195804855846023312503834944302203261
762249375422629852569692128650152752065941198972458981942524977256134285390578489137530012815503063268563753536374471162
1408701113905266130219852942792815423134888857564347566565414134255771978286812026284727668310695083359877845582178609080
2109518487447921712444816213132974759377588691018079984198948404610846017228095947297965391584128341329407093515266838740
1691586178034710961181562570582488605575276023974219576322250859705689008218134874189885534856516043302742468347276221203
522551991320242652477856484285508243739464518689646220788826637430504858755915902875174930041481066795919509118335703125
1552777991054781821142781750093322384072222831396544663913173147765152908388641376051029713427497799177991432739269438275
911217668210180214705437836437351353862112868716199377280091872174584817151167938028581488389706954526394342596049770595
48979535535481923957440614106593377646603169207287681755738863155455291000929608037560592369812599662584566942067949925
532883420362297767536869821000526279519814669857913027266439429176989734829987409651019205074809243291068802507334637771
2024247732398438289392194418504432615287858180237315742037797493475136990076604311312074341028705833152065381913430676794
1088938211304689516962138131289808392908415569849210327809703526516081226443912642114876697853268131017344549661702024369
853543088561882163268199556763558432234751086531745947005274669590435430953086799469739443792076082488366506447715185021
2567262206658501920852582701844122063292930654731566088132977046216879461001433346367590175480430625568918421959717079614
2392968841546560888077302466623542979973522243949304243617321730735502051743559889572083652867623706728815081815113130724
2556108415737551015354246500393130563739434808683024459937427691718757504613123116035553233956013788945303600723916258625
294494264036529797759887657978847668175635663612223334439091390247703445499670458320841670359327368187621107502837542534
2105771605282119652314218884289743941731982194126069402467676182199241577597863955596381783199006223330631966768143709216
1748624364556180202888917042827928056148412856444051667653314180533256820766380049449120387253727907279425285986900328303
224036729878624465927111702288448519334923338280398239381611957324831796796230601244110459079095964907519903910649188700
2195225847055574735725510478037597842135566733851955562234805590894487666358899620861043816021068651220430596395931561063
968226155208131030922149024603091254808327610163890831355001673031490597519752944550355804659632029546578694733371090610
2274443192905073786153767192386869883518828973503725859438343401948291950838782607759002124808803490401236302109926176167
1146657527219341121697520573898501603821281333808137987152852748794841126545383539520740548120205077135525699293516141133
926129579075923002494799394857532972660191981271831531082780932774541086501209077682068551705190140723294379041436710858
1622886262615745294704389280078659603349958826617876346842249363287867593504667668726597069957753105576020515210393009208
81521631513169529986543674413605122146510279141451332933627443229598691947698796793297449341550882751713953706614989798
930642809734478166329805655400797212486464485459559108251285616824832268376291098067882279288563853287295052556232468730
1272799319797657942937530571397880876342400284731202265175509680479219707141458181334341002849883159713048345273555026887
1317482977091197960484581370129577003538329941565859167359713007526363704941102613608803967817807385136112581750758830652
603421048563290275674494262133975411921572918622139342265766030829518333824898219487689289164614100186178029776038691937
2114532833723448847385985764212572154467398617866109149138545540747108010929514371520078683937652036675238419809482018815
1401751219964691724486486977947655589924313692574444266923078213993734913272666974759273877908280446379270939432040966625
1429223472295256789478662425250105086904209790704440881631934781631853621837307152810635511479389048333635517928150263545
666611284812994033754448286299287698865049055324159111654762233758917310474443942993584174232122769306821228312176094135
1721697783969588558053147370783521263072313985465907756270073844340734205873466882688264545888860003961079931958697625238
319833963688770734284678651536875949939731296685856780658192053632899247869980942395361300659825117456325753605758274195
1335350783112038975466254655907255309383221940485430736355158001620995448839328022785593380887660898930458216980398870886
2450534934482041217031953040481887243424724161920456616452993881943023884338543464034783703514243936080836877409351784887
2443682806487594056926906980140368008653074737825212751301637113277402895050495064165919592504158181458349987281737944549
1302734378873892127644527255702197494372330188010195734779991006286856721526522737397877622160010763455105701788901112646
2226709596637036669413907817981825006701982440648826244125439463592537087165461605107683295865922702650756654313783120161
330000841429282583854875647592251094321437705998540909150136021222036392969119500325513881016184191197589163665098231597
895141294735781531286483546684964355425668227273982141509582446806143479251957516971075079529517660304160645805972152656
2422574788933628562655371991460460649022889781535692854248288863833871953424560371427777515723551676595042442607132507686
1982785297922517244038501027040626944102526898864992061167097049844063099931377418195172713168037127552010001348468364974
2145500968735817608838788038075534303727026467986503883246947221026668482250978903336258520095384146462810292000572824529
1291648441103780510054919519583401893799289926807400512558887827432300654115005017403342696823928523206317763949438418880
691754740949104272972101300939242989432686867633723842965796777804780366601192746262671616689680297662441289281600964156
2295908742776971968175826356479019971942142762437352722895341110027478984929731276648980789260705174281615712866366162414
285173174789381063681162558957903055516522962979659431933379687471099146772238610322822822629793628722172237172228487020
687439429516391945807948615442936555903058019166851495317324705765240139014802255852802167744600411928658798890333842267
1462880487066165904251968134009521887626592177504567230178438360163811283209576597824531265336741446040223276088408435153
1771432345505193672654992949633200710708435138538849475442120114543317961741430780655677249688839091331940234353115985246
234516891790818928352888154120052430811059735414363265917399355662076453960047592843420312551683520910351298997655807456
1152672230661686086018521670843548729851653710326100720677942830268101023170002834639946071561868579680963932688868893471
1856631238051741479439414899244363293424123908185421233285013902524381151015020548466080545127116413300683699240031733356
1910624968315909865468331077031670809036973992216517464354409459985882277917864824899795862010856384732488248913603228506
393994315407408423110555837654264419537249162181482041639062269997796904975474016151452701244847176005887283835838563265
800969574715450244026120506421067848433413538433335363959024191641988492584131483360052108035494179460159236117090025055
991232912984157174178346098465184206307225931802823798103350582564201653773859407968751996788462352911810487505664641813
535924556450825483523056333406769263774360299104941815890995806525673419792730834556371350272180808940293022541703918521
422567294685103026577082371236756170261899133103922058911140719311981253046124436654438483513628001990380260081594548012
1296687831341468275110978982291181677522619017105262633967895700735820809120295754092868525591151581685168465082808472377
593573909908602494036580363867641746214203429305744865773347400604079263338686947966248132433577762705953057239768334781
792415963268856516668233374210586368765498254812879252458861035935844729707043282918787822448051931552893820937706917566
1951457020942066453110532738298820517206427047366055073287267081655935719591708879874046681592191097800265278552452084522
2161208818784597089737793736329036133190984129944005935273645438472591414009761643559257690709498059063304368651009424013
289411376338589654816652710965831825317367123972577216999624964253124418407365395636738768406486466103449569113435191343
1026360371292733018245135754663273225703433310030933971814698388523609996922955116358646500291807472561562233929042561850
1716513367081138131749027964122878985490392537536618449712701777969127398993187461995320420478238539594849544429903194949
2416103091517995564475696024566960886260987285101370501553813094884016445795982410589128836189481504999104506959029306831
2398595271949311478935665963780821496043012564926727725217990636903409361931255700228093913681080528457296061100595612433
107256177027247556154173572398335326748944209399415275003339337667283625953121217530199353115091015695342379064545019048
1461924773361563044846526231245052814973962949974423065112905643988751974006769866691946389283954471702724249413231510270
981582872523224058989141249696276006697060575294239810078698714798164182889603917745541321614984719244280163717597306163
2514546847605735004311479526997711115514891252102166041558813576998332605448958123813461004371165224679346266174627286225
1715644470333653825674886217892727572323781650895657919771662763828389356280954412909384824367780760326487424184908249124
1294600423279773811712731402529381334951502418832016898521674341858007029961652171611755922352750465972099660481002380283
248659574738958053845770080090643598122281191995790266613818152899454265821129598606123479556347189159688850087664175317
1091812838078088133574741867177232054439170411406994745585902278724726847891691956142669495756141356199921773326612654124
2494723533489900394134284797223416543598059246192475586709052686350503003714606509097813282082389343202635145653015124913
2199983658988250838966570408872316906102198283066400323005299018246446968555873268563684089739292548641528981079490560766
2357039043163248211855640996622642831075278826883068958575837457260700743251655731191839216646157805505710833782405944473
591516904928697246720567682102726587129144390283014329645336778743546737662747832780610619722645445168805418962105789327
344351292359522977084439097206565935591256095472255794385541365051759863039381205595559634119098483884800017439054422834
962251474839577196240207605138061893691468035506406060630067156037428644815363496248436767610286773409651890330285865931
150961682752581057875250809561270190146837463710713890315160429100675468116416286972977424975317350565249637212962699471
800355038848087642479134198907506373836349946245566647209587649075412155246929371053222497165580651224005851607241029872
1299950876144256354185072729559057703477081623270241206810744383890626549397338177630766621806979049858500743545728980613
82247793409964662363686656649773244045006535010937341390157855590040460513447624812075657095654537156971691068876287123
2096093090039893913616501547372999352391012461598527748696490972033239584789284958183725163745625358355536354055756976868
2532372153639998297584904613294390538564978346487802373886089098691599763823448803444425005974540325202246346681797154847
2495613639558153666480941575364652227850391799849073961393342953931035059569994170926173130073738956293365480165106616798
2230502041697694413080950934731015742768494122648018741631278490726210429424869714355303043167604607864761151881492445714
1528979820662929819598395084521120632917152449281569737547585210202303116262275189629168769850386781359687981966234987773
574977624039159321247847033323558010063864096009908305677696972835515884399730144991727112305875535212200275234599379034
149460147064182084239382989896471537099561351143714352896574018700186872689484292282384295732429977108134132940493502801
640331113109758693149663702697448589030702218570416876956495993469450854895618009065036881322706181192089533003320139964
11866601411626046875611031537590784666644065438377788822539422204394231760282137031031421881259446779577297302798121604
950795851343410173230772177633103286452787298399266484824490748209840385282291343457202513501184473283287127975191055059
632095290961079683621047369925906050484296792392358073860083606606088646248457523789152631047428928919507653299803402403
1441463247282506083781552698104463880442130533617194764967397003274328645178243264559224667876693959878617338140259310610
1647334988330376445518948537297730959322601313515788986078527215634219685963042974486961965432451764862849569213448626146
1912084780810969591540008735105924998564896525558464921004758447935217812684209826040190564355360507085001660920004156476
1554756548608933392941487160675824279798929145324894288743241975662308147098111890388663035630102255823979991272876266894
594169482374034645585269372054114106200504413148017764625693094700846926348991065950288959806661344213041169356702700469
1058164562544926704101769634886464161848341603763631400341534904365114388262409668809641619200103087639287899091657084005
876435513449388199526527715771359718524510414958493221240384646484448728197282472555928670563590303654601815356185450863
1541510721821128023812068382499935361108843271421172363570257224947053438266465479613559887888301895856438400987551070182
849639817754955103206051468369209882736449066299414547455387817361995392857706377459466155992727755305574994823303499096
195659308445791468824475235308874426008395046104876639196029610697048048779616288400651312733960489759900568567208688694
627683915998109613865856726927125671975524566908676949097747436114892675570005569817950657266618956344647120859715927375
1634492745467377105076451823138944459750363596592056103632054950213353780906484112388783362382545528391060576635060820306
1268677510837672792142364874230450053116750225681667338962053530661889781792554462525638196630954734143236157845262531683
384975700165565768023175740072950624354843399393251018011045435367373147317091946668860769465582455208854873391325228067
269949013936905586015610917566634582314798057062462477878382571083103975479795485406277745297068291948003829891012674877
1617143199642458869387898819527435921643385674555774176860410350583036304568502255037074553535447134313748426872464539973
1628973532954792389978419633969327606004861851345012320809395404275441412234125332210446935162702883368352411913788290449
1369410889054689302788629874834912784018470573317622944574309961613318580661115553848928622174417242555492732807811910810
2162773281356534082857100994408595568079335026890957634681885829380486836008099875683158569170956543953178157060077371514
1741152858862082136268292879966711258432495857444740397806143744006332495747497425693602067490249091695243020188106088289
2315413839677562192657149092759205192155883823989583634892364266800952598931632262869130244369315771843960625846349848785
643868914132674676018048036226634266162179506176262641462397940688242121040394682741916058440282087075414876803489149334
2402449547673577853437263755977906608118508527407745792419415083322087421033279698189611290808850927720802052574947594258
896454111465421941678260543653068901130993683127943061275981542187700374427722890601937942313680096673067730126674727866
827483067309552998461569521871669647560705421567333382271582858679219845481744929357471272473548347431777812116603612487
1543575648108144372608186653723500417998185494193051411907562188083207266867115703550547832927263808836890675376380697763
1266295811270068056407897164589669833152041112056590875755634735666310171092600885830985952670543217704377061935186336704
1004006473803128477218951520436128803233204833778132143852934079747823240212748023673451640847198751162323578407168831942
1240913300960030926073662584901666783488788739545065701857564797240655069933600811843469814756022667616976142389869791694
942491932994890843223589215124880856133116510948431530692665251214760505482647152167456574280403924991187917939827567487
545393638813449678758124735160601885161698948389540091660459723900965393574547765515368686298578588412810075887431338766
29488465865570387497523130609165755972243818003645280229648680271821609333516513890666628506953990998311789290216925265
724979758887667804386535570787153490050162768816812165736031952504575107961963807667851461485757927373009952328093095002
461771633249747481295790842285336032988950706394111230732969937868444861675793334336729852149289205464020776515454782984
191035483205787337623998637226964147251203198039128701704164964330012161517302471431982683654808636149450699635058004714
873373878204514986504137987892332770882567580929438121643181814408970984309659451780467067337318967358197061064108836717
1513947779345736234620636051961353890096276110683008370811030816334889546774521269550327122006133765554876929039358101761
186144545616077951702716388848902554648458198612640875487277390309307926732371287924114100082937762574859287121826581606
1135403167671818095934672112925929992494291584528083646268302892875270275039658101235158666613980246187431499086652328765
485779006330595046171188979537982201673335570596208391975417960666188769910269899409957527338467753747674073826354742852
195871661034846121534615099575034872294194717708641755180203564532249569007368568658483889565276458038548407940165199713
1776777458096154554570065206703088181873145986459659357112016746562676114848121720038232164464009295237666574827948066914
2479718696557442368583234840983141809782484937687484304692227134091107116131027841215404951715862230781061586548046633884
1681968766715831879922558054330181149377710671486536228289550586635486571378489089216559075808434336688206972269600403773
1974092575490264932533360092611401570500114385467491154284256167622473982010623505720034908473726718296767250345817802707
1829553929533158003066599001027749675222864773465004916389460253782020197581038790701242504099039235786968009237437115737
1169444667233966519950607962110348047126127653771319376830661882897037833109146226040848806910829770086534298369045661220
2131201437296699349730068392447327648092696974935244242959011791943619339627166348365643173730205355658660062915197422696
65800497784127204299840517364381831114247016048444288712893857927385641258534064271911511147585767914887981933201060350
1329864009887666952517326963049344921550504774072409655348493899246897364764940698740468261943764669174558659913518795225
58464019259965477717368174498879135828403440640017605949369940223842302860535423610453969069639684082297921117311166303
1730132853856911864307885367976461916850460777524906965895203807385655930162985849192523344611209696678830665446187042045
799460215772510972945337049385636782902858322573209865063312300139922008470767111693246384767256745681262302633331874738
1964902903962510777687851227384433575107897841908637438463458366766329772173337290347024502995623305844345602943466968710
2396890519935808521481146090535985130426462092648005907702402734774333649513329813881567066445516089463516042193075929601
462856571535016511338862504855329090798170459957417876969521614473593562781112135098455281405590777979517397161475326876
216450024343614618648116675725037106741596696188620347907622227347882190326945371171324355056339767718757546692707689409
313736074846513998501726472779954448820387313239537613451700169763484440335457806994252077372086075189779920974418613342
557894003009072600014503026830861045291597768939282368223568990858508292890386976104189184677290377752070618928464518333
2405316447365467056645055745243326097083030467082978459501909627649345062075011648419580955652554186049728846518297787848
475930198826048863295998408593462849861823474879217313316798458602712523720666661508946347126216358573785998491428992459
193979079626222089623557502650891537726674593044624305038453861490714545718314316955781207872528585106826606357189878849
60165964642626534426432732413362718735413372510002600991243445754651540789599117510448493933449035030092177592903554745
1607632616028456065826404812862981493509000430817554646088277296051983765953570623624591720567562651189151136632234752110
370753619109510456529321890989301931051937236891915091533328305841406820044990304876857478736655533320670887549147692505
390814446439882950096953965250439606055807666619144332497084596821494621309062799915157060171777370305380130687994306842
1081280649602309141694040964350667383067739320719746611285492554627734800492702433146309723871050666430939607841201658644
2111905906233405869811178565066964313319076327644887965935392227942242038320929908822226411498476085830677387897283158732
1767694485451402294723877938367284784322508894969271553890242826639163274743615030900800514178817268775086026875868963739
917167191092838879714074794282215856956729656727501095274299400938261112333853362994014629076580965935235983773854566046
866179112648228770440298866706747626358841865557090308700566079573223289725279554439916513426522440480729288339574642041
1974293185551122468940144319711354879102756004466349109226634804441624918851951855071541307735918165936310338199420202665
269822665587700523040655769188805066360403858624591329085468090283814983495696454266545376788151505028348221657642511536
725650382565068422728760912424221229533477985151467702225169623767097237158896050376371301276006920643705566183516836224
1821939049658583846467178782777197528040536846428700280123498939635691441079954128719277314263215812940274092139584197746
1830555663250804953945228452738496960192026926241693870028480132987071298977993051778682505566381276458456673387123951772
2174099613642326981189429225710149276848292655431858457358393169501661788964366935512555644414449196494635269528748449663
1966143978268762508379842900688670440809584006246184011226905806638866334021921867651488206160366244673374537279390106213
1020000045722269320475811050857487097839477083711203005247968125148675622592674053394524741176971005239100042988315942779
1078699769809098130370971635332999630397125944447162791446861632897957300001988062259115372179642302871524990056768189284
1381242805732381639619818323133217381298265451495661762734058369735445829496561442046791086351712768915406943734324917662
1472133809963838999095319585491662347852391471692094957517955294334242296377127679953533303467619843830110034283371423384
1041803162949701248864870382861189803518351887606763906322067583457178125757558149506064388684395272701129924204984865768
1362730735957087672450827659183161904148296456906838377562033288724076510484676347269925495925424148757844215301804547190
2159511673080245448490289581508883322554257978927517383782645095943391967242779736688353606175239428780054198803267622312
1138039281154606589050614148876841128446863648555125525236513457650890037560989495319262807122389045329428765289019288929
564907098512078504947774454696849018970385917707074805922705802478330345568749092862643477190511982515686345815951409790
1465809151205663380502862628312782927702773005948463722984716436852489683212828880099196359250480612341001325477404324540
100268722278112688153011781921558084502934242367803720691075943844414500035476471465712948392094883447874152777131266441
1388403587412579752670137555502984545773958298546008428256265766219995201816475320895099272038927417481273377634395243765
1324700987099406558507279812548524223819490883891042528473026571512501198734844880378836029476836134609598481416893588015
1149368046884904570620894884950887005455768843802937602130914299599579169748976602037234741405322375795703119344074633916
732734518868541552017616200405147426885100955949389405013510853919180430068375524399079404809101713643338307842089141601
1117227676782420722482448540633927444974643443003064993786435166704129470200221892163635796314306921446674259687446354744
1159955888014688381940518277575626940030270361848693008663107981743526682189143726425315914627992721528743692058613628424
135628921917159308805106162034363509227742197799081760831139423621980708426897159805975482092836285379771786240870192104
2359043323200908440315088015173346946328132657763169256796242797109540800269483879483959755286167509949914321447871196444
490773696058219905330543441662334181690458866580932734280338323904389195831620400052041696473446797400817209105699125452
1414620209733350366424280702575903871406855155585053589021620342618481787539193357079711451823311209002864713170926501909
233782530386545512420341534394685355923629913255009247575477073580089930709191995187764588649050363576560550110831258611
2309239205540323427059245029920872540923215779868809046880022900219036995184404243184702516910631858557410158164848775916
2568205372716542183987618439010476746512386183452708151664893527920345592735420088349962323771550532673298264587398965636
1179792367313290901031857005495909929321750642319206626979444989863472628539775325068661649987832399722803180272867761138
1509676084700933710749712145302720434154792535000192381340906946493172760428313264557951948468394617191663955338450242488
755077491365172506203039326843709178231260447441320969843545916138180298651647785172279644531682436140001257861279189158
2146168638034818460548803281206512897086832852088311902452833418078977906373449465059319194860390979265583186756176361848
102704156987194791753610971255349509386214530063508878512340749350659073989327211224701184294544414916232541940954978949
1143287057439100156478408200055765848342126442877563488890048446146750105463225433861716181254236956704010651170827832409
500550032983773337888059447071456321095079654137064977487760785947391354361230203066859552291392855759938030692298987395
2413082631828104804252612891981386498465428944994426846333539320271172596978640174907098435394603863359414742947695971231
1431140436603421439595160990473399328530586142514016345463385240117428227077446374260793164254864621081780773490533037342
1978751746835079261454711841894441982699739878473373200416145661562862712246451548825259353157189414683805705535507376172
1427472033101590280212054291167601294934772443381505104872681472040874099980533921316234690657593472900252073594628087367
1682978374303963218609882066213079023343993964092835665942663395189450207648231300093535965802116201231552448212039965099
1584136884038359737129162397807548791335197108790097954721438165742562185200825711363646086607587466922430166048297151002
688303938152391791051441806283152834501491000971769671877386077897992548054603743463907980398224621011350730688489034538
949760547595770505759881066483270724541752460756270870925040021328665369106396721735180512684735743716194825294025062581
1369949823663066361211051689908653915692125786417533430363306342114223564695022720360064355975965567805834329764188903774
1453214323357608688462648300215394463225948922663893433221693598178903807131620256007326178935749313374389158921566757714
280845701636579954829551631109292857655357222437800329789574178664205064537059629403315535060112223004656591686807580763
263102544511674665371137874117959599122749150417171394278627018880547079733965091261657080831828306983626249265148881963
1139896194009513878326904252472449878745545955917712705634027376192827654215780637288203292316820306910289229458667383165
2236621978633705529789829557489762551292893550201213749131708035655351115723973029525922432305410323977209510694174158060
1429313730327812720881629202609781130338293941491788176479748039275506287606629295178064799684527592446534155622939687306
677855827451888281820947487857709908627354042766533385082380948071659844770373367675874747781813275462292629466878297370
284991675279474868768108784968401258515976121365444995658057579025808593719158748077909133529313451776027876173556858285
1407407589238696130299199032086566462382337914800135901712984432811291733002742396789714724083042409950052051097111526788
695136071800442714903918786455749975012715991838159007918484030012421142327840878272954208574096740286364837551451851062
2552495557475552049235418851697552142547981167219666250634890960244579951792482264108641853947634787780273266977771547609
556724176930558915737417578177901468786462167425246254393609335515587872849102894909023368328593804716966457588607162514
578178446545701856218545583107966075544092147699327224533341414044084306700604440115546664511643858660336018134452756529
1986731871145254314155039773703989429436345566459368017260883335125637620740538299745654672181477140765976231741460731431
2106513801512341731080809139869373153027224596476714367969641819008679884383371721290362555841567395101840797400247008774
1503872719836314985661710750706279321320921583781249959647217883501396060515054921270431400768216710584498174546000236717
214744666935814263301176722023317410625012275381459876270378647900685577899503494902514331666886019951903306395909741083
2429544199138023321308718523151091649473397656972239786531758755688867129447079572115485773407372816237816042846676050406
989065988362490458948544731309445755881484110994935289638293177951245210010449110718220294738028418197137633441828573358
2529536780378484747409703566751964660526820755599269388149884288740845627101852941052068690709898400163438192195633020276
2450193251835919072368517682774856526284772398699080150920142483340662439074386255298687827453963463854281637482339594520
2200176040295477374645415615788634932490239890297514983699711536598553473347101953599047725371053151615071184992120377163
757552022172520957897938781182227167941298740793605846052572611804698213818824820938753318729100090972331455341274730077
111001041103151849540193587710213265091087122314286447630125842970229268084743327141997089339190459484200927304714245038
1624553988136663591021504099995731247665867964663164133245305863909347407273257119069521985629121196016097057282633632017
1922217129184029624133516990264832588906242933430030979273176188082898708546970422342442618656696462808634990090506581763
1647714951844372725638461131405199932840925473038790747295619286821062290980411711528005322158506948290895335658229470052
354201517492323821175647336858383264889185951034814354435128963918322905995803582761179485520034071065035257223817807267
1410911515953828403869947817033401209491467599032022797175285316105417059481876536851277501521039911267491088010265921749
1795040768929417228727811358320025096320408323276267334857525145237329953274530144400723852054190047543709857588522112394
1119648238322005794562324836533616255708747770921366053867620224471609078535659621524582343123330892631284566927946730962
1278845976131223506417248628778207623466681768796366166077874869123393220705482553513514689106839633329091445380908673551
1356509944956431703654552389605540801927691098059527108098278213802314002141910752212854724314148707987337401563214353687
2540289361429340750845447153083489537047086119285388847303975277464118727286588238142122445959798602303184106008722819712
1097093283827294350946598855904932821802367108276355782807841164594258064719779025218015655530622069716920041756354919841
1834069786253804930168156315432984115684153183258766415362168821340589329230291213857789712569790456655648682857397818195
639738443951701270423697065455229304426228141073174215600232030558296125062947333526192542421848097747875474514918110311
1256477930882217505188071236870930337617193440024615448348547965242273904097737042557601770092968555055413978800965106340
1522517805084321968607203414385446915336745362599238765143113055254476354781082563048800664837611334497306893673518817759
908351182530781265387980365379979253999520149576998653369901587198322344074859178664176946252284778335963459674232137694
931563554376870547928694629200262485324138616617656438867387309051195544298657100518535375944534388183828914838705273999
1797722937245898912118035607430502887157958768594924421795990547924535779695641827237367872860555912691887488177165387594
1081337002039242601513404963320084240921456322313479730263525862066969105052555703498243098724120799833462308684898725354
177508229871532856587450004888022443759311167030822849017568815995094636599100309475446676144484075974101661742463161988
383394138524670216409862338069869405458554760767843918136916453765993161263797546408813351346712547854061460619264593112
860332690867295602882074735186264996823582416310467086359782032092754086257803510165363555549535789476123384729003999836
21279212783874081813588099749557763991963337720244196413696167997505514714176318333313530317567967456229756673405430052
2204173915444289186688901446686512321802922627400501808573070877252415872529914259064102281698486952411680113995012935641
2208148873793989669949839867985057955036270185015238545305469099727287909174358605594424764038059592279879641260260535006
2090320966874842594765043043316184020176763626974536461905620252024125874599179815467500401088758855414890448700262966623
1384682257358163908912989702590374071511719835203878258522208065456739576857661692848275707287958791890907922229792806755
2478506909836373015757235246334932279282564429816511240653219795735330467518762801129002032138524635146449480100087585919
855694913900429664617676056507179150597734712594542493917461965189533454533119531792995158548725517782541689108145612609
605762379529948221611385170476474986917243124845929351861508083437890847171405590757568259581085008424106320325639349776
2485353168334011011451603788825030868088230186312340384995544670374586660693208791557849190786158840617280537378212915225
66161354766937099110311440436969540798677401433717262557882907599381591113518160385263814678452249208270604562397172953
984582386647476398347481262609845338600961610686957635976116718195308281325550391654111960493929709536101869482774282578
2254459062827299327631174384826333439965161560607875704157673746043454386938458757812449309474469883682889790600867261623
74744625020587727517145758023544222248991951561097075018170224225915983753324398008322139963448177594217473516803607550
1099614294071626895911959446126925203230957991940527465466346440440305138968182490491163161091393914047209421560438016205
1871906182551314178730198071246238119968821615632303551004924632755518542039261413698111626483971699006572253282272406087
111667572690339388146274176257247639347358661469271035674658567539500692855348628736489868662473309363984771389623537207
1817763859580955895274207003073955276968800928971580379626724281699122412887104699621301076199465185895136648859445095971
648757153870629912980454439235971865753715591844296349209752057856263081808490364660568367097781910570229342565414093222
207559068109034090740486528564844843985234202390940799827453339822385887611528771850879466115537918701342923246967205480
1437155214240524376216400628411933678070515272109504353216497083881833653771690801273896408728725395748816624083224417619
2226281793260603438734262672375796879088624636820874054317921665331450585615786431385835140443220438044393572816776635855
1438629925707201535302646907868211013135910436773382587194468436788532320126888252810944491051111526190282808380898586677
1494451148924467001806656293843152161699491282443224310418458924679020137156593442091192419096341171867628909767127218393
222806352840435996404597537740546889630082815404260057633422191894171084854723312833819306785685922762787855609727453697
352425831026679066823394691807973676770138191204686919216300934646225164270553652609238957359979625391995512182405606035
172194414668319147038721541994875236784688071632038405128957648777737656539340118861638704326420363060529646321451668278
134721545714977078211394299311728504136751635190797085177914007789411281481892183412673214871991596450076021562666167440
600675681374352969417164362169324350278263246385677714125715340404649471950292888298947548926869308343727119494547363042
426315764857024643100889042970194502052929421399872675602749040539388405513859947570889307381903901381131809964337413037
1607324241840341218418968596339929534583015747586327650841949200455617073600847817011942709452728737817588162498181775628
1932153127743056914997594017632329660506334764871494887457718105996755137531420851283190752523695604244662581482032541824
222130122696687673350875519146572680245992584552914779286659248646305031047581095144994043719913195925769223116015321098
2348604353171434007800067680259218522606188522976246292606733112413069357274937048418177848809791598188071990732266655722
219684518037746502260301675910149001926573318301674643778919993508883198086421551028253287482490302729829702125015396932
1057056632825408452002167466888876595278881650201328213354642071994227821145270246222186260232213647443483557336170324967
1443906812019923084860225311714441107879818267808336375080436554448569585004732296917569689990831876691028994891551594717
253204695439828837252657238032309668169331155707785430011626782323310055517217890351312051221977829245731210605181920456
1418638740949697773851790508478375955833536898305960684860240907369671448533367088855760843496249902965664436540217060279
236606015832783213149390900750140551906504603434746929528421731378334903517702196925023408483312954280384902544561654210
38904846429929945216337683229284247794547934529923756229365964972344323248072134952784561802266836260930653297376556705
1678996298778526725603967570748036602421458972800320939633914675859221605672789198510880583858757548653428764454265186669
1401659492033645668600994485680185375982770734640716228487267839092494945913898764991875271450621216622835644696289119650
260549940161412216464594948419665041038033920728344917837854567203881153161099360195027325694726532402583527766042700120
1966076922264535603416375849728969992672375036215715662523912476988290191742771596416105560570804811548099125262903066949
1498835506037375551794642883206016895839005462755461577073636604519094026198838229779878005771192065041491808946685815365
2497882199689843482643661417267994304760775375604249029137001341602818348227265439149511399778159885100925860453314811509
1879261580257890448243613196040665075113891902103025752506721856924969350087255275640295905460468850120470302503423022765
821593850485995706284431868207266193409531011323558798423541945384470518638780847633390633870832017920381863264758255062
2406220964169339901907192026933099573320887779851377806006545024175897439184014513668764819001416570986562196357368086328
1880133869431321618079438773683724766163429841003690224689671631594768425897872261612446041624001726696458487228639397497
1285073205881933109197632747389747822179453263315623561601873911506628249790679501043854776793188312800144538194750361946
1374115764037976822472355019894238953111765068497361600096516521988415331268828959797991384428556445755560518618091608884
1502113300116770959908361787450909830374601533523948546781107825720214191827093289711599163107962279872529511635054971862
2475482117980460553547503604085625918407205298768820558361096580265364297488620956131467960231921422741143379235926118447
1866995608900890460204271875836209643696605699411296771162868510075203052167768065353705544615654083429915818599563697105
177820190947621847526183821888997395887991005168029333543878974675759595880708857936575800966913988873419085664157319582
1868414243963494081683787570877165386467012430444007941234083039042069133864353860806593560478393555530738971648707907125
547751901472397276057745968842621836260347275416565234251038730281002499801611278928477902404346258892836363272257082823
927928579160014378355550749547884485633562750087869838991088077226674330675151691235513564520351565230494336334402895163
549490575021473874162565830320710273823728180905938515678370150219566874698953654419350137187400060819204939345346395480
175591043413242468643160455017908107871630320328878854249481759660908413143683726837659159007215830606146180441736689187
2536944430039822365534544214410624069514491738961208396919339200886616549245661512315865008065854062307368733130868361555
1068197166534963117291874047901817763158553900653556883837776758357617372271293603507030769458838410764959351112122257367
1771957810245017483040649637644666114588676416783335033680856374232111486852108451754405836301935138103680469693417984386
150689610177950839614969934960961243946679403277447292560998636215850540284860458370002108230895321752916631722709154104
317695262049509382459372515310564250496683090427643106972007679886054366517747241174129522382758630252882039056274860602
630232573343489084021100243128399924884347511220492344067447229958561171229978684828569131010954719774794626679954341659
2402774521323339974998709985477848603913449433808974169100623279832732253894199402350127716798824332947584420456249156111
1648131196709369193236695670249948863725092175717795288384477238046166429063793125296942301289350048250353446469679423881
27787934523473271770306746920279463172962883720210076402280200438319009992122892236625536800366537930554283906032449788
1676673089239650326979397847316320858078884385825964439898160430657031970142940240894919500378915419026609355834978513689
1536073514765606616779036051275198809078539614635929714470830672532689166218486148403639025075612461922520633708933756911
613419826778741827776514232986747789638806442080890293424990709631414465759171053351661125512342930684851876821320170783
1587199041537094063647666919977548790707187637892886294879561169613388012571680868511565019215635604367460552507784245490
758894260251439491456139531862885999198598137864733233977540824283962683395796148495236400869943309090489425925330806151
839462023702490448349721182632603975707709181777068403136042125320808727417259392280174514184757824742199774410159754306
1773080762028206315717745338247236832952996861216396526343183452972829408212578069141163966334918290444178625529693684564
1495192562510247336916561257042846857454173095322404927949021405845344182472672325153572573556169288256755054785801012932
1235459932340202566157743704265155080765111431928970712290835670987733228150283120506086807501403143054750408924348919082
898022108241260310791476097762347821167391206590972875280349991065478860419405446308267832235277357708315943197702212510
79857467929498161938007765481320453855173916292862208463735881781043097926674433514228055473511901918865923599011091534
635504098921131146942444064816476111813911806365789337391258824352269697363470537464660273241039547849116074086458051123
2522705084753219634478925764640771422344839311892449123588201375998454880293778544711619308697542834750520968954940287523
664014988819805278589123443623249119491176676882483169300876156539396650958809464238984584770016312330231923237371174750
2231456486853685584078013536828729874042348985199482422008428169887090943330793146237753575792079905908112874484134456409
1721702905437147720113313124878181258311948106505759527756227826537655313352338609548238010291528252254380655061991377174
295950209494608765148665918403756660499788726440870032265355915981626214231932659082263593116233942612934034256100442903
631998178958294831644385086240152927101393802979627866447401632843857785437766235847917412912763832527842932388358193533
963180403751758868413767834004447877156970110834373568171834377406298833048087573745552786949039330223984800882371500172
186721778894469209850723812765924178354639094946297272974987654353744524028227459398925663510959744759341924207135175317
1686794291279423829446466012938576425846705824128396974946979049940092856682750603723225697621084475759667974326356019472
2083382762193291960037535485090863574292223174027899853970730088571977750978369356882738360207428659156386136377381912119
1834478368870296552119275230898075494981460066318589188936300869294089941520781671394269965611908643095994424331161043236
162949701263298338638733869579983587070069216040893350859984030861803676784408707298534567115530641819848627878435950498
2072671660853592443737415000117697479247796197421991618620505253174131257973976119807116549647811391801575719347709068172
869028547900969330503329682560236572884395073605669692804948629826592430718434194110090323508193773610899983184660603448
1766020912636365261699756033505279557397426388107707923000245564883140085834964341800577418903960517084554403550684612900
545872591991059667152120369351606690410298459325480148838518455970418132238906081763034395722407059375714853240418817575
2083459694399633777468932787350936141328702874177992710034729869957989495935291932075998718667353170230041922705297823012
1052304906764514364389410031637891877508927633884085221861116891247581257041787702090655462619181907145167882873351847471
2035946753848170413548561829336180956211646206721669270525340457374137607694275547035431661539800503793502247000053601578
983180378056521789466759843002260839577080076495075382160124338071185425976941716280471973245051156552702695706981849626
2040633276407492977828887626821552557168195577533221216763170428106370699301177032106523293117933027503465255014175303348
1167424401421078820666139818481287286765371087145205924182642016257762323180062358185777653108446862724913632759427531250
934595961148414754778957325352568443486661290813565288734133121367224296396712699241805613247228380699117371228861280768
2477591871833303575302564465915754739911724892240744252340967411534535866715921048054301669617101091999037421900040003065
878402608412250039090943660415710015926853926121461587198556568926829285137932095390983828465074695182700718369053833819
984143406078296395707531704538469236747775034293907320542878918508443169641188405938678819432073563320419810301479397966
1841128122995275642871476134946195963428448167193030424106634548029130024335697110814371398229309721652555709207216678168
1908382945598802898083402844339671025240993162187440046613279635517257071453095387960238144552530373294344089657118233458
2342563728624149394322994806579971550841302718508124296407008870001736984769558456415086991013265174060595969925935305203
1767287466950650788936375151122478396897832210168542475905870059266331314761218633159600516227176467175343802468419013682
1344731077526699476402441844025247968270900138112089299717008485371724178612260965768701547321990279090079798721679949138
1468932251399070695961341914272802283935486029216761900656899150361957552448702642950545071337182393001843807080216719534
166745886883286214900279923626529874813495889049600845171079944076450542829617151524197315113707422454179616010304783349
1626043709396752816501919702925343757986640488796066330594688470182545750114839351150582108480599561007588424112852278093
1063995853751290689589415348313399028198940005741450242734518162267953340105498982992693451609008184709592955296164709359
