3600
~
300
~
2
~
1438265080615164556030126741390694084631488428137569035845754070170497077011783196638582503
1451452530187930597757772029034166072153767801212196137039444031359651745681541204135059117
1017092001798224624749503480547477535825306700398509691768141738888023019108893956237703895
288821700244259553528701415446000124500086378018456974113315536344948102927733647350469256
1686252263656898271060643868702624011634930113040114008726086998000544681668180229562056131
404026912936803286841249480754723851406243577674175919601800988139136893934075783766871827
1891204914769730486796358255078431192272341946941126796571088007781634066381106395613081074
118618632845407040040365968029790346748040918850736391125584192105246038130395928227692491
1749087562927232138470697146946265369352889401604017537466062185541441464243863341306277200
1588935319494703650646258076951088722632753099427950122136261236096247384087002614698260349
1622213636239485659860079676347810023813750856225894214219642315053913265826010676991497694
826187350233420516602786537794993964547829329768365383112886230290743249025470010116700362
1887984438496386145908260991516498998062946055329782673808318000893745015907264496379537113
2001130913930372180166173889297680631826961037983318203381050413223672417847920366048531775
455933514563979278145350225046717801201089167476496170130503901392527540497712196324868979
437330101547658507274496388862224406130171323426151429096298666953929164862326222910658694
916552548869612917818398924969529439274188517246037354304694026797555323535190734483208588
1003732157232174210115368673982950761785050406612563818280393952054591841156640935696317453
2013638089799330759469275939499081339944309286395450211880516737695380412613188471625259736
1891217619976123768837345018158039886982078966755483121708523681516445673498877888641563317
984184561534336160462023411311643294336663923552692587642467202502813781010880346100508213
1533787960208134063648121837932147410160768226324805637849009225374990163763033433108520134
593211492821451965031014277413367459671196013961097795942732435644569586827131212621055491
41421366836857040251905972049476166192021710589680461389373086876459203455299984680340659
1565448295188199367431853645588398330094513064331422167428351156042058378642714448096117096
612917614217112454364666047503106716550266304746990354424212482467904381386804342251803679
1937647016416241714626381349344412275898231480043559801949957464028348246718919325462481718
407085907639469251435223146041083527757035582212376100321929024854593863298444967972482088
1765803009671884285146371434355744047169790003359908332342434644605062540677700452542887906
1112101380200157890056320859874808018512852553075259952826187095332760428603986886856043304
810335200734483295955886408788188949309499260465055455255563458472322778860165882399643660
466733298591948289764315978737069462445537796853667935470189336275202881568891308871271584
366954647131343451009849135868149380460207944195530869427406793687372495261083749422093797
215915015645900859657254420168433670769855547049693670011734163083141400670900751094046717
1536910128484863111441176621366544339077785435054743940098005796262209305955591442937190343
1387570012639782414629066758397192949981201831465918836503838916611181331349181208835477548
1660179202688891018362941036610271889900763674707150698867065547896075906336786239019313274
779259375929202369518566633480482809766000677586563288489690128737755214529656126403737623
1540268844866150947131187747130307642764732730937780330607627182823410194210577162532554226
990014488136701673504854305638616100933631135570804032078038336722430748691595921393691028
1074867249124829381024046683606661685301107879343172561678506566380819425502924259641574310
876261832329385160941849041186634780461242676539492808570276278002919271804098676851730762
1120575904865262859133227584661978632420369549606873072216946275499148383386831975335610596
512766238733375118546856784121836533260853343975390824247170586087721222231125391109237233
637259904710649740167765066153254539307576285210014281313302103410860518128622046747532032
521550014818039216179960199521106434475030469550147376142347448677529479196432515949449554
689291857257068949860442151574154704705598399852125480172101018497042237055106612039305930
787731045447934279015110095232695225593212319417059863043994901772051991833928531504395318
1831838770954704978235263491883515306856975068001835211423094242878682510315606651156250906
889707401824174679152075825494785123337961006777037030234602203506657773418323908215255366
1255012581657516704443151139173475152906637338059178848321965344628499262795718471712201767
1850283892470688775047188777683631700798380504304682240485751430064222422532047141660980812
366156302807152268547278370170368938499200592075895956533424283551986095767198910454936766
1937694462365724780938307752758764234412784910604815201777494140661810564068324435859120822
910918898327865955211414316325687834849495077389207292243002607569915186169503143219362014
1726727966090795144707834630624341461547254954494981641489617903057550225736012030302207703
1495925106954894082566151407996689382251072723147938434029142906873669432803807365701458536
1846311192048189121266462105679150799765054387635753886420722446262610576873260131531699892
1730675942951132117688128392253858392905246642096296203133880437231249273700809978620235445
1655250991894753558665001448766478091209371447438233676468835505147570440883636654828641381
1787132334561139996982033057966081862258351184542114580456901406636855804521926783922728162
214843633639060049270920395361920584106021451271254081777980051596282768604042283154322355
1757245239435957021927171999265163997631688247715892852876133252432270505812184513232919878
507928303531573945206662181923245084290112145732974627005350771125758428902106962499187628
648781413127813875140950147785600075885683646009690995528749206569980218460640767694640384
1449037358334617024413913531102681189310582106705857381037308724647631811952749462752542716
1573159592018134103863589864066316045149731388115363688268464079462870817066474727500774606
2028151223683889437079659624382238708774794553083284901236918905430187023512416769856269435
159187635773835823249554315883050598747546585086088564702831314260183758806268627431108225
1591909479141463280857572388232196386596206656011661197765178120331962885583175091752982466
153730823648126755240365356295689954493768195919238566403154657555225631602569226903582022
1714886575855404551701118153349768966322429279354846303165455088546754956507382144658923310
1331317406556838278968995008777161563250592034520471079549964013572867437940961053431214701
1598699530107323676068820182437092175547701420006250695408299281967414472086916386237214255
433278324825023233169968026091507144891070392612639585141243241425677455529542627168412
240371047328739031204283376062390520083033531188221201269374605907662640181587862484307365
1118682166775424515925783334898551583706972269032780857044184575343513079308070745390914047
59163533940241239206849774476469965865471153490274831529023173189331762806813888766232506
1533627721459316453744930754094855105699143210076151105202335319725141979977920039360359747
1753423634979441057726970842223069502059202185019604418030690183364093265632748289456562105
844181207182225983842516389636503639120202433950212671120403841097826851979353800264612517
1323238676219965183321567365369144617792272861636583277085717213276311622267228284732755574
841682567593762379148230723813912131323195262931269126576546767832974824326246165936614520
53137223978632137219920696656734775103121512682864135621833739427268976900319297851693983
342559026935937988219000921922461422362331979845808323744611044715127168988172025249500275
514755968506012953561098655270364731978140895442608751434436538791245706805362497878903736
477898008189006695325715372823486041922453724930436337349846454933447418541890775223416752
100211008823163545734593135694462163622238179932753376942702927126575752308101764053417395
1203150396645085399995434548959302499969926016616764760221516135225023120021590471482890868
536893470964308047618149222372084193470722017610711416424836756012041157873359287606507812
1568403900301198045703159385552313573491103850779797430781695605426970258228762842455042248
1211057325869985652164469466887489242240186737420177530867828373293717060845034674978822032
102395466885828335003680606532202543123571308061420875332956584700978325130156562366113053
461390603232272532114378192723507850958162685455904511111123645360448035956401290024462105
1866922833314802884340895496755760119141643301183608854387614653083442061116721203785267046
216334164656301681231863530207113748138589654724628719857652039387259062556475247332549856
111761028801001957682830376310611085153735968348058281967719151301833511080860129094810871
1887579776809670223111506247882492716159970269878844714444064869589463431308053397778195515
883467426802065799359228812949344587662270344912778672514783398866781742201488618846557118
734630137730016363177500019833583591662918249751441530113219212630465895819316028027153539
1434413468548153367991748618864652288536451203168968570393742183573914364849238539742048470
1563347639965535920805052615866651691388141309669451594508284095695736258978960975587549945
223404125971095177095584742538878292338496356824452160040219640411395802167465566856056103
703248917348279738202214180649130820480476029998240440806824287829647473284148989859977954
149212927872032417689816596359572180525179624217956326657617857868231828214608489850793116
1135268618921042776416412132650185346472697851250591559141323372429722882957462662149503616
364723428858127708126368499693708865678203939442391480357326583501969757575453956903456217
1945199882847399859523963961207722087980871976635222343292062024694351938864554927099646658
1615173463017753653929082591504929513399347574063501825506552943317519081510517215824724822
1946663563055648132148381027341955511218778383339719942359290037897035843260041008627476019
169740811929640791210976172937859464486521138879759113757293693694435575032652687592013166
1389708563366904504186312780026661099178981930571120427976684137442009233575088439111506340
1301860693325850131200166799957947410908294540658227600034223858900941753759298051762468756
873683541114041084974014609670947905124545427096021419904260777818541419205518650836322692
139330047838169441647763621756097973767812780734025087401191094558019099304196152374905941
620440444038999014632138882789190193037134344026094821826072452256148786694652885635735683
151757011335068040242973197801118629125520402108457681157088627328767838429913572117533440
1926704462395632217261373982805307953064449084840112536129622217019911697505407237543979044
702091241444093552426095893552528960061610515114811279186855052674992907997954677622240025
1154904667813586526223807924626547088227820778560635609133540234258142158238244741769417389
1738733339681454615321634026506552060561200880488029599867318272511075137358910806017645612
1358734071534329610198435166662286623980861607525611293561781326293282538399059627851059936
1193860593539381572235983613195158494916106016294211628166197178323221576042280626877743680
1588119370118974988378265689491002833866209202864911837108429569557252184704485775292677772
323715098516997275580793781956952891284140147564743728775078960667330286837586927345691090
1816675409324363917403971239563597635421764997154309842945122983641088370686946117714398152
1447969253767142345821684484593423286010749422776189372406702520925673804729650902485685428
1104939919076479495485231733417575482339746372037862359739896223734589689165436365910027852
159108626652503649124834290624969095386686719243829275782035771305562279070591577341448887
19342195556626624787704175159498560377659665971550581661643161645869972731713826387571065
1841462917175800496594222666068255104468367092787432059101593281732975719867147310614838083
263863409527040197996597793203933745501375646550418894813857073855299831847743849620774304
115055018686934054034418526195139298572502929519975070933482632881486823709462654837557408
881197220269030709539154354201715997078856634638720895204737459609086299670779951928451470
566653827966540917612681782178317280638984348838367252754985422988564960395881891808231534
133564159215144113829630406136634761344656063735365849473270799513860021311779248126015304
27491696101956892660083484202866967823417036928482442668483542783990627558997679803284268
1289628304206104771071314863375849419498214381945951384954547276172807861377670936830077213
1611542408013260888345270757963077386506339067134962038776236996789390740531276980607503161
1622256767251311616702696542955239900819906211034131337955433477496866014660121833769005827
1183282196480056000377908474151608892211866461369228130923849385352651418666992320464040780
1139542551701617926460760606456667417833482334160979197305612423762974641990324296295525367
1201154247429982104017554707613860596109707127750698105379500350073866220752255094548314883
205753605589540177693808230845359960635242394802820520044247813438297022498754213865042502
918856809691436505109880431563391069484905253579851039783381830647802378594392639838503703
1164120601163839415160112427567742428210350332817205351352874761261356146341557006874207540
1990145514926772634331900816721748946734706705824402325084381413208075136076520639137845956
1805822177404576809200432151703735414791134741348193857639468791942053982962178349216194252
991804030931703771150727648237473101043951171335992239269177541814419722008649177729109659
1372000486701451588928827363015522010911491326082982759161075676111659612705780014998210050
1371529713290462876967698442739518462005002433765204063940818750745613248572593986117799941
1036594214013684625079459537636900356604705307667459606900273127115449881832004887543570420
270926452432523363332492372233340940970341809682716831961673110406951918711479225571952556
208546896436064757752815615630348074922204992656066369039959442309357447133416830504363634
948936132692271079368997225298669732682887429145758855119397090259193435491090983270300040
578857615501851966334534500316174199782055504725628909492017307750574715247111142455912895
1564227996821186508531973381548220938689840589974824109006836652861968659722179344453231754
271360636922100961498694368651290665907375683789350157242120705916273354368570869682806318
1920807577460598692584787736581515818962592241245335335410380215166376942195326828920551486
1628433948754617540310808689744287593416736354500410607251482051560045618275003422054481288
390322269963154326222089333855745688454757490856091118055712518894877076610426058652922266
1058092684293857280239698042843221431200466851725562430544703820170213953915355700190939649
2018269120681489467524593122931840281914270041464145509230585454886532819329150144700026878
1309651913322998683448748483507892384155155522327187901126356263579097764547143151898703389
787566815038624120575771486801034872719809372952615418307631677156627022674022981494935861
1476975190645780436458961437562558863178169754791760017195690294799652300885580731566862731
1756609628547935520416102397083578563642607640602816257176422154941816910128660291792989689
345547288993927911213358950419392093092338810126307702437736734163967109221396478981370563
1956376977872780763204966924843855276923669794636447230410668531086085042077506825682626669
1458172643927181624543813373652232080777920478115801344206666637245903079347586053196545296
449786403730781248796776932494791573415101246140003532085007694659268246151799265531155151
290812348214980157305307308097666171356452208205729870101905634053215935493004197109695787
117617711731579831688980167146626553307539833509931412551508813832913065959637158609040067
1859659787610544456229851190036314942999021764552129875908582828785120270954568989308655389
149710968127364468328549295042285918924784068096265147451501475494861575593834006343860873
1320829736854545875675124780793208824076011163347201071439089764322785504176608418929354795
574124687757234741373469058888517615369796282624938291957600990638931153177668795415076789
1445582373528020070079535358924819500093421264784036446793892196192030414730655668632841484
735386899328656454002644677836540363074238888143030279295455592435278319184743405299308667
1450249087206486038295699465565615101282558062574857485505537155935465523388679388042868492
1856559811639005286420011852703110025193924286337583789329775696343530896992363756766356478
511569734251893747150594208512819951492120242830025289516968393853594264785240696376808402
1951336153745343859033149995855077346420037003380551125424469110523272304541561607157498446
1258497835569337736352762139567278936551163945512722888638242736132604541958007027465201349
1652204697757834617059567305411934366704781100396199839167816998482972793258388514675863972
1172785129536282079936790738133010647923234748228556833927998760210331435563740527191561059
715173025291888254093955752192581809531584500580620566382357356569818377619919966007641061
1906503598187415373957125378088053182495186384629337426100517459410108467298044402763486092
1073140858286897142609438105720131196119604124706674287094673148569705393881308246824788203
1771844190645452794690312842200909141707841632985663564313930278639101972721354494015016297
764560294979333113299078982198055561927793654942469543241472789170256068122727084252313440
61378961252151630676123546523209929817664940156171909218199273317711612417609253510863395
71236010403036084600552383640148051567053065648154267456374083842056671254176315978999659
1117922285802085960937284673389099310966501535197628199295530935549944607040496054233451338
1694838971346173573603721256351714701971797265769005400907237534645001538104221957924689945
1673561974546405340476269427556173224777899982788576182497573844402360195239599271375691966
325727173759906710794847192871688669225269848949725255229748958380745719159156636776648477
881613959390568111294601240353311589978393676345301769090175618983107208442220692381181674
867615746699372963346821925920140164356325058266822415917402743894416326520605042111742112
1231553322775548535589143775406018126449748494060872773549714965218416211625813752344252345
1872263947971956864270205034950590028588296119986118738373348802263343951104910065492403539
1119891393942665329809702668597564955691449903328345497627102063421073737961306950373760120
1076572847068342171435016285358246057872715859891185029057310572260635539712206530136875147
1041617866563662897136045085975900633176363836769669505048988124175641313853412847187126175
1431570709172643167538133912403528655556224870535767154551921630709002488488764120624979113
210231682740787233743408040917288691700666491519174241313995396310513395371935425448357390
1736703087756094664546261760412500532518666692978276084175183203607097100017174686028827642
1498967208826669294830322836423050470576050544227782741169897420702994813759293869082069576
1939348308801660832941273104867966166795236863523748346618708698054719001124752496881709372
1936701755595985536996290098221739114628770069892650298613261670396790039257190360704009838
1987512662561906526217774628435694655219185022220103257591083444227363422963496448288855730
606257237063010852394818100713508761960111944299741474242114654228880058879598484684509800
1286179283491812545107367316584220419741170949133381683428850987802703718387857672514968642
419635615628644467552129314944351808302876641033594463106311488908262872769767772309207036
1349817171591482751666627303756026418018676855054721180180312939727810076863504079487447368
1638670367310209673009802030764652198378212557363291094070681084592418691989913109672895305
311026977227459456110541793376829411890913654681268600646543420992430471928196057155554850
556592964920764011087077037468349284256832461036814528477594210884867810953367077660350931
1544668063715567965532950367526672792774009725121641313218095645668474517917570272945311904
722897699626405036651521490619879068542538026881238002134976825699035100790356006731185527
1994054720495929935924536021377095546948369964752918650304755637816366488655842925141030769
112174189530002132948397954197243218658724016534607791751999232337395697984360735585700792
385309893535338358852202076376629179933908145464034198687771387310794053987458018533445239
857702534716296568403393870656813939738139440265824226725378393338992142323397517495523740
1696565134651494037086945756002276973907866199552363704885229460436182068141894240118837122
893210697532600338948442298267852602323997773110504582429872950571782173897837737614502610
1862555053969907979031390665876601953226366827160233125377186105060465608503141106341265421
550290066307171627972419428080306821864286836445282217615482589184201013752953621721135649
1115404916016054473616272034280050759600984345164750503354322053795012304953241393481785744
869284790699040799471702763748733943429142475302533897676918027543382650653852386398848693
1514163257139047960752779241900602109239147677573050270778202945220583711662542263595268553
438686361968674931126200228296506856491778647704548191989121624598443421846295982298703458
1570790161122499445169257226001550094506395695496547766896983934226609839566396638595432694
419787603052385859242690084553024615454446844229686464113314031867280106442869553698871774
104362365596959138608412782043202066380330162430062946763544984655787778025622304364091216
554404713202553198275811698245879906335237788278228516276592050020389990625338219445736510
790761002331655252039612698277618884093322221483077548946142229797007727860911198068019029
648681780339798054693874035678358954009274571826777125361874808247518066613676648515950045
333325448720678505042497226570349910334035159942846092768960220063239289924035231652623931
1875226215258102530224443013893773284769414879375137925491445681909010331166854568457742579
608677845393005119989302174046633762657057017864384606442993438627502697877580061774869995
1218509395896875772707213030828160006335539993275883765644622299324901542991014307672178856
755291717272874441671454938215245963366678343239549404332832311134422506298342672038138715
800552025861442348293437210804931880490572911022741855658649331021349679501724321065977345
1018244697900347128952628841676857308906933115217511742775466697360936064764419969839918105
218476344341271047018027985907409724082813888342829326533570208081539592194965875961410318
1173150037625102525450639150245703681845376088115273364582316575519428120401366551780646269
1390574932730921051127770368594723933717450030178444583320088824304988256231652899600435235
1893195340118160343707456348432555032957516613683791974681328214162622264491540815754394839
588308161464916408279869862285524727502539553868486388431105162599743488120843941118426028
1575511057838082766350382808029345388951836325531891160648209244453021399900162220556322510
275045644065951966363455534687996568259820330942439973891157013373065562561030538294418770
870025070730179621838961731844630291483357004164386421780272878329085821525760791457617084
1969541989310550852558789497747815192061204450449451022609719392225159064875943618096213066
1321630739402072122445349386778516555425728820684805337726637179061738158947076704469409970
1272661152261974171610799227405136463081257783138815287473505633045599034089106858466987635
338025957002051570537457952716101885348336843372942051943511257528486244120432333900450323
1403489709211616098179157671881571551953110816713472733440292109884344229130548775456520238
770253997663873794440454402593059099596666578392629955498070638671485661560552977698957533
1210516033570605099254995756496752777518066995166416763577868729336289908459943621530772280
873117299784212748991407621761339958722012476973354114686487822341522394252617175705789211
1519133554717976802733938770066624278575074631475789485241276058923528093393597750306037522
377052496197825329171326001533212594679599995458391441939083981835491351043438874046208737
700281469037181572982849409043021316223445608672728822515438977429415083149192944059125331
1451056565929844488752608284138305649742039276968307573870252146363620271562089228247370572
1250683671484669045818614964006271500464936526450734502092137776381959159585565466259988813
776474034220731915052200620586354191956007228651684750138086000374500061356421235000621496
1262801915314255468945447502005134217125026538043182111781745839722845540583395648517403711
985866166592559167159000567222286971658650081926810177658129038621358981394961346696956493
1273072833961794519238264885983538868577644965639840750934880543509366581152764291172950126
208592438234933182804840502086735237182764180288673709994115912712228905038410565495691439
884592874945379930629608845399800166154589109694936692813569548545321622473057199968838825
1402723706130090909361867778449527867590257294808122213827183596652269288523454160297522578
1082786398277704534483390246681072736958425267489090959137390486241603194361664797872229138
73585027822616958955700777211956835333523222309589381741878330877285824462567308068171685
1882753768809477669392631717822453842939488292218055742734161396032984093504972606850546530
693147192690844890943231670855182181987537683456495167744791924077883170967234168059008629
583516371280426700414888670224676257814753305613095974097861109882751140329146641129004585
601259186858847594413167080135189207297179682226901683194699624317111047667888500109636115
1283346718828351736290510296514996578849097214808406765593405564138215093964466552195898248
1009633719710597995672422679386235130493409904606080129552892796259392770564490229463401278
1139340259234904797772559359718597873672131339257701575229581847705700312666156389911776959
852033987491037158318251016475334753161585669931940495350022137598866665956933340638266270
973343168001563191180354527302637845650628863392975959707173008844396988921000884367542174
1758630762276920151452653664141501561435352693691655620377549620566600431999853575147633335
1006181134581967195421376183088742266290571458653031306568440331387022030400083739359516060
1401225961062855207950088660839811721151848760776635665977274965441876105812920113265467233
1119078938593874654024130483158074488237265799427397726380677973959564663809349434888383379
1160439157172202919286376981094121536942949777168323868989320118729345130294464609382346849
734118776087593004406280859044926498078395057964767517255737494629534403706723465459114693
1144193963851081210205175875291423894821417064373906017096733817918514950518446061467128339
1569782802096774715274570935744722510811828149665925193071993607839920952224184514536806656
618746671350054040328233166294345405828465227988333743060139003039541062067691787971250424
692676905245484080470420118275250288452833200498821720175854948481714046889245409393157340
2024847230809209194514047789182217607720495112614770145077578450315796212333432854736373823
1364619394557714815608538110412461032939954810794473223924768512002485011884637008931042187
1683879363224519847035487276026079872225018612720248212535861603098823112930890172641631207
641576783338795147270621444666659213604137683909932329470613150771481393541442934545520375
669232206692823573153002583179200236540167230955593770047128348871706162726461885553258355
175301523727676697747176034389530275361772204881239111336812394013058291020504503175520660
