3600
~
500
~
2
~
301150558800184435314827175654508717941943441365265184158805890116732871040520555653980412359874536588587060017873513212446765193675216537526542121448
94789775621764877120736728214092665665923553610458197799053832976874318622253116692120895370197958146033158697753956914080732827624516369876723941519
1805510983912469098150931346608415466819792181380823685014515514106993595141884011147236853811210415995806884259272969714068955827278012940239882952897
333378182414002007240819931891703715057872040566584617030249926877611876485474807072996439684493511236509392806441949050987686107323970624603238008287
2049563106952972691238557116405153208637896282473763125360795947854969354052760649143193348593386277329379955937880763703944139697751641605054498603430
573661257048508116997823049302852976192907084472574691819585754005580635050121303428287462194315450163245820297743635179234722299659474608384443641985
1316020960310919553742105727627958456009568713372865914530303193054346910703542029672591691647257544297779786271130881421680745580860090185561474934183
1755948832771239457058321590196007411175022593039883160364891842296055427972803724987976458037692701564824670753929645809336996569901136627858328489944
906431903361385321515628004892815012363163040351565073720828718507958467393556720164784764618881267296441911930789464312203891000775577379367493365080
2550236251872489125178423749311740807898002038900056857154911976773995624506697603076660709399922453799946991350373213365616873361814385805065424390555
1942596465124929390039814918778150135668156808935578185969195590897445553411507733343378102730858997814366286857744200909791816189000540512194278466430
1238914821354021980383350527117925682830235468130498602991921199135399911686462507232403454109677717105856839916410329977686224943873075601341424534383
1761087613894781295619264546307776444225491201652417067761324341595947347158144641227296566400128168820901960749613639870584444987503026613752476768784
1329657071844581152458116412901211339954410691640683108143044332506369974211701138482311219114292678201487934116856734805510356602248932803059249547170
1664386112244723675043790696214359769929682186125787376879932570758698760189662851250592306662916461163895248648910061959857457618742421854829813815692
312471992094784198335621528441969393372010707320993600370094713001072549993405123599721417250489226298718190930029360823651249534522779878488173963675
1858663726143837084608551456153998198419433368418552864640340408916779955444986492314992645523860783395474274596585434754265834630942079778015117239962
40442465337821328085272572963079362231543552614704135861341964719476220151059892423787853308296176151081673794937475724014456940775636142282252436589
1795043059427268741590263037957148978368578995707466405710660959248503839329236664945066091053501947349995897887173913499157273059163202544545162208650
314192088150945314197333945010054183359340641264740171712991771510616199425044173310937283687528382870443035466579095020060735459509963070594532296925
1201294163443807806019945678268821945836007912559644408506324699507333643456073892392297310021104195443906088004422191430444191083064471171096390356294
2902654927545535531113875753168829440940478876315589215401221299977346968545102435054837942940286561704870057116677527990352844474016930881820679877837
1086609720735897237494988294018585020328621435442990803351663412736625627558697335293704464424151831271858870280383553108010945290272173462857689609832
787471491439907956730501420844084052700222111612282856371943861778333428359908361107622309579845228390841216115267186049319367805167071424005082505795
1649525811612689508797692630242117298955934460579343816701304882902601923140357069449199160417863244035931145705694955160414930723956248940190153249601
2441181110024228246908663056198892217152621083259119033881667489243725926258320962177428057897594341754636226926897164244573964953924093164357985322704
443359064782673049646219692548507004311254676802158910674180038441513578283576885087787546050826239909239778619813580850919243649943363630085154010962
119858556175593819382594549970225932575508870930422414022213339386645660982124820102223363310680268193020666505513472664625384891069121710081488355607
2609990447185765002788252716238392166018543423489243778876670823165155832983440205649837515104509497727718970314201933976761319465667141693889104344113
2345521108035406471087947496909746388346192548335207545077728446545215487969428668238299487140475048925073996632930822657942384613008443157877139080182
2368990029496631866691555348372176933704840739383001749992836963095000028785593635439871705451128365628661190633349586056692653687228599513360480963316
2927749299050924609224320751891761230739139232535444792772086952914958719682736417975146782448185910079292668017872496450729665326863286623478073465756
1941753685820077501946466715359208087702012179677670336034345281266165367904694925654891750691069840845833985176385510664060211391661232462843103595692
372422050147443014707520438319080496040417778179810654452415600916731417578496773247328113719689679728159310975375035179492339384727837430016449505489
1375497220620026559767999432490321808653736287555107497625198974412544732371473414010592448880303203567738068485583100601902716604316829080034664459690
1046429151142363357462703512621829971775689548737246338464331359734124528756414816128786570219249788295191504158640547079964837618033804406426247541948
21714690823753600930571619627912143320091804881064599411736252141242313506641421115890701101512285775130444231867424604250975166807809280674324485132
1511483505522978241559897963699475622321484893827924625030831467237529310217856005086129527668176481176853950101307859853634228571457843988968682058990
2636574414765705266430179827341225153834199779962217617682227640479859550941688641491588318334335405259241804799292594309581374599947987973382028214349
165437529011678914631674923357039302785738110284380990672805541589454457027048326909770795150947477965160176853527235882403063977934313697759292564033
1216378179971934084027987391237307356594304974119986923252934729510307821374352432170052879653428434664824486000145111626847660136926474722858529627952
1297159825062944101786127030971782054460486524149462062016852224607578933540137783433538846579808183905940549428881024162389146714674631515394655649476
3039143524643837419991943974802325081352774641964560537803698543534639548630561446645842795210732470853351239942343462085672589496407370814127676367240
427427601889053398106104629147282501650301951252814816158056502726026214299886765620800201221225400098282556344384368386647472455719010276775147205657
47551957209114260483926237231341501592792165047096490721665963417669448739333544471788662965172424241921303697747820368065632643383902388756512985534
803564282294822637063062918360359529178701597078580293903698521101584263162421422586335987923638086270862886634942213301289113554830863320092359992698
915268789133882794079976060152084188639787044179731388150442698124783199035966912284592621049473055632856141829404965143806920673126322400470476238233
553807647041000050470770079615334272533987356306551149210124292287514624615378408674930358795265167137764430697666241696476601436232286663124343294148
329837487029873157843698776608051225546116948957898533599233370926216197611019456887298007129611098548420334016785443393104428220409127549627100675366
1458942801854666439368451820576360034638579140581325258510604290200917793859427107569124825337418747246741580329349907074039674780816621703089780221939
797616585536474444591122332378055609081676240633280846152827601212436051824277332444016823875808950048553450798664050207454973993549151216001665407693
2682029739850058386879993858230151467629765749660130899802911964075258835132013299782162901797536552236853522123172744078527173021242956902426255892803
3153789499656326764772573257083723586130016848171925886387627142355126037911257099463880639488560631050975345576242516425754512504452126604347773795004
760318031782069013446474002390016593063299590956677053643695747723467854068383112580217012379743879843120564949664430655053797339394085422803878002100
1583578572354981121829590264424945867796642855678247151925646212005437858274818262702707406109783264859625096013874031772994971795673143126975791058482
3230666988889980734991652557531933668626593577602790186706886566767002013290062812346575502040593195325823106733287296930495027445296757594419686146694
1884695037288416104978762311566720379652051052818921915892159191076667391740266344860581455051453332979792438647878463776822599651934992739142614328832
2095540306370688526088781358545581725505832979765012487543104628203492695052117689454052192779673840855277855154994691312504114271163827505374960215933
1282952364647364943582039004975597093470970427173479982700406114548822394785373032659270971449013730972593717740219468051183926639835543189520092432911
1415932420358958523685901011177455510626203382718477798361799797586913164538507318115486921974259298910038619019370483004369911256191364770296374964940
3125156815168236240733225575246304202518266065633992357817477508497317790086192646155762662693145202201402567754042221878675710961792810660508846667406
992265013760657636981098268909248083909500188127092334421755626563950329142480952363025742277489296442410294157955591174183459858432877119085498575783
297484701718809558914502012977135884462588615491881497941457012863479454852393392988490932980426822993934733978692154729042832670484924194235125535516
2235680799375275354315590563224189046873073869587825984276712460780181955376550234098467295634028135170322094751765452392985834456497721654772373369976
2110384065200534871466745886296018286747656341279217911352303674608056697758833732939523410327372231194087685060479387265712747691982413610403161909447
2059586491680646557535093811753459424329943226722774171939614969308271105893318657646317668731461613515890105114352865987104340445501611705942668461132
488328947592634770500840195742070001750897681040974307035464355602710389555855297612972678297111435244974570028181467132211218251815276367816478606404
2180016258239098260212856560607667311997164359398101829093434917500319644512359937783014159905398465230808912742308591626360122602559672194433042110458
2605277599733817816187696783005478321985663016605218231083262478004568865974585167540981454021970227153284575980100476119873182752769790678215394277904
2569095565108192911271344817817252470391593815013207131983744866429985423878563802033667660125048175927944822880559245145495864023136792513473642344990
1336577530400375058552273131947186833618294532232748355150756326745111209595534002556864993953332071330203825840501359688074763295176453846714564699427
2837235022180984563090176318105650526213755844449112942968172285236095081899979416544471275943348323321886997311901122268718747363134396457178093764579
2010242806392904265897092141065615545806414542276797994942931480481651611889928631019722157665261845828196710286928744018247150524052253071901392407805
992970853205985584924381130745226847418181835438944396275452591921213167132081858463472378978689019155288833897316334391165721498519735255784119699808
2671660870366588285980841595108427825235626490144761884525903341522419436151686826274255276188393466176580224357122896047728883571330463214991022842695
1332648324419339878720443714666828022165497313582103315923784255811216436189113083930680310774119404990829655838362005951566171188125463364635391376593
779074702110777686550753541474304153340382187176147005129981991806027666149637093887838950886672496057366356536870255204149818960155442334798914982873
629666036168266927911056519250267799230871306723618961166127252110910687378525920514491817263337168089875566176825593923705307914961695600398649750677
3260535760557965373456535853491887235148336472437200878599908291058590582338814422691609118384587964318381665860999961114793769227339001021456039032545
2327989605329207831531811680598143464004147305810135029501296929872897534508426967270178465101447297759033337692744800583357937727204749522980816590203
270683362177976423425321822139471663195992189526469392523997423905545855448152782283537548334926180342689630048755817362792074119690030870633052902182
736230145787827925869566933031470268281626759476309556901092401972814408399414709488907193777214992835201253937469597317218810571345238948000038248056
2084990366474675986920833477181879569217717719211879845148825971939661424794184996427943852646721935016070812537934654174247992293888957109470635529878
641894590498393433154832274147209266557483268311099568215306493537199033746158552922517086899947902102566518096135832678398170451113002726300505096966
561438830999109899595421813521563840565749434077740503776450012936521587195111916929401970220034927146711348660812694694073109351917375146152216397754
2729316647135112531662388776822033987228327362789929951791565880595705036088414436054738535895565373255371277360421902318160113132151773957013697404808
2225205341008902620495685053640510431802465592438048152071210602042887163323078254889354909265978604215000749787578864127410465204607482212863731149546
2690453199055665207207862580259146642831207299567337216170784816670788686708365197648749552507324318567224786670347014180041080163502362834318797199154
3026077876362959584383678700455596581629649494020948656335873129129474214918184346398019802592920441897911461423348674795454955008499446076492325048334
13094461714234115159089829885661894724493543397401207733795092262768000348097906349197942335490153183497408621987452461661400964615388390492632418741
2862154157935209972613553774616427620527623249032526626054909842652240345736815350092727862220167005074955015589402987904857169343293900567779834552358
2601177316347020644427809718638226225416748483692062973643995769798114307030107186142814710426082883437260367779451178169655460014325310026235766999246
1414941809895279849027133194460771957802061045277672008859758285292659502941208543591558000640907329707520313824356771926755373811921840119248620639744
2359182582353608371069146621117301223200649072813953595525504153700699642686933638503291380662147892021639898148288421891636364062970075299797549252728
1979990348275406588970393820934993142390293076311685887591310054453203695159646598384820292347862282104677441022420693760161533279549533904719989010845
2020033561483106719296830909152403849343979270368035396150425648794486609540626012988688369044011548061329425338334883026011010394121215706614371501609
271922056629987454242036373038161166664077202025840647566497101536231478200601222189060717235050447483091685973810255193207860953596463086478307776384
3115902567966938275809228176957860459949377234238941967677293115984285472380528580817783944602543795362036155412201236172577186082262873866508481279674
565137278571628709013396773048308489139017951695894834533881295422941239531350712305455765672994152325431649002681507212622859994735896392640946610478
1524072480884557841824041329373453720636840561704703229512746617055970176451467694307744448867398214299789187006537519263876865327779458539405496710589
2607033709701822840389554041992434074289607205262014117437058918824417981395198250497224451366265551496548242645714208430435460883498343760756263794082
1194914332364820357660320573682876866938683177032358545905986463008380769047900383384076431028288787197936099123519468751454314233383274756994430045531
539481812633606381415139625912660843339229137610702266785425245302917974948648903881857576809378075119022296368817630760112564662054088046370216091683
3063139306454403195423152476143621044709119514666820401844781316869393352882136170157176364016258181639193904817203097132588282907993295962874797585755
2773964826617242860841691413168974211239679648116503923140510898140832397009328140127410222028803113575056106200109496608345881975807607211698417456263
1113555079332582796653143602664439519567574672768451588140980105399172497399703413835208385811781136626367298435484109345579284420184869837145526099503
3220517866212641270242620876905594355384405260441733462796850088930653145953826619898987567904049479873748915924495203799230975097082145839274234562620
2649338638508639951005947294712162929134076764365307085624284578827294728671688981235794978070666103484837075016042834615694413915019993217305909428756
72248566454859206368920451132696967770863498921872751341783881705205622464864005159655054524658416294847825488479196241015422958490780668121954026034
698641514476129507030572158905500391050563691291810962864469396679484574539622536588038718359672471096607961732124668260280581620811297558942129930813
169695872906933556616703393734817703045155905093191798721193423586995527640532516819544303841919331649016290109566928379970070900895434634838373128120
2686670694423631774245984687239067365825216470203035656101324104969744536520646838191463741570114021706457039013142727480147099800381819697802351819465
883696662258827307421229560198314102056900927485131195545779312010259209545522316801937944484994170877457470856785651719599176839663991510261718083783
1134854611179227615777916968380311027957452095131549522097979402072585190168878194476210404617990337404560898595826005679194993367453783009797810973444
2913660513652707526322560256478422127504925732990369479082680669183155500145670905220947535415450499963138431774596105591637370475500542763668262839935
2174260394414703509390773729030041897597507782487988208432024433258621922707190787389024898558174365607213147072764408300630631319620288980862846546997
217676691902580656062984541663782539953391163847689195226707315424686333930702195871351915048003152303855871162418262907810530338081997019564497352521
1554417849894162309333371290593672962625555609616164325171678303361365243829491669456500070973377832941749912620045970296642085935632685791738995023429
558540078184395009722342629647869183187129196045208045043322652686345438563254027242048411002555752190811939595703691529662787203297457583246149520178
3132099804265727188780266194385279423961290387498755931300944793045097235778229740788238689862962573478723383522792496436563103011780293374835794607084
1850003161176990083604689116091868298862145214620937286562914826846416705682346822010148506968009400437167829127180790887440728194548223393581212453548
1606157050382465480885632889323432211836866143288831966210822838859541232947759669237507309352449282623024403867912807100144696330127383577667406438681
2285163157463526076560815264041195288375806540907730882800034329769279175523378385611218460138207517312275952174823411784715568214261882169332846723837
1928447228132939762983383334916173056584828557739227141254931023795696451717550484127331514339468066165415132323590231910573187273179441997307122633033
1593646982131741241437106022222057305519532471489160802434516801405037572892554295816997926150142409240487433084562917806677453432763735023983872777791
1307507790396423232715634493259156923859191686953156425864629609536573454773052510459698711692986929381244573998629276211808397572560934277742775905395
2022147963476267595295477573024332431243553925051237835404357710911351442740580511742894561969835706114908824253875994843374268247038050236582861217508
202981097689752119732414955912548593073214704159205715508487702003337228435885794140475467135310990002395506386117569353451347810086181933081024758106
554108259651260667682875297732682918476610124277510995783166168308332205277703389859160285765184146944861817243745206748607394004614690197863446164180
3076354133784624177176972623953902826849661085271325671076003926180090871733934050095547115236951071446543137064168388034491450648939007626610237332882
653440392798472912525023742673060900392574397641163293334439808317950215658304935249207713566670871665420565841569935181691967241203951632308001498284
2863729001043783387000725021458741647220381558614129713234306233046224904812247526229632168637157164999051597346270808210782178777069579846921515114511
1626599239194642585285957696273257111935792662634249369355320792458613153915244909306718591405681279790540356307098818275156249240043178290847387313605
2279856528728553792152230357952612553346445391742183600238952385160150558457942861549277150842988871695625957493745916399219318904205997452289751693236
56671749691510614040509274273852652369970408475333517991863120671142633197456554410447398178524852819313008295000236780296452438572435428407442204676
2867918114504151813647223171742870360049238014808717103605088480170907954695796144209209566007445614177308778903985604637635169685075752258853838195361
943488880728963555413354872019771091618864858073494203232776154041697188664539734164483718730104796008751140535003209876504296049029644351053541211412
3184855952764049502069239013908800966070183927140780955444835390007910030847937416829740774113364715044205113882677624944488181253029816724926603126608
2079855217998295225022334602413334665870245776216027075900633948873686547492337489656091334806911201621029804018717265430228359022464919668933493379427
1888633209933650725101387042413050206043807845005443485545377990499354766132840340407243348411055449792187407522315751517159712699956905241983852697695
2199540941402569081325203606952872273302369415935837968330252760476416920883519020055030918219753439357251420746115190516973909656417100549412724300387
1861793831595063327535743532116405918572026230800672173278227778456000537363330814757189522946103186974549662781320399328836267986729605464498205774149
3209425222382803984311915591840021610043574124089700465992918405941695416073230097353016017732147455283878555893211888153065603470762102598917751396948
2656646678918043520503144339298017234824818809037415606647084821953733137080644218790987554689160294086789577861991669677465687010542267127112074449088
445662350139199825733692532230202396583084162620088568852683380770739928009262743160662105997155036203087037674602093657318086782835736282866883193545
2463554545708249254280297533918378161343335232470231484694480191356657793362375787220482451875469691704697430696330807880965215887065369058654005507194
2683504523501934920803576678222497518750446268698841941145148471110359866408773387359568393593718295213948504872985983861325245381267691360612125237017
2632041236046261773320872584762447063829264532530525017759336634064338714006788561597386314524742285678922825820044544010465796961653352685580868705280
1355272780155854177354248664469799168873951895782306617243805462152358317366529656528839291108935932938647047675700208925687698338598131586931186549197
54151088121536808956092517479843429571525113658988440374752734425922672766233705671535758138191405372010655884450652633769805759876425190517468816803
1056591660437663662814522311246322152642209430473164811153318633702931364559898309246933244133684559540456220142623521894856683428712320447489658312594
1472222569789000611778014730976242453920939763835675747235504592451310368631005625327341495737572298210884112444036833307214730786203267151169062517604
291717024517480607975261904993817549586312838365740841116031246406510858075526371157266270228213224990781159156096093905532758118257141656058099467774
1404576365580452759345097166234766592324236147098101291754491909166238483396361559139827410605699224081762698453372709917314280211182638830130591228743
3131940393956783844364651056211482409544260666734227350185339218513737177258690690221528790341686706465843632050104956841198622734104650443789400697396
25802616826786928775672150403550512935702608392914440232083158452374070361164890742285464778766610486420562926462434966437055710829473090185782139543
3045011475679279121947468177066627570717144934987884582648469055356735188935254645831942911114639632368500920903389909984157892375258594203850335380615
607959565556608028677806722986982727678515591400354508623523819298004471916631835587648451713556550124074214755444229617856028133097169383333213713859
2152804867930673058047571640826484505515715941328982245548657678337953205491447735422011387274741719188989772388906773951991337302084091169437341200094
758778059889274749822736311184466652575160789437998531319568596017409706051559472314844070036196901505685515089096645421696614623072143594573758126172
1905704167273522507854059966632741421246820055948105606027104247742670332104471269128972318954005214976302360353868315737679335608410635841270295007194
1335685972363885230724423651505185062854827308859728108545867981493798824527277766138926759823969447381760446561368110559178763379454301097532315305046
857489610833135508716966706634690678990083136435465490865044514640205016833455146255563443107074692798664414659062579155864630375753923780921370858593
1590648465944974344705350257329337935123843057161407232542997256849049066171749385194381208835874766401823645430399953185807257405098017204021738964168
822706589680547034244923076530143874819959396116459578319499708630513113371817864474974054037667196554675251690026902426432567411868912647850790201791
2195226445278503836056853019670705408326948568800632135038553009257611999207864301138651664637586716633570440938771519989391734199614361138196774321349
1909841607747520369370085061089063601274304340407391812132119270092469876488941526661078969569217073455647699244777975036685065815222045683227683977644
1902175541858844165443964757784274653661508946979064765765264557771252848560235245335714800950208657815232035087353044220109159818178548791271207134371
775839175541123947777273472445355663707256423767784834625833521155088202006779712842060959802639703399023197986726986674242850710657838184905823692998
261614289431206289190892089822597865340768932363222823176339576229795235332262685354983477793679543696193016472431983235738422917874615324419211640252
2844743429888350425914807814709484004789134444832695992551486642245799968668220641982968938236578277970550967899313138169545297595521164016173319162729
647778442204708011533520008642242690666528898629494393474957645580497216639299729868813553059079601722229752132492181205191655011183938220389455748732
2022296030326174617897951110558827347521869210664953435896247010886461534756726879912538590179689378462412373163495869378067575607528038692532600253136
2728103982779912252895952526702102084788465573325639804937397496192606380291038330860696993667883731136046905052325603690362195020273749606665769655521
1464529364444330499500901215441023318827512539788582273665018026585192746154052024682729953077411029837032567275299929333285080696423276746726910901784
1500121330445826229288785129910081975026207322612309482755641493597726936894556449476686615806230877897743083355902950307434234529981106808022386298164
389377845048494492415027889062093729883446277316925259220046715825141050931547110735023311975276626415801001620554355705032474228006810259911319715074
422446286817610455755146288821513157565614680274897606308516745357304101928443051108001694055287460749890153721579801885905798312217091132117202027703
2987086273620711878071188657950891231729448681090603760717223561926068676170673993424666457423587999144036541864205142693981014254261389211848555075223
2244207822941010117500656864672445502941230457737603385495848106804291951985696040156999961373687549602475252047208027966665197850988296589208306076282
534649706694614835588489083125480452052495838774570922609046683237725053398009193689283038651761620173903864525636014227588725380957579793976490972920
1910965041415552410810385947205507641047334981749466193828304413500452689701574323352066992218391101290438808755906631410643962817505066272717314873954
2908580502220144823962740984162265679746228033717155441311555856024445342565637492917439521499146416921586778660497378234636081632565225898736805104159
1159332189627603974138416126445017712553339575743264674201103664988685296268002611502086063676742123022330878700383688166446191274343182680147073321625
3141000804302927121049225344550365019694933925724724303419911230693930287176428709965152889778841932864355377126337561709023459495873821062826207488147
1300946926767357708542253981063872601177668602377459303864169827882180091958309116279840405584604680833889654356952946351826927641169716361006741338469
986809602415302022707301494189516588905819025254402023075049124570415319413086238093046318892596614303219495367809280459142817030193112140563377150789
926356152323432850453902678674456457402815159818534654745256033542317019170149241440537740676319448563216671166795615334122890876975312140357685332355
2751564548047602900392275549066954168705937203826541066713422994754307851508973153913474011672587279744507202500509323170709945733086362789501611162434
1561946411566800327584588128557950093384377104325773433691599908335999697624264752607030635161260057302709602840699662320475917520029463764364939559884
1095582905299683144184397237416987931095448143187150227981710409889741794344453109729373258390650496524461743099847879575880106273144040070519602080113
373607585673597541593311511691598959375947178790539341684393965733848149164039037765122201067217339973836497402645865143509707965012768388642172303914
2035411279011747510363053503042725302459302216290941671322693347775683584068682810065062048374670248011319268514026734834473952974138141266408113138151
2745567411513541227960293876833207136906573972510412931956660217409188979520470549271401572882337435226934431966215468107148793554723338783624333878097
2452995436020198854052749295739577252363861728355374237340502065290025943215840157481535116585419233373539079551900643061555993008445201537772483048527
1940577482518874177991778145887331270165708534457471588955369960022521512245056286089145747551536115444626368540813342160176804459067649600565415743268
2279891767339710578225194680784772112726297260344424343459277034792204926458929595594508963250521370280292168639971720971806759649908873442215740726250
1327412079631063808715247656753208190179748177167487783581642782095179019290360570633712179516257726798095335126603002217294032102840315795121832089413
786343995545388164171987260764613780455507777178999498404062163179571697841936551959447493292080960234652956954916490915295417579456176888114226231283
2480187731223588692246283894263870259934314986712123773468322463520457365023661112526375351680384177736825570278527134612404833541569183895864330326957
2769038658646301535670502655732400581629348827875620676194157682907801666996123091728938985680517446630397582973388390139143776431186710331570535864692
2090705860598229229701027108454441629401017503904858902959072670794170392522963954650479352692023714122177823807305814595377170042722762268177503065857
821838043473754944492984271763361918928021800834904061383988639870267953299151000656219421088390486637539294994325365288394124560666164749643373356315
1724101362967064755296111957721192022940635557066942683224785751628725404398856383125894423878499224816707235013433014952931169821637776130271549268015
2968399402955243848278402773772428861233319490815624753607428646606828567865088929311744312784821906246403286139405212778693440827159868447999680241534
2102597044984851592613442651821090623238569481456109438428550626147563093748340202926227578975498162025928812930565735826247338096786090819326019485324
2820033775232460644461402651243062355011162687306735879324452875255275429864271182550824905662464538177496131638780586304881544944434433838805531862663
628849871819969423567126117872731391900479239321806754685278769228995431369782961397421532879278776320656705232550772710440421575683908381031787113648
869527854371226661019717616393731098515023133494373774298974629006846898660550598761559360323495672642561037284299714399221624993675250054639615702466
1234483833965198265806006043207238281252041518476679483156805207001178177489012036548244392161548660710439209195232747344397378632848281670426138900669
702475125006050474712293824233287902637500831934564879252787871127375100193542312335948320922628384305322391465170374365456389452880364839190569312225
969263668007940080975461688545890615324405761395002134767232954825000775324527016982986782720899714998572412329895836777872489658241370177603653547454
1036894951004507521333181999325883584042796024502874642258815254489814825563642177185328291597135786779095336189799978748120638386360373326521770506347
3136477697504323999124466964688960038565161917723642354390440616872956116415891075755401586939408112560980797924848267189689670102111879138196834314907
711708289577032638864218906431838598990007049353165589693304656654842338592457019069204858144759255639863803503680801585074849545026088851199485962446
2855412228801976543837386949285050597642518060136174549877551762974458631741700258189270020861077905568140447861244002202369645624409907066524985331285
1669763899424109137349603047658458669993386311552444956911807625077384766897742568886182934189979953969535679491996042817246350305082096822966208024062
1080667824217699593995559633727006656995298808188228360414007048460022481180399994119350529909702102876667300041825113444606800760439011817516624482041
3008032901019559302408304935165291879704885531248966534611627314295820232921789766300058134270019322461007202699887536482707525299740385037665559462367
3168353542493503076499160712972769656826989450374780987368249306668495534600647431673018841135082028163323949010416910461575269572935752424737746174373
2819911974249408579166157718892130559957720929413894765098700523914915695605483940040440250118392287521753518693088836252601867876580146850451257502831
289856311464701103777312693532038589143411234596906460201134659320944797124580945026508018039646872762018306596763077165872302281812421980546345828236
2089824340980009018015620501505711554156676052306621870345164964886332171034056579896981772956329911419197985701094763317616444764301046957919234312590
1576121876431863072830366765231639774984859329521550733765555475080195850775763859947513432326536155234092989593949387154334139577756359102005138722522
311489346585612421536286387680767204125315690916512829782008136949774276678052807271588851537516224524082442969259307555185364485390685874560399673108
1464106879926664173714789231772378872520541682391552658078656672348747044281401378802811893684846886907609288214799900943446911290315748733404214008286
1420231045589769256953488005752892715014817026320802187863638466988165752332222335546719022371070390338483179342498922535035656533659245681789034915640
1632533713195980389441643627599446859642761727307157527908632021698759288372445155327323486837187594535080007961753173490664529932545343739852950508946
283051788255380230295900033715481991026984490089989074638480299281619501862335518523263571724737197177268059987629561945432798392527134869476093746558
2550347023824617342264153300620537219709371711914400805387953488431320717991198784970085407022243938571328042386271991403738630314773747721347212964263
2412054129821328519717720231539286119851454618721281993536568789308857520670597013372390003461071293507883722714034227598073996267292332561830702249922
2980658307581437614191003977176216931392563777003986232664404713844065936641345530723029542359503372481653724159603758171141884866054800429022470528370
2206833428520301633282464477796430696508437333509243369822859727744849144394079137017828455175134977131391628038939883395391397564638230989094866257774
440314300192559615468862644825562254959885208443062925408933941053594502050881606742532648639686558316851813144601412539299461112110763836029864443687
951756791066204218450401678117171823224651432386776678014449996262557960384060376266726206347195875781825421205620197764389793150550825902935824682705
2295806781853270837978471023938387079449760382691291844300559695340048673972312774901862620263277907302076567121949437644281907284420754714406878794081
1152788943101349176792317033444873196960505440478329821291489092644770545457632479882022389710559367893591037163785451242688795368307451077171703253135
3128479894164612957759403766664390227273008274395998552260924844900733699484727419723128909600395184182598686624321325531137724344542656639513701418374
194788957440634772801957601643692818462181457398248000786014246860623005448680901129511026391665340001942362803203976618068873786421561332826203795996
2519791764855783885502499704907944503313886455318713778452671112308989999971285640248997754828399170115540819523586162595522841060507223385516911086442
3139543260878154718505531749284685265086463031506617856019062107592237300866247165727197580636825079831750096869841879754068939685912139144348597928043
2758461798050602342653882833258999804835575330802502235161631145760037394181116374977114779348567043031897887863294486824074493499260580650277587856928
3129783433704594471126918004135254180603646736005286959627577267659384345063191921043893338806924905167112423524695077701766812609070618602456113713751
1060545652204687815058966027991678311097162063069709378312401862687229576884097071726090396294853821066177533232647669151187357503256138214692687534723
789590420049746592570559467120617452578484721054521769149215733999551212957064846101092862857416522080266192476493853914480075837358763968563667689100
442123092871490444093391482489187215679523663840740491673313778751188105771679035514362187369503007920908731902187310368666150471721056352383409361076
3116494195589695908252559766587999103421877563858622069011140822700607568631431152414860747460384206068443947509705999775609380687435830391544891335989
2051601595582121280410975260200133290648884354306907239158605155626995161672399590050326861055687363281015714769992801405556634747143633872637317911366
912627469635223548096111508174706984091675949130924552040319949460419139338143894965906026380400835197743038800620603965619111261879913064315881845031
782747783071064396762809429647848360268719293007367291116039492022646438966973050755221096021383825333398592595557775345316424212800870764352406831960
818824598843161942429659613021139290825785422116628254063333495568525161385858797919839802666590896415414108713852803596448721973855273206944579664083
1958832296644375228569693896494257811740197717244193591181465849388038858699559623153135886891143747202138668293988208740371786438583942112117350778628
1610606455917797623581869183059352478898820794002537863473198538755469582866310614427020630791498926021344766142126976872639866073389638181208848440521
2792016827780525014066624941620904598141332403943358325319277150644168840740951427761450355695933691242318333426237581075392306027682783501152877075650
2839697690510211144730436173212565200543528168872371642153877501953131302682935237761447735006111047962945222296449096195159790458647718313781515456291
2858844029316496334345337055039732831247761214958006198762170489694150674836145673606968197397232232424023691133591284520492975487823165387467966592023
2681505508816919978092117659947981115988442703155207711307174301864853313519298640688137907937119905701532330033248249761683041037608747735790221059927
2736623026591634287629210421522896768494757517184421639733724409530119022580540105915670854329329755539948085882179216505287953724868500119847351530844
1727434508549444632845537890180799078520188713076953440791553739531113275283937654826310716573392094980785386053388332746168434811961922550207889694337
2863072788479737444518932832264549134075207086829864849958301780294048956775749202133071746330565269057640861169795094072329002545434847029419181451271
2411816958804642495450869021518385647260060607028537731167588803092628901624389882126845881128673537719516389438363231198815642062871791454065118472256
466579846742641608376758610280890851854105603364403379974855542101221059461391267594691497410138123306925901518695409763253492622483748904071325731826
2061091833671707574905045516631395992189292619232339023350118474281268800703907978408022523718814068312695315523851536533379043381903729766283219852817
433085182698514964735086280040236250671717837610698771682767926298186432193035054756504324672897242765386751384376794598036381527169344363509665725029
3265468212911299776193105199269940889083295433760001169023468621037644954409627448516305477759090818524074979075112022108640703770095432932829092558914
2079832240630207417609085897661713845179146154782987293444427923398307734324227204928380734798780427180132628734611537945309853455411913675421101681629
2957538029540869453767269000401134886171686251198507266765860512476408251931709043706980143482858113069637650499478180558208820834950170920958198788775
251241032831251901098960268307906041340033678774286039552376154704613493560313449101057049479318735828081535295130153697850919275955657655747838392547
996650275816955988544353685996780952860530565520099923630364980424790957154281922499091804682396823289201223644943307152653207779193248416039090121543
2747330050269395279380961735310140714570989919063962139970788402091873427684331030156996317537750500189103377066578982215475627430916775907497523203281
3047676526347551941587368661648024570941845863478851749352713921281986018646703453866021740196722271122223396787265800543714739541442573500535178571499
1677014628190962632648520012262276188721531946810736448322666632062362569580291869966504911309307498200130313685062845507931692695583522724267309131505
1691443688414358234994293791394999998284448487754607157833688289860443495680308530202241855381264871780861602199809232462092878821837801846968969117707
1738866082985304382801496210470825060041651147172585734075066318564773209237739124758737290423905964688988841143577975097403710738215199401453999342290
1407084148686463112546823655709396598438654611549423318082042233869443233847058007898725626267005758151328144735837803674032084423856668703262009259801
1360347047295701547380467847762979347727191576502545567882433138820730079713059400011861378543008722861831652114500757723824141132638495986994468366044
2973783852726937670944142249493421690066878604307185230170817491013952779556702114847919797702212646720740219285651021620835535451006496857948479938005
1847203684418518083994766760169843002819488701957457412899544227765211520147546452244406135390031424306943941292435363915731456789152901060953308437400
311985267731832560856216979445614040172386935600803386748338384487261128086489878237702783822841267346963350472741974020293639039676970394317100001307
2423957828133830037042733584303158628357651147575752965911743953645874856141124000335393814685804550768657753262086546685087991791918538650300665464184
844877087933070746458465018485761382783241932150693555612061946068768462127487859909801794308271039625631169245735581930713067013287206850676449613271
374653504173028789037249865676452041269738556492162799982039102319151875609554619778246446186542428550865657073708238477279125624253740124853170313457
856486272241797080998070513140977505561970491059795526211615801825904027061442481873713785288255362505828980164370523237262601032771810056542080984586
1711914805804281526736014201261763811481774367881178077769216310188668793428549290100481197968742240884027695811784475050403737588730067320689814215094
1620030606806749779529342279530655956252664820583626975100293530101318311169510394638839159978920354413842440327113298109041744580491777123857307846138
1176141545284920271015894337313711738034481223700630348311456221562178899416186011455452560820188957420344403972032656987498914688478327640193563658067
2220864165657973102026033388731607497212833291566464230311040213716328388709416965074209935246295220455896241600038150916100336554797991081650082357797
111939989109946207710319423533266057557611907418340998810574054195024364169809473129198735276116180290676827952606256035767891253906164754373697836823
3253829986687428496693215571141668075006247292551971590543999253599325628650527338319302360644056663747068391973189236302976637697560670649569672283948
2324321558430584956989308196380982208124468547323232795760004068825682133987705188559297874082046493718935378907742190839599249935679787547418965869112
3045195618118804424867378627306900276831964045801274265000701765842594611698983159760698396175529595355467323513537967938398349205179546325157212289199
1533818891040512277724938942291175415162698294858758425476305238118766162914128150116405034549218923630950717985040179862211892413643911552283423579260
1526858236510831147393475718058634003188193872802469042230534384602187681786682642092686124496193024356257594208427812001435737798703598116773483768412
1878429279867799953414536589355797135812032671991723153374872080570849190511732130371382668940454558789853064996465664931770368034444686928042630026421
3009919262268050208220578410561472378737129416563613080262737315125153753065905039555201268174080073309997274455139609963587674231725572933675030714899
352719323250287812229933182391602241499534505606083593480073613231758171651904714211816940048989968140890964848084881566035389559044712971416103388331
1182554351393655724093220413253045884661769724733153353910147279824293021829258282434790570611830086904527678721024595290946416631545811641547206268741
1212770694825764402022161912181645893512385698853467907861553716298451912327756471064554942884351995498010425011338455085543853199648327980689577943593
2938834020722287399848124449774811441680880797073867243644379666644144997282926697508118009122699665232994889761514856098626765708257020091021013748609
971767929425874415757328877416304791867731325482497957626716994439581783343770102331481394819422222737648670283530945245157859854013500178196168926365
2839376137804314841407112479366440537176400133769391855274215779875385370258983366132692124689637083221877305094122269610654045329759326164852539932986
234786870880156810472888578367752093882930099332255990831650005737934001854771577030117468689438368632553669497687647432220863268939572909892097227097
29734552561027731403424065078767999124756925719561715781778985809941480992772451072944300906962329081839273729463698224524212498475774900175394507278
939727180148119773211301269571874805080652264465651456638643688991770687161046564354791738069122353260050560752858280369863325976808663829487632203215
1499002114656467713224714151440720067777056012670375448295767424759666049502429913920387166485675974933364799793164694146464705701646061556264079049182
3175511594793555595843985015710667546414632862493406936225460816317186211165112701001803192547560307450565560318448304540358364883714835010242492891551
704087076001600917047774571224109037754405721213127333572604543676752310475448014963434989791809849561505023129480600478891258301425437812399791173397
1807513146652733833543734715462013334932852976500834065405218270307290423528583895302077829479106105312852747374306577023186591375042520589687043925180
2531922476064154977622998897133770697081666250891966726399695854891231415786581824062350441391488324437408824503299050921539794053427126837619870921516
3252077116529262481508251823173321003897521035350955396928500350461132257620300488496467003154998420161125728599797520783150615983263482972992336405596
89513585565002065769870699736002989830483231675808750422291055132057858614491043139430717969300577490030334206594059734444876864830670254603535700744
1971956478961017175652974122089686264635124076076119378133129740238784120975768462185547898712889260711802835524012391683169293624845555271569989518992
2778642385672420323341922526568672117172789630755138598920227855360382974273587724531340720599487275369974524445677571267984517010683056223095588206387
184088831726957158240812837098470020606833738768750936031452762095470958036129300868987693166564394943179735184986475511819017046362971445986184991907
2971602785754883635750467166116166925987707767441623363946872994360545529314210173273641432393986324755593392783867807571298426640815864413162897891936
603955319779074055094919054765256923126286828591432725713332276231227591785115871765763553613620135820534916012007441609598233954228053380692828143279
2680616851670415005585415785912611688281746401591955874039197649416976413036929256250898555108687224982329543330703118853319569378845131797276827568848
2049113736596885099893063698932663000644826758204047716092490771190078418303895021038721474610926336422487544685979097181639302080926323582194561645955
440782153742090736032115006488190004472690437715136113380355127254092470554069634124094603420443658136464280860405480788203764518864641803129322398744
366597833412966919794734797684551846605984885015694944270482846088809661490461142926403115237254202073831418092323521044423836856895701788678698273902
3033744386000216161849627511514164643516892705224022338993123950801223421260154087730761682535344225387723963621447202462009949932875719886870856416191
603754634822514895438373950309026700454351077549639558642773886055922247026220120299246831433081667124406541854987313571641529282859710765482234838645
3024136061624412375536618852857254356564580221482801481038007967146084734047723056296937486392185697827749150094494576534321274091680377573546668265833
864919495275660859509574034127948306459442642898199905646055811063672066573355594286848501172294966710711259097831867255255069527951386529899501444397
1860276069466786387914043770532748641570892661727450853193187447089093014539131275794437053568611296545445747966476631802602536756209242021716610858321
382286801691025732563367800124046401182124464563164371900764340880738339139108340031916020067313453868686310189543561440479004579620021085218187559395
142133928742107373308231771005794859241498307403261997918646347236119973421017542329697630313684298474816722558381793780958882304746242762609532201945
2730262675276985741450025127721614862038202293568731440880152708348022232501391878414462322421268829639078763874514560522406873894500135677916346693567
2522574794728443682285203486154187486257164076851332844935394730780917812143887506442621251344314603258629432969755747787138620068915598179556378030974
1264667519909006589834232314322576559894776114700521937593925928391202151215789823706820978029918841724351471221707650196151421267644506368167868834710
1199454415835700959158297535817321833613929748931114389559230733581058768122937810572614637919774860550875467490061521934430296581896816186898734283304
3206743823413897316189919992419469288652347075655923677351263945355728368428558776829045738220046726354011542755006696628425238224226846068488949374089
2476345751582624591999014671779831822683911925025428783058672623478283640528020228104226816458797801529625023826224503499242668731097077170317389384294
2439880902182126388588489693879380587783964156337637329481262301424059153498420998107992962269083385502689318886251455253535220239462453245565081905914
2221495840473689623732385362073111458847682648926198498594751922348985063313875748789171628131356262419175982200794576910280103584286478454357452092857
1465506321018372120285712846207950882248462683794185944868950166310917124051476627262634535430080133970041687800060575291931507423869575164648778007446
884252734907027037510270649090733779545578196824279863400130952486045426358401123065965947476857371163457736295617880601671777661564255942564844285550
2414586890263902336741482894812773019286033886758222345374649751974353851745210077491854866157152853463561872253563050434966887722720774032413581378894
3191611593407298045372182725752409605881809397246421077576428021084704179491445861770828891211006102565370827597163801199301129685751004053657650349435
1284485665597285813265656899947310839016509589758500871238233582470052398083653001392774053969372397427704234668888978756528675050916364712125615418188
2961442085677429612155251946279127648623985452818202541840430291392229298603538153266942593495616489111160880201591175435206713383111329666433717140372
3054940551286030436279588221961100324839046213663692147678771688134905855788235973780733118948220918898083832386163195580204808644193995199352032464910
926796842509722010524507406291346591007231948590134653664671354312857824579970188625788964690665581112076407964293791649513164291772222786010482026048
615190997489606366910177758528226227934195290716018287927085567320288314318744775459893203082821043991804916421351575832812618457733083555691040080141
766523618069927239628471821609919599189489962732728339210682956412838212789972213616181871410794285686007068246844381392125111850536881816969429241018
369366792181263208055393371720215292466615715997658687706880375810235255473574491380602834813511909505439016203053355905110196112395642836115070466077
3054653259890197360890408052211044250243587862977425394074398881635103946587032763917830679658119836039792243748046714511505932146210337498896883472761
2241173678680042910421414435586321096455460247425953214910484178051173152078851291981370332318427959221633690958207708336598624520010419186672321553191
2358386190401844592853352609102078650741169733912570653489343281055349786131910502354083280641713341437110898496371437261038878869099398875189520147532
1157057755233640814940441204272758112039298493079265524821277531782839377566055269228852569344093781927565886357241745670977347006919965215575777123774
1506550564935955460877920246774173352293165114525993774383495368158845158473868818993035193996475730629874715299213185203305408085461988280574687273048
2058764128074378417772604611833835528913876543119808270988072855512438891860456794015598305848247573309003915286332211737249240106403958874357165972137
2027387672592740339664867673003306451510873611186779517417295125639841203490767602398938653294935708908250353693907844576670661244633867957756183361724
2767599383527413704619918639383453139790507404947809108022840073519030007312775623718305272022759839026894366072023552895869238293364206154822144403233
1244093224644119325404821879096894247422608988747558355038539001390762113418583122094064095882450183001310968933785878138778710351597072028935606226267
2771347844714091753702847443675490753010617616153284144804140943378340396394171873689904579053506292936680796540225193503828494821217351721521696945048
961392370841079470399619103362355126690054119263202069939169382035940840191270047318145569607133586249802268422350996197083334848958337051577775160845
611884430141643986093727969931273766177271456228236776327679747739922843949934756016764640685386485832464445163126051587744667479176308566113640242552
918653174604105166175346593999375603438420751162155385953763235352794915045522047352049115398753194646290373970889997142589228749629490983478228391511
1490214648426191420460066187278396762925002380974656325398728237003523584434619747895512645242731762137168015197963739659235797662964365874632936745825
3221477961057338024657910563683997338676760046021052299655536224747705172435524068449956013697882992381673308875292635800164044670927293765969304418767
1896765166816826125317534221289778111947012922408900663733831498741297357804052948446161618541504528398343949369488273245128706917885814331156390043241
469482243965143517599289043093124876986206350299413667338912337995405502278616045053149493728965366031712369187197320035444876155930689844925321986083
2481186833363081266050457894200444112077557659177696268098961233070149632118445168124869434031834347305191055497548429631885327918116158857914660481274
2448029304759933121038135602858774007674395552343841814371446182902767548074995389470281296190450932593018318661755362887095565409436810442632564787245
2460239982571145146819692242015404924923449044404633025530048595722179587700186660060890398521900169676232386392775579513968748360048376997344640071447
2833748298782339623305180763068400051469788824350223306147560569344682441028723069478153316020817031378044759030621208358477012957700403799058745994456
1656368439994731610037966159538655371267954070091032012865029337519127879330445088411069795157852087686862634934630645030486065129991559491539098138180
2455546655258172179988934257091873210119380366463204591586237081933120302598401437694429947147027151651337707089142486367975748920444854911031558520568
1537288715964686678556684520028904464553833397758469812262604644069995554927786159125784450929031210466112117297273980019493118085715380254287022640058
1542159394814065810617058761147097392086166727560882698674987204132673670602655746151269407588796495725165918783249295240695938144847855528195238628676
200072269874438519482399263425322922349984733746320153004786926929875900772010567153098459661894208024909455756772385981496748123895785264084757714277
88861598547723541040798116241273187047681060272240838900925674567255159018893725420338885350806804978942503527980342181325776068268852349140976521403
1034858158313193303971951475291547524112992295215490708740101882928518421439449316264182985184229672595336289300171787985556687151204768789983716726431
1921705887380799184432063705896663969693673595920634002007342396692325034635527278992863655107420106657836589715864281208627789759473623102234670433588
2003543452585653243097407919507891705105053146531905453809224320207971984163840321961227472731679240023649307210669883707882663146124231263437670613397
3215362011975898056167766687655313048310369036353978279181417969126046738800847513621446738187282185865239172416614088319069373821116843812065830250774
3031944214717072023211109235349802352287817309949911318846768498826772514669138861380884297614993936202082729200393102483820544892484844140712979915723
1130768494066074856249812372244576877935286887900157941899209770745351590058917237009059015182327381221739513576468984170268728343036726840450870690723
851266319839127817983394071170356604452454321612054362416789837291726412665180736596978477774680002570854101562349965316023940241247693949592352688168
50485676769276179008883630063962954922584143211707732445756938584316285542313732992381432655017668633111089984927513631661326079623626875361490241868
2932099439338420768899569007413328168217030775703345574820081793848110015306415832734856520775409352251365107284248858382706825324920884005977998669710
2304254737209986939460728380139877230294396016421344382575117135656441664651731485684031643697149030368440345757222165268132264302824333260023494659491
3163437522381845080917067046857259420124245815446615330412607527458415402709806651605333256428726610404244639750252159144971972597304296679186796755073
1074219002785375996801494281661801651525578816503842334794474254148858643974077256363975789810813642929933863947819316871329023154934322121560067278518
2175569834747098932672201022241159247120402022222660308979062999038464705416042690710974994446746359859143944305537018892713709752409453432676260327098
338769716622446929678107859532459344582302656341236807165959223740546761955263083800514634814919137362745009159736190077996131073347918018495213226901
2085309953567977888645399194478046442679668125455721959276931034229942432372772684834763674828516865741534794747483984801216155457321772358053625100439
1259979438294635465022325078625025935379023096934654354833787697437553039289693454976494251789142497582672614464054382719761703546557390733857074761227
1568287727773012119784011047311682081022623702628038917437315766579174561557925031474424992203971568760574313756029061945765354160473718532637925141499
2684297610436210488212364327037595012087814956681353224353657359561920470429086247216699195223271619144484848432240462133776331218140682441831535889650
2077060187039878063216079479273685393845620208760748560776816452679465086507887177042226474648452866624965637440816146183770974275286016606466478455009
752676619888957880704316285225057987580929758529570195085427883486190041756025677190826895070262698998911025329067869626801791083319390252329977237333
2223433809573553426629508334266799003729553716664371987637033238925654461456950172090293785146555725617358183569657270732051004643989132536644231972988
1655863500239272750482372328495699686056273179077909303522397694239632846441782884722276459072767060022404018012686907096311589204315090442941846094032
204204477435945381010126399171016778347625854018974397827666371362107751712663474870230894314489237298955854961428130822560271883046332779072377457260
2450053572089669528829161443170772286924700746201994751184105250501569486135805693920832256502273216062223100647158665890991331326843431574025381471160
1254793874846563577037022500856288839193310496608180757111244192912789987500029643177444538810907732147052001866101684006959402599533631461831500107850
305203239495394570693172088027867575632237509054574485986624934985702937637827836515391260838991257105858856854328086626169497951544406564882910065098
580800077772619656298081449352191398279283874028066829055504087619368173536102128509642633975979861369814890814041907209696267079717875125603207228411
652381672673093667217737338364623962707214799157297656501857531285261945879154379912012671346616888943362690222504390453200732203839731008918067137786
2938512818592009951646012715077664385366459920771124499934392271894994721273942855890470614776500468208084208437682380710957691792805341142328043455409
1097492227115837785969899966858104081537150153037555028180994020842605922071841723323170422807531028489664398481256689284602208829608593231261675178222
354834016033177296358355400555450145383274265328535634294286765705983298998397151653293848565116044777351697343065060195348388219727431336536398220920
33418642629526499530405365212592759388607061756005986870909665717250785407954065331644718167439154884684288110292684772501752239903169893404417668231
1994676911592211144138085310540855868665284404092270299968538557717391290487654133733109158715829635845286208198696803776291143888358827947819901037179
2083669437305215126429843619889337960138933635285864118721448371498460848515307826524819821815725752469587493586492937039637984756909642953024034599911
422804160044539537403671320735956373935930401687993112997963672523491968635342634631919567554814605057716932291386124607501838287521483988763968637045
897887006450161236917627579364454349232339806269284221455629562065886988808101572952672533587942924624901082913035275474091229733033604100751726489067
107154024900808875433824203917048875437127582824769793262770469154640100586146089630019274161419323810125348076123448386652584275192451682563683184224
247457981384068074192106848846832517314760375555880082690241451972692977220506481582214779792196646755857483067941814901259475256196625336463148465951
1892591828435745270584470672903514524053698600530650592773833376414586219278968235918206306955682695310693309250769628935836685348502651209948639207277
1933861866863879189931997365579830071729635708571901238785961824494554581860344150545074895783360306592627881097784933630299204810975567935154960267807
1493692166177927763313719197544002551845317446931367517193785998264732692132234285328996695998529122529382258092641678844754899177397320373662246840781
912929105804779961841409844924089611464715640106776876572041301498280535911455700245306482704978523185585091409311829686765990182621243093382393802745
3062816146707734615120968710435182992692497895424900723517213924745970971383635792235871346492092696286859262654103357773059649164319675439373045737753
1261071833523794612633058383036725215025731674215451121937544811226927067594280360978653447600295352593900130422683216240358916499878369066392432627843
24189257529459306516013119017923021893546866337618400571249051466387957349370728500652651439820794909818431934704524781163490856957015246080616962055
1702544142880141470157779222270293802130984801983931232053698781820565576924244659920032206423583410889359083337517005444274181691803316562003935030446
2930021568570985344210066485575841661908387386803806456155140771140442214088302066969952491955922644489758537072620368351555760938445977774896306637641
2317936143081265135686058012020870202042669002725087466847871770886880341390328348719150696115761200641325508098959817589249782194887202626380424083558
3214268510927802170219264834369267046274309016469848192628235409893065891825837631301899881932106969592911786360682311782079367963829578261721671462405
5386207714192608341899770931668003483027934471933470281843072462496330255000666261809485277502171282883798741843877533551593428210728597157815407360
1561485888063146183758127959036611195985405342396188238062389398884560640088527542885484311860490356592775741853907787244857643402338833533948701487752
2869384664480377582571579505948649354695565732772001614859830663613580499564699787516071157217043251148927637259769761479685595365713310107181813201512
1919861888409087128676268627976951308516942375647048166604448846289827869105421478834954474169829897195351358143039551806746024920259416167749949329872
931728266051752466387890992040848896639088929797880829417047595860506712611782459002984234622033622786877345335235656113561744692931394081311411225652
1480870392469092134798054456453327710553901238640677866439609980453519604537502415322309828999187396274437383287605519434511522033789199508984595302776
1953395014381198078274109284269420452775511443693228049487326964325461884281969931178783265692165030580861886996107456113197262125619004437098075339339
2872580265204673300042826691960510870770453612957769746248189630767264945072316389931342611094389605951029621915241680905926587957699011849961513740678
733233595917814689950085528584735452829278094768174724044758428656507253306647983946929558631415449865263060272635721269377049894866826064016341650758
3211317186421166317983269280380932583823172419920281358013529045967607446428646863206736823299223319792265558011150347436472251817482664706375076986138
2374697506486460063202435102665618164100970616592873607023214763603519548442258680117774353261944151625823558651070404779403720999697983139146037802704
2369374544116768888937567439438322573690386609765241054245522924183860902382164352346819852607041681408442443632954420685696739781976324862859168400958
1986786317552654869099858530160131058478765436197127380014872730391349618576061650724950349251343104003236238198067348537847063464356903050398968337297
2343586670034510837730358932231466502774140662381223495313011226223003013041412183932285711365056494832518279669536461855292861309625177348200967752457
1651579750357896622828717439103775575708886772811101394229810433300389408378665407212887941384474848345108871700404914444989741395562426992087881389967
1850612246972824723452525414392849530036387120258960470993341005078728658807005450495433570292423577666316841180923391408496006177139015028675029779850
1950920690293320319732632049250965098908020661621981474810527207533035520245175065950446212475979031817200543226351205317853982544988768844136894737391
103380649553649641107357280450161480793097620639517145534615295376989109921419230733330086732632203822443156298512029727232728232454971096739993732734
2499743442301675087898963739521872146001281912172254307779352597459150183360240498605453088226569753761414002944478496061817031906960226834325879315298
2912198368656879815559782852354283911480834729846870244596413993153710099146984330144089120414800619233847630592660972876639713567198742202123354285516
1093929083060279159895098619298985875364274131505936364521081775048024344763973173044426120708918062146901181065086540837546776665217367959671135394167
1895022934467760761315324983867902594671385379276474284141432129957870301844417952081572412793146853291735426004916742903506209841786954610384713447530
705580209886211254275782538043823814558258719685354381101363034277160544568351230048017921063585369722006754022937329660499168054350130552045162544028
3204759609912356020185628320185860307017174143555039627917074337371718641547391484186394067814890414112698377055131009051034811411613294780588898790101
1411536141806381323301092494662858574043339960969384856945866417465789365833344186993123713131520105916484592728168813786263027178122537354462404030226
912223891250657043058480174742373215338239775638237356649411010394971135940413446176192405816130691280843568110405654436302314963410183608448137972265
2638033443027891087713351946002472018934053472690588660694809086947319802221054980636743496313324728570922547730900507699247945636822272036926042379904
1016580844588825262634325575258201674432848488744395631280536758003096105279387679540580587606134567131753328413014790857006788890157418047147654883035
769462614943240607437318792476795013497788250563360185934352800990515361459342525510901702495533984941677619259886254344744870638619713365757094106148
1079372601681066759232186072917557908342290610435374045048542454841021574152895434438512581410182519238520305753648036296066208954820019666523879313567
1742712734568451892711989085639826891776444860849550765007317018389788486527214011410624089834515438791315755955812123973477916720801474842814126069069
2278231622744656663969315600340288353413158140880375007852138122169126898948829626465782222629534780685219728696364881184509705645887291061685817904892
3010325230639986012859300532809705425623334295415412276175832800730391555877718544842516253904255594718755062836461668561938106541839208803616661543749
609714273678479124732410582519007953861992388279337332736046956898451684679476724661814022558489227716395370180666423975915086110952146663781948862957
1430223583419006558678830864862022836134393994613425516877297252395828083942256450386444701727130953580241431157700655022379541052015534541638710643865
2366231624869017352230969855788296510428874314705059162268797860620542603088209642888100313289766202297668074452795692041835677444851595345422610816802
1559496266017086986074614973567220391718716494933233865562788098337367117347042534984529513527728810662429771329172334813081790261989728223262430466541
302991637042723946420827113448800808664476867974210557479972196012866307636491283540626778776666220073343879736218010806194236421542958342121121972021
749951635151484318440654666210707057278163659549778611855299233272720788725130986484525404125331585959448794599830847666599927848515880799249449906817
2292974482659560663093980064848173904542691695602779477703810675066720589275753764533650801549091099197224375878513379083482574353988651894250857536314
725933135392051194819035939650066192958332952013156215225647585985339545847273491398807290578257434350303839029689224548260688872705883833100922690438
1178860953221060575487796772341442616121503295854569022608227496128507117776911296045892330481155914911261195118737853292854465027870916109328119856493
1403597142806074731916724134750187859428036600487983782923446124304564769315306341358147673252863734978135822847372847412036223210050546817596675755107
3172264119266132771838683675763918228120874032390492573020418583289894239439148904344910213833657077252349498123843585091807309455513780668542969832492
1744877790419841039304191734882868689917730249300207236786544473463710823026514216148741311603627646785404559323374019525128903816667559991825511028744
364185343905226554474632502590016374804068848208596979857554218829356445674547224006859418803528276790895955171462360669835394048668114790115649283055
3129469978110298932573342976686273864883710117038615029301790375643158738595013943510988371728388896244295266399183946284045210812897324271946825292938
357089838694665992550493908407813580256529504397456969946372774572215150988197619602156046797616662574629231096422667976452914883062665273426118659520
1898446636188609398485680941285933797771470155939961241752943607300324419833361948808846751073673035483583771499143371383253034357995432999847932611277
2887139856926170960726976156811521699316989045150448942893546402368764922460274661668921500413998787078806437370799261106743020481416022697578873699672
1089000037518289900689237459388424041438325231945155604329493073724233066420213578570783631257694384457092550274369939919788245814659868445816088180522
1935848540374780773130897811408213846487299165771157602576236510062652365781328530847187130556619900622412104165462320170156042685383321461739015106933
2580214198339715176046390537105382504064080548389232388865924118219584617287724526709853661388165222918917064129825565620585665426972708538740126162595
511357301132205408304378544119668386141044512142099127646404809125211101319594756093369126452108821094186006092858185693641573016006554393446341069056
442394921388560671749959914873745749923207763838955569470904000391421456432597463695686047435998333416676373817928158870692161225172967304230937967591
2853516189433818767945737971867572077158256869281311697119257504522049902991543823742734410239091765082948502344232606657007942415990143122690142559936
60833503225790665541054074745622697646638405991613161912336098420897995056523165056435703680858731560699912128367211198935000682105126312877857702740
3187864530973597343651784086171790471042596370190165057289247917052975697234459912219932782881544480853190784312505473257882797195014514298217093528255
50297461063019605339939503265997384262568802562672590378848626524089230834664056045391685755655269947258161225111143085454908777323908825425057401553
2319891584921075792656575275928493626790700423308890384393059456604448801466811259753411554256752362891727367499153271938241023523810496288196057172953
726254328580466718979482312155488739381814907326271766049982140276192091994313233755216923416423820021925461322909588689003153425278883171837049261133
2580384805833122850754745991179933719902010188076940439864738189478140787054468219757020267872404662259324896148538590111280238005121775369218451663652
1213732349472286956066201426511163325572132005259726858086333927267087009847893735219673015910612433611548993343148335912240299460232234465296654395235
2951285823387760521474088393347807740822648677086918488595383045597147171465036329439634390064141638199643861190090080959422367750330749973196373670074
2211242174602994687796411584234329438443032656678870852450936717388541919240797554464690765611727813546194679787708342141008020729490895390230549694100
660545528819745597080987483886090697149124650468441936721532940894351601329767462058972497359495361167004916740648891146031856938060221719070678351348
2507171364712592137531373433068665649818229030619011578873607719376628375243717278688260966005220230171040841208520774117230515137301707854786067572570
1121403343511893427840024057862624995000766443327445932197854500963493074584208692486188099080069029212161839383814480685210310580657180976895008450020
10059623214395212189715404763583683749436418348054237124552791487782147562388914696204236762855094180924362519632732981665538819186457452596447416058
3253300935594999786663219935182583877760228875015646143360078480307013986978506667904844669359349902359130677398010808856482113400870850413131822908055
3203599802601081553890191556073858008045797228126880713941056560840490119819880337359436178919939911513173942668482679120069212310763852822008947189345
1684881018222104826224843188037573540610380566080523029383376036866018053884947847714299246036066774603031558527152087452246787699405023051125702833629
3141374978214890098066191200391548437569151165800478941283796463620543646748601049737668439022641761427954524434850917156986743770375810749358810854942
2119838795460993409735838935594531026941119125176055875381112499198945836079195813278620903711409874918978128633437535367922829380773465684336475483981
2667222539634158501524989661704595491357106272605251989288718033110411318428907556569177028403075578993825426308740482216709137249575101589082617491233
2964777184875434413847837530087186245141993132420881302121807664108100714603144322092854858025518589357875007619475468610702320527506151444952744715395
210454541139054229996777949453653688140782602449559236677538391853907001329798482291210880300740059908681284718849996170656634827957059953647541279907
1137861884249967561340480087529963557835686886119000388371860741475578097647143919388718602813748591256365170057513311004877158024914079806523324958651
