3600
~
500
~
2
~
3127944355171382900571044663823301350009963597280636569393608215543602416524340618485958056908903257366417231175493164695909840951251987075220294387140
1984711564806551600968409820720768632705721165020960993099136193844146971860980057520623076350932527456759141492877737835214203217051144301558454918639
2198627170600559495791279025620045187741422574665000301151687110542417478658680931548480016825047706142228750287055075373237212575693348261995525354512
1621317097621821778958226272801759886073113002240393074657083885698746441279589055334345802572728136682222869438520500390971539724751824786090209526045
1347953732888359810413791499391775220454467803301201166360758222911536170275402998876176484770630727044886724698001174263885507419268590327546587680011
1385034075329038403875774274187740269348733008177055728641659786731121705218666850235383455415851640578736752142271759401493013006604894913706805788889
224187472190263371358546028707687875537456672261009120335841669294537252921490620139135589032386089844669521669575828406098819631341472806836177778000
568466789993747587207294339077667141291294370227030584225605100318181678717215985579459920482286183229501233688250082760389475549121421941373614274545
545248754233185793573830324869929745247287786180869971550496073808693181055711290762666667073691001720213765935306871395187782897489589244722210086905
1236636645983515278467984546572596065579597075980903282862938462706012329319307935614300053912625762451691715314904862215556672969605242287434015479507
197088697349810277936127292173017470961246608835935943170502696509375034598514993255948464041127505382542982723684334525010561960139603952996942532085
1578794838504934750954130385307961425087871139611737245763710968407972285420277583903161596619951713477163301507594129945594628674044968782583858302690
1920887346413311519880614135761168732223582030147622610197862758961030928041990520615349300014735026544704427211476374631104889493545712752983423985470
2511544771955948200096063398696707077183401825595033166785428049789110740300103972352067111670957637136534860483654241514233061755287155601389007420210
1014506115888535873116109873435067312272429070932205981205239884819711128100958914736179433383857720717575478906257348464388900172722272114718803886646
2397685484730024342732982824303277795723863598979573709771994662972121496484844420897438252995322743039865867214736006920277899067200641464162688351343
915452708436725845306170952913875374320241515246975220261617130048342336423182171106428318187780822119931921370319406049031320633129482190112024817203
1379424132650312444587672499126155866851327380568474767788437296305133998410754137885379503490669110420656553816805233323064696387393692951808850789261
2471275837209643334063564102780417711706683462718309304314631472658436800307397731369238365106477773173471654458997799509404054416893937532576188953754
2400580440950372085333516810436467391033133952890016809641919528173100206561946688243034526980567551498649156628105697947297804757772874014458358370290
2539244799720488303820654779274004876018052313610874284143607056002965719237818147525192684484917786548879272047918917039635593898838763858916386619522
1033790174637740844800410834323547684695895188687242146007487256348147447514887579298544229799456458104691524693072408268025886905713585064792108976616
569796257763555855181887803016063535439072481188101179643020885848286087936140202186806789340652265485121862828492202769623811606593896113767950212807
881737060877514780833318294135003629192128763017604094554818566984734342765121283273599407326738447994125675803580874518953158439020711301810430647085
2142864805262829952376676665640990153958325050460878487070930512482599398063899841481967285460510552168107484704049009772579628353293586806641041559569
2947891892908772086760938818238275824907074137079823141520645753083928969523960500771764351404106679447027808410688944138922508280575741274847988967559
290146860369994210763967296919879747993382351449699297909114969863075399362771946903664310528593956459546285371927289775407389633771535949722076507656
2337055907429029090833643281681396781250863460520767853679798628420573946610796600790380254239186524374455203955605106017454524462972694470352514823423
1194368426611945048892931617129838296031790395958553577097253293621103830056562358890611995413726896940536107451422170840555857004291365528509442443596
63554618989670651142484529748461258276609701466161969096158278441794722198153646650032140046365941640873806514171939769523973673592097471318338121850
3136362851365598136805889591515848898116003311664549497881631546204391984085636267661643227914101476476248912455814994312361330193019286071781406441510
452077303457048103293871945099621692204562697120768627925466936798678810050610527042839714905458038291153835988510437387985906515680927644575264685787
2452710041525676326983556099675054680428474463571261851901984999423592851964663398113575293275355823200155030524683218819328708770212191159467382467655
2454318944346669885939379770548642993829770145466606151004095830308442559128454981020215426386469443158584516778699266857911632420195674436368616757857
134984548927761598939060939544059287742020423770139241572967991573266921762959681396376701281107099991654021591107994897722079495030090808381954432690
1176084135183669211820902185116573436559042122650933202105813293719023093910357228399558583908364865549718340632238890865754254692087438869610339828476
2474216836766867010072536960118422301548792491484843254244012775540344234246054092312895942935583283953164633084151357542926005697985935463194027566095
1040192366481298328672206694074987672945481839765528870278082258087821460340819465485524377262632471145916551560829467849642079538360173045019243254804
3033819329533582894009557753878837177157060661487475188683126643684499118344890608255678857935247366173958950367678764060243307364972381124974529005796
2968459251515730091399357647007493640056521652460447718826632556651249076110027392068272137514737053550806142216162151483120466200533963233764205359372
1940292161918949924274731990835959079876571555954499529695726791584280803000835216555193873831489820648202659254466853918057167013736060736936797381672
1032978344949694550515482630819334125692429437229036760232801189960442784165891818272360670805069542633820022947151920214744460201404935344660765932252
2945803695806302943375205325259606708547432413904733948888349998739054299712195165037905776801502439431829338755787252916522341666828780350959789812608
2117284746174244459162221314227134730559973340900498760779235259333638742568681967360962873450726510153341217167425012242848635152306792922917680620222
726772946383292087079105674141929202553733136729803560140864919671664092997056220231066446155057100977928832125449953487405535394881832227151626596317
2187197396783530357818884797951451419190606265445981433547422274999526487107711763179004954240995871562995054071868365108125537322724150200695873338285
444039023198032281507845260347770486347507939330536216422966194834212345954967008983564508962658578494065098805434618844815031888082376277602189330551
2277728546853606595073253928499226458354383285482116213918197319809969769397179105170769677660005128024613853928509592532549861602379561801780235038683
2358444662395313241577571057325921363271223190611286513285313230633694582467217475997638674682022048497317684629334356014727441464437247533226184743697
3213243142404628783623515762285518225674403184643505567385883923868104252948866799761550464488730170994494671142898293421975202647859368873559235781341
1115927983685757538322049580201900589171976204244485293113212426343713612716851885704236189825930990980036765659378310924731144151185998945870324964980
2566693737935834896787504588838226165407520384852251537734831120199515136131395699172609231494208829845363514431924408939133389455186990755831435464881
1581809637312328358085377868877484736575307613456446835510621505622982131992387664903926829644457324702772469100222251241147052020067244765060917373059
747568914560483982145148753087746465112712922997333809335917178421399249606987242713460739278865454567891813539647969467731233399936800120016675701618
1339455905076471204646393986337353416744512701695206149466866618730035989422868020827230687798101924557184460445549828281792446349597471926267338390031
1180411808155854292479875564766310445604474949941434542715202532428859000798808661010319081969196135916358765055140275630794219760023700503231067554286
2872255786209972868873133270030847193631430960142656440206764741937462259654152458276243849876009492123129070225576671271719181074072012222128523546397
2713645170445181074574816273195233074673097321174622580272552021674189725319940980340251030064144303994498742205636278413740759708624925408665025615353
3050816538609128140267806681246088861869865183829159890264554962681815035816404264387554465240082614906506090188227425920836396720327628794480435161647
2980334324062017553559722202721710308505850439383966504647499616362401574279103950848030960516838270886626924804242901367574005481614483929953352060494
1045017143905543119945855844722326278843105044396663580171227641268691428205414645037791839094695360436816278151593915401284111954649904684732016203566
535465110824416272559541695161317056527627504418779497157411572116419478582046316859179741393468309651496583899737971007319413942434643083881878625945
2567193483631699428806412071329513301313960547271432077276239899818743283061804275758049611835478588160887654709568938140100766440193187492335876161945
1540286086343257969429026662714855566843826299107842486805522861778132563898533774863508269455428957526655672245639197415407721546374692049656297577791
3221015925839212296085656394191622343567682966147883406308676751984180200820393779557941929573462759903023437024329743845977567996496978007675339863928
2904640865072999286785402396064226139129386146422634287275373342148580965144143049097952027691151170750280201271581188494714745528743143555440526938917
2221882633596106140890685072457865655288519965301172297046792182943412798029998076553618196885098593417560677905379600741893109119156306357357367589098
642829772394636961209883750030139547034937551802021652093146763835033940208258568663569697230902608599706375928421474148131724476561719062890775472095
124765696459796222973266937927610203906066638571485445867581921887131855877348512287833377204194605124227805211560001290595225310541489225891827083509
681459162662699436755993692460978626637035160737287142308636697713085314317200907637020456516452273810582545203374956652397539570716627610783691527846
2569377674251958872071512147397364208988823344664841994195308614945654767498866765320054092938923969823180321530519493278841650125003682567342281395081
2273004573559729682039961071182765284391370815550199526772156346214164992865383949395077207842447273479421213088276401089370901577242011335767329010978
58096876494409548206070670081988934601287833327030879880868088686099709924678672650272504599240209570016841264001232230513533676319294784418602026768
1662247981090562361617381763572383512872503588867362862185033513812630208057614561556075423155954473237344953347036752453409794015333896064239078972821
498409587305485528043507321531234729095132056525651326870991644741922071532494409331410421691407214776987778092898993313568144902065492957098452858282
2990484480721106899711800941157165631548325651854960596379526307077108723474968547018648860193314242909091066171168704526661984188965516851824040997695
91793251853118485117737685815667308593362911984201241438353450394488654719914200719861000535826839788721980196960364629853758315801980777533673846236
1801661069657821439323684693552803259070544990842987254191796775247894319446866817783428748220083674300189648864640410229499205115703575603875673950926
282655297173935340803042182236881175619078461747188649342132949054939497141727557149682963408280424608834854843600204420993124448076328183295248210256
1273744465458101674457716251916129418511187976884496354087070737331245747496123157073018674221252261657522417823789502382275139524355937065496074412194
636465659551834575897197665581673585861561432417835178021277588387450498492624741111986781789002479716350311902188133398222265987594403544951192924371
1744722233428207053027285466033007783907400254502512594082757472586875336953403088971312280418685631093844994366099092975385434447799339416390801749006
1623686767229763346759193166312877356953816257504956260984760318096141997539069305917408992287729999218887697920245202715098643017079180050088814878642
2789817916649802505578602939300519698868608838865759781181889864431711268264475786665033692508995064678192182125207566252167400854944517543008808662736
1469077938818288434442181469623059448671769988853838722724272140516946479779943164629239886655695727604022502177445119378779510154670649473833969706711
2625016190199708591297135991492219016161656883845215683978238331606618244232352035577748595041218818153319868658188228478152462401924265970628250770188
2568151702906966687638625801287425105627783771849725815921576165828313071975720888456993640876410344972329627126960293039550943361381792734219130844104
1040244080343988390708678424459895185812600092552021937883990269598840806996898484429463884843904400940487493540883917045632262044986477789260969281446
682460024073873900544652109525711860429497460033615294469777608326364985863710924022926525396817844893322595566250660522342815329617609786395640318899
413794413215433776267441956844216890843616546326394137746672977925966418797214821823738465468866757772830609384059942038137768516039971798599641967134
444067645949322415652567488920352447053639243845361911198276371266976756091520379987478903787942004051608961820227352399891462377355223739136813902307
189866525782769210225236743254452221264343256426970283425155182895628294927946428208576184678114994940179610554171480282954866682724211395072720671252
1852054469008823084440937878177849756025246343729956265878812734436955866692752168095709809755143487073657339014868285827138235861938084447013045244879
2344696956874700473343953383042767386974740453441982250385218627473937014560460206496054704944175332419909354824292575117710218829098735008853634362304
130538542861984694693671215961570130962491128692029962874029169695455298918835888430495456075901877848291706723927280251855557496188668149618859828503
423369154234582263330273396407889358593187237560434335403858703196207464134000104871704928471734080257543739778164216116510144507149085137605299200328
2353358102012179596396896036366363195152666323339189042400816180327578604567833596636992226298769561458844794235095294683885467985407362151167194596175
1874113242072012438874588477936333638291229965214082046966142807532154454516368186131258792199550018548601934102312169445435332073316955980446603781802
3141719548565198606582883379687243132750281658602634202447643353375642273397530682943669530247134820107304865663511128109686654519321996514752859565157
2061567156260781533804801205982686654848031304873781049971681522709627210978739242003801368873507615974675134888137965117664542577357427303491173879142
1973747122083028665965123429038937745557147850544666069190675785994469617627667884171094197671462978375326815789158915759630484679076821495253163893388
2011494392074526600993219838187548257232498973232123131257673824257534187198019162530861533776349121959888746671430206778339038541668468593187980327390
434028867723074199706189989662016507678829776953499976653878534193339668001004971599607259103580509378065145743860828224029529675928929469074491781394
2433752071766609649549506007904681762589828406717501426326866380921551593223832628335726578980568291301069484765863072743087623741248295059204056515153
2651758430323537127591654448478640651696823211961042061671640375045617714036958751111650339948844480994309755201371505557727708593297669403490012172054
593961522793994671379023916544254016699375864980517225439703450248111009762324969717659979062133145890148952590680558645455817922614485066826044587430
1171995912142280630145901274684086308940911406854641907497883790992527034682228843693052196584542237363710826472162212060076443896256835625651314658432
2025118253718785810494576715376716905599805243896625376412856439245671008940670629569702494072250093546402832912879343068160958510036047160335893066525
699822718300745709861461027779180971977342861597539291866658749315298261896701579742071627739435069432817476127561925681461529815639419622389575221983
2179183917090841482216188838764432113695529207574373944772069061549611121282309127372215348328807922986955268030648473983186562581269926601529213406681
1285583914912003254708731154755348946519147772907601340731917615827159293532538478836461716325468685304903249112847160502807436178608827654977830448063
414341959938943511604312279053171148978322824925345092394519241075494280788549361446793782569394781641725879005419725751345442841662535577920346500367
2787076207679065176011157983677204424248708960009190194349804755728095026585657562242134737744119086304728900781749168780767648041105979275839720620833
2201695493846127095552196714266183754008905092621808712153554446144362365101386163736000711023104761843814310273992635502655612708776167782641331525373
1494139316226638985420418408202835581129757232611456279911764270720322794108721343965881064662468887521693594840728640116745286542670642426331830909266
1784395149035994756846048283042476363675632516523364721097105936877843304910596389842210910197715645001967807333549347902278716359774388487952264176520
2270686498127515303689514805896424343178831736500800141546512435683282410026979785593077820452986967681120783313757582625563182293646058096214153289518
2837516225110599943362021668095140488383130669549672950076047972224334257536757838289428308916257450175829843525320658930065100906437690820868561192392
3054036754131152480768614239468734134576071356460232003367585128129032713895763663380386425087874304105938565430021783372981112845232026527652871459700
2117851364451643521702921293396096884220952936398732034784446144206428885270537654627266451909988422788189547924961818135064027102851779089345935493017
631901470876117154384562634760504206047403066277263672358768852626231221219024449267655931319133510941159157585550599511739996454569250267803155288987
2060431048660548304490776534389100837462028587526073686540766620408548563202300839137450836684778244922143260669598971658271854385474402163138369578777
1082022394268583495391848338767839485218435581042366037958747715163261404521069345107418225437424218246241699254911791583659248924833418529005932165876
1360986208719051811055078757643592757973291751960543550179568926843771033613633082741098282815095294734403856819722736313052201418885907675664009278154
1825401329471680591881778637423021066404425979714368673676281577793819626612344586659772123693014787864277747973865927692725995612457825411872448678763
1782417919016517472428306880112769273021167901200651388478760085870410670996293007440038260120538577309399366391550591310540523811226319076766096724011
619725576095727545729752705077048534616900019221427994452117703590632983608319780392732368396672108048420047020946291546932440267490276868751731046233
1084193430554997431859586485563640007704306919393579577098492895449111446013356598402301893132545199180148196770979713987198128912697416532595905861218
562313967076984456811986971391823037033757566781220488162946987457483641004258169376796641115962632985282315979970501773851358208751319115681156627240
2559834653582534518812090231717952618638135908225268829816199977033504798535187456708752180682160983925929735705127260905370673292929419734948277337642
645117954147340238441638642801845588322671418198124422866542458120525119943553309285640896186257181403291684107992565829443519771270351417753239824071
2893500609909021432197108115465772352138673573194227680509479246828398563429503893824488280115367499980642998820557724885703904301423806357823364023257
671269558423267941883843347846305840797345414946762130847503394133776733185391979968710617957531697914408687234690842386467666088744729081231586960745
965444024500035503152147362561659326406813834200104012155848829683825132953662530630636065666692206181796508043523662176661680423235882093814856634498
1655538038593156511268009842860311943193322361725594689944267963575789672786094593708417295371480380256824626413400330156492065979231318364694855457737
1641523349620418824357115320184958212678272645961985265161990639567772020955564806866777919851269584416347854553007222837839466857633457143576126781355
1964520643533329048098344841443077877087736686077219303266729253912294967127599837578152923929467413115721121656573309085095429455809037512831914717324
14742738988376214337464751290027823190663537107924778017522676870983254247024273148289676531799713244541880853716823893899930298028291984174124246299
341640817234385060554211835759125382737846261422946239301031228250374764224860706230612911248537145983325001522297737988389176432722378949964592687829
1935510928202842490002376259287454430303136172152398719672603806622531847181904513410679840137911899668171618246953796812185666843705729910542010394653
673979467053273928350916931471461032328178526795402192624933645651184348691003176372557810514845550175325143247566281293532847239653931502810474524680
685600029559679560629776971356180174501726773940416636295269855812652494840206091582670600721114076333183210862991317921785019541881305877132890660765
1183785066289258473513581728795922683372963128530854383775513005180524690612398924655055522698041760658461018511162840260543698406264714627466794490022
344459174279654450727555839290258024718426605939688925634682412948904642688943185493935741863526486768757947150605851623981626975014369718518603086771
651984840899697899842052227241481782769860540312641081087823324311764569707042994531920766609332654917706158813710057405532365643068886709013548041960
21187317653190627868206663505694906351637314727672568086359151867051473863237966146499537514534247036246167645894328651211233260115414650895961685495
1021209648202800830264981381317586986905160515070567413538688608185884837795248505973975194212646845503516981904248805919880140157431101141570910227095
322829889425777009424010222072582368577503337872110243034053401697387471369730922793930264428847316923101828429880562313543539195928645843353364000908
1167555013564523014713957687306131646556794051372993261567317137105926557057974869936236939325589066989204914700741148860872050895412011901918181808217
2928092703985261740854590810154249640909067599494748943651586155928400342143067004849307163664162573748898136867389139011313887797331174845244467087499
2876812541279706716535848160455951800334259168144499073630559162941334911316241634669122213794407023864669145766193179539991995664344467785598455492352
1186047063358635424981611699425332874207266924061059499291723030776654047862932918431603816048444189696303041402339887787515254609787002617796099068877
261825463989665894048515205669221731483470074774335159579894763471639115370422874657552877504188440171798007442094594755779739397929923735506927332331
1993217443548020079221381965333517159252588616754113776695109616297978282836019420169459865312790834939305340312332428033348561950972168834779334337577
3021043298918526060877037112635618228415710122823388224639369273316237897546272388666261551938260601427743628619392827844594712618338741995401342535939
251258963920056014705557733704108282402158229381466955361860121117222059162777279796072710837873632301783241870737941462035561696468346962467654080885
2307205128447254924018173554557784830414946340135476310638643461245029369225002157549570878089367476341534906400996626787751342169425800937985851990121
2320504451679316254202484827073571346106569857508841972143674192538622704048660682107455800796300523199784442670122401411620507521881566493439551605882
1592971236027050954321595393367830486728625204624884414155751005257655005671608633911784377320328446215092691611843175627075865161691916309928561235320
3116557061672785129855415643550615100062867185266266547769920174431392380551112058377019620951996080567952083530806013592426671013634140459128126664164
461830579974040144965163685580288936722495158968445591089470605985787181419078042637638287553467607796716342377975979899831779942612904171824882007147
449534826580561647865956878673398144280579219599450104766121392237419360886776670245072360748884578354158947675441076630389000678386359704279520336731
1499099360175817069574055351729146036370615310534841222513765010615897712955854719412143618584726166901150378733053386376323647152595305591662073793591
1104070730150111919932785924795965084403297880488079594331899326974372297179371197493266334867792111616984935158832955331324139295402162999810450317981
898789653815551029928175366110363595052291736087033229646995219733108156057911946730609405549892547205679312738721438994384558370060734017217238459712
2924589988215365229641766426928567757299131863112560243333581623970180463750891181475171519576286013336981611589158062047352327010376107504021829406278
2457027430827673976601869253343199875123999194888967573702340317089306040645128961858206301134452192001377524656777327055725150738800601499606504884963
222505678392777732114640101956258522913091950443918182180486845969696208023742511116258029450439106113494027572600971271364317420981217321444199218658
2448184072273930994067126861803722823672956307305258591437064981164575365092520836419092410234885612839532104440786282215190502590789857539245071705131
1135553493614845410909060442326497547035726958313291769865175752897586951507704458653102835981772844601431004942431212992043926589377429740261051854457
1909873385983840668911121772876481579906367281246936192993548690839108871841818318407905377318742693947956362858867323078142226675359768431056685266685
2013355732022712616304016150712691939325564409985191632918961689437131257847511631901917769127984378708813498076872510593530966763916105723585754860587
1060224193343524007243196173204027982622110550273918577175145149430702409547127222055459025151548677089446989977624249125680921990632925293272118547812
94475003890973027780396896066916982770912686718410788477928253154180165689428087191274118431223330739098412524645161973923869547297273499709205981182
1850951502837767024715171207758889581911767375688226276987505117691865449140355100965703716088705756684065231108714521942750605734208149588042784036329
2359712268324549381200703992224198543873076329807506940816525649026228725830328237863826437081239459814493795555713960480903772167370519939804767152748
567069776513342866815049800356014316356806260460196364379464349357577065987617356426398127963882506624543923955452821326662710828170829870528911569781
2902868561821922784461912421595281011678520246216133252643582341917777444345519784462373604602789619145117241363138461819960799418707072346645945583669
1782737428070464433038426743607038683828285877573500194589468538399296612608805362721276636724091898146094315600330769104455610855755643369038425157163
2722012067280254007983948964562450442253373428362131257112846371200249251596746858950692438394694449833899761270533679309581764792649213358334118739658
675824597636535760864312811078238211411555173753558290378043505087336011746716126324917371574636836219805845462829234263135412736809527243263550658214
1516158999789409414594185000893859596086012587662819171285226460053421287795895379283862459000255200490095806280027524117524383688165780558859078280509
2998807011736290633969471705524788015512719896229587870167610304721661166628472938289800745166312493284666433760147867044817837195131616614555944715030
2558658749728353718844193629781720672609024116332062864902195571125318227105483791165761490309417646862646205104722693955583225526443489940885315653418
2784554822136892395623474525007625430648069045432846261763991971803294552646235373687905803381006302567864264845170931913900519903915860488048795802017
1131355940222630285435678978743122133985565437079138664767479728739096194627650172081165333945132264867761954109111135198495974762961352270860312287836
3025220934755517577786245428030405245230700674996744126419464017804619358637393593959499981063213284581087996126314754882487386276118734480048461362335
2481447491368341779914384556359146874547726795889711623827489771908441811815542119006252887520452618643211520592327175898705324175464395994356136778350
479383065957128302733910142500849511921017849057273275679152245753898412365873759733287101412188914808339679712879301886035485785839894689945425017135
2352620558457396817747754514793355091100369100522449748818038544654759056980338386702596724347233425834049108343335536448106566848331108428594232631225
1341568916536455442517534908342981985499989070295319675793384803239124576230952800718140387657380831174167783719419705751290866239691323522463774356373
1523029991167940086126658745175395758007548110581253951659132512649965766632606346979899735492907216597728653756361960169374373781587159754122080126089
1593843275881972284935934510694279763318327442946237955844414390684775366008472822118936135875527076595139309474519466293758889495432829206604798259582
1538933795937685965064453875096978794228958978146156110305266171039452596068888985837552477153619032991204949284551367364377167881611362264174525515268
1944511141789317854094055715862674582182422108171431180600322718900820698447930987176777427686913153926455136130144574065351119486132779095295910366751
2650284874647819675160922644257290586608588498452741597251923819571939502290581345293054007535954856270616712132713322543370106028711532798194423519239
2419369198154809829161133752229380840482205073650041469800326007346583462022890113699920811105193165848892660037667970726308308302714274272653356426423
618272920749899666519094487011402637483129529450701866351301693405160705009619860755779836683131005313264704678052197949722787964560690347893137796420
1013292360591922246814749424110219321450347309976349191325074983454559080346561099067816071489505025902312145103734784935764699370149589549360522565629
838017479362070310312985692815032730322230178961382701044570381633694928327087676278585438425414656812899316167863616865566285810698903881468146561460
1007360100144202885921633601363041098202078584717472102967277782132349306763808405004797171609144362421867963504803981047311753319970944426578989675792
833823161893788425322298958010729875685855681063515563348912107618909534786334876781823953701453963349809853386599351482487401057874353288526516328192
1048662143636647094855793863695455285447251968637789684961416931969707099883387199387303588019791379721413297853071643632949322404686700705813365008964
1924354086615069974828879485659199331965508448512919618129122209471941304194618290580103794033165682290062795870835456083252559050138722573944026265052
120088038663410752081148064656598017610512199437306380100588474929104709955813195528941285485915419248944423950095161421914134519330593895049323468334
342351771313607814243127786707173355106278545786557682160210684039630818593870438219759242481828336467531809829402084194582781150456559949290573902080
1390302709863887630959205712635074229482981691926786243775617473299437845624391368233131239105839047512229438872335981385396565716976613620801148020122
781407858933296043506170192991371265551388282009863143788413060617373090529816632024368748451163979861684803788789991015015027365257611648474429688746
1951885271561297425005353420815197179689121116946022363270049588586318059689924793191205168947990540013650874660832614012236813614504987667191133799147
3032601828898795890892313441151012172905890476509470024105160562158641208587571766800297317916688031082309278466690988068750404309913912911203543206046
197913919434108865441614562790499829383152886670166049884025408171441799989957792253688311594328699260146641185757429503290723477040080396175394970232
1233141080439729378803066549236947973256549525674430380859271265060006851978422789658784258348170247105452596864071102958429012291684993220785986299099
1855248743093471341536943299412465743704787581011736327349156002082778737113462148356251863919467448934322455517680082350436317724776194018814954458924
1477910847909124040127710540148432767004806737788857016588153701097932987621345559048860742524504933164852232036292413770387742792155197849014762914120
1152007547707085967900466036795672668397979909329313832722965807558729088595612688913016858005828271798490417147576129967194577657562936826168076308552
736222074098299613446694327950190715704362293893218882464073463015082565326456548072089257271732604293566260607753427774159410413670478046290344829496
1995225918157633594736551249490690505060553883891256217964487872153741743608265069978510834242536192071524065118481919496064552502726257256879225845328
253424765287713710069940579424899754310678503095007395525224713158169854642626492040605364811956808853461727600827346885504147653137684991030242539476
87081197416511968921587479337084735085278119728024729780518265269165322594671746416301032714265090814902846450884702660262174435467032631598604671497
2526967204948697053148986706640873945457313553548510998145565229635678772459631340747700600114986415144389145071865416085667571647716244565635864590865
1311687200071782761055687624959065357863701652339715619077456791615061539621352224277834909274064913741290835832891758951011442997691163973176499754196
1733843815127965525168261700396435597141099966009777978759462795955941626403723469476914737958870220807805859286659893913810422280522495430117316714142
2128573018100278084643522141402457635943295348770388808681035946163697608259017712548934289008381647801826811094444382878030935105769601046742689502157
2260595517574927449276460221032279598737746275021756492580291836960080313879953335369216919619376076801015152354638129109955517850758489352622670542623
1715168905899802351902653941151139470455897182770886511954719008952264337069371695320191961534502400328598609287709660077876980587784451000427414334985
1895417062130404822960715392593640997478148374731702639108162004298726815741323114511858243733449650794817581493430614833582253457080119453462309297070
324049278030042092449078172406206029181850977683761107216006479211741440248951176709874335215403868926240870226210841302767045497082161535397521624104
2851082010346925961005002893339525466076448696368950304449753063999888147096746411902294870789761512127835909202893390616021459694863783021071066091880
2869962395390324290198103537908969409453931230629135815207987971802686822539013651400174937485840577863364742235031330984314651452211870074708698422675
1074128309721383284195872107063236498908625911393889164199191154672830220485453280549267746622247903410768087800929370869215714893733156127543788646337
2191300684949722612837922440322678175553581881822179342437920482192151307673105478729965405587269378788915242750097552298462863238171265595967149077067
2546581610892503594385737473287682034830279508852555949761917971601731748236467499999402718050031715384203306729331997503333722496565670993295387216190
2561044879323457226813438897223616151780326620832667285068710377715538623683558014456357261545577839060277324065107776141360134458192821801711293423949
3213745963516255954821484609687109107830418526087353794079826884985694840703955901551054957720120773412169233656726963134783831066400539992248273507111
2100719845665138643629914447919415365362509588003450134136926369419897921333406873402581333819223230860795039422807958602245849695651755796168173770094
1579038053747057787797653184257586652402056439400511631629473274759954279193853863336968263802450567903216334126660166286296688762946077224994213470917
3165672322604493207741329949487822797132551013227675437525837130434206632978754751282580244680154959230948304232740988137627889158051517238631653502654
1276529871136290438044071144266852865256653701673733187208614404144296955816926376468414897174074702032725623331488685921871919009477725475072728605561
319980719761407189766729236102362454602653654627254973842870503318958167570442114330410009155372317426056124433465287123488470582173278794403204039515
324947117492289786830848273579686099746673039680061082407349849715071289015350496120343253827428824026466329429574904255763881596820326778550600970789
1936654701965051750000869857861464187672086129400493102934082989006164457523948979894066574047853195198538372152426407959433318274353693322408707287810
2276116311405589117090962952385386865409375519704857510617992725621138971914985000035025797469779494523887425948802764910664572298962592240872485257670
1087922078328075690056586068649087052114340681472814400443013524845400682073335302053574019756735557461352014313015423676751739968923828923216742667343
468994673337939496160481634383746368073707763985451380953790236671159471066693880470141362153581460423629777287876543211399579462285871526356231946604
2303890776674594843677413160390493703370523606688640751558046931916657526978575278371263809091965693113056857449244189643216337264514241267726350275760
448912011336774016419145857334554459421489593877377724926542469433107409868549939072020253155379211432442045570737327526766446321946281656482499980420
1069866171421479357656704387299794683617818775770779466785006122954271518868883046477782455016432695394122149795974706794794313834663351651678414360206
1450160574250611934216489525689490027421193006656032559751582313345126217928995575039602421577052791598721745202997714738081209257556381771409915535339
2493775570969661057723706373477888995668679525297931322707027003443163367393129416184240225684881084365800657524231498958150373116029070080852045371585
128249155541308731563936771393942827922012554281908086941176582319965762686291522953946876481944952122373904377016541840538074140128529818840973693101
762142877556866404708719107834889232711418033447356556127966460300699742816256629242890571423717827734949835589893045305733824399740814639784859827841
401787200311425322513853759429070111687124232222156692235522098448803061694043433219045256547203258048275466426002907669408375253745875219953291282321
3253487337355841445499488927726990721971006285390396394497646419050530643648297257784148215529689464098673594611210547954394971885655484311313041803019
1518979964244673835814124648516333704081943696650943681740665925901629165313346301362351305698038823745702615415305819503984371859232742542084139442468
1381558049784358687512587329191483031223363258012187035989793540447479432370540053700932574359123269562796023864904941888733109936412465591839359737765
182097322868416803724030259368950046265603325292569610004744520331165273541956936725947606934937299903810478670064347780963829152125155258753440267478
1116472255837152898807749426389589679215106895503170995659273790160907761513038655999166392861839601624900262739768267574696622922590888160812613805455
2353406961710455078745336519326499800308413221721051486906593405317366924612037257544629201328985311415359342111955009181261994748316087791395008839913
1986811760242891300488204990318265279603895285236956141834461033236405046920191496297973196577331920903006165662047246743362211168800357982540033978221
2051033667650408078871395840767014014485869889126603384293251076935693936070285049387780603618429249990079228305231597791561541735890770448801994417737
1336864586373569746083099179877649890329950691035790644730086548675230393329129631625412520954123377846709827995052396035905341770661707933201625148325
151622743342135290699953041637790577181422333898872884478569099792966693677253589017631282485950053792920740597794193538596427096478861956965974602084
1324687487088984344744184628415359563709256952668101574457605167045148530929707445724287337634475004253865595691327463620008649203510420069000349932865
2825116790581385517444171814750244277583753930230103727616931421431397576456420630254438585787421980935148317794098115061663874327111289790411392855792
481554742806607933089801458810431457729889298827751857149181838150307364795872711448206467874073650772914491603453145495825137047958003988838069362004
2845352402137017408799359200818870018707637679985779087100013519798471398477487009365476062706479021390718577679405042319162009600627787006994756608977
2697531340512780079974390526799961480153157830530170022600464648225786951696276876233749381598591394639683839963113435857634835629839318716861641121726
1187763230905879910725539880334704826926536173828335224903916539640133406420774183769791605085415960030344255048098885942481584266285877483538146335355
2914774485552623935146678254247164016553353369620528600363486415827726134403588282384923901665191432778627147541434809641952610244906983227563119393592
1374629588401829357088076831631657319781411452662715509602731922126824784106839638024228973840888641883295907053334462773778865813498726376173618511655
729507869572421727176092712685071183546056104282339675664749723005766521147581068690937346748902388191780760490993503274250112343970750307735817298773
107127458261578949649433763755582412131693246709263465662829951786269922503939539744730443230656136348092618528277373755278045105753842243845530953995
1113028316822466281548377444208020995036458544969923658969251656327243117692814567113621489043498647421170867077173019816531233644334482994176112926675
1433309332375612546797683490759742832530171031526668253244409062509657712923375012107506892345137546892275288582617808216594907697705438801786724129476
1446261218399621560790939476951192821682543769517621132782765889144373323465723004858454367139196527638812661129468074147683689640969549012448593544798
1410800570644494139498397118404588504275612710152737650654423533264483740862848837084030189021633013609888398297801589942552813553971904819327266341127
582700190844279595426716530795601951414047569778890331144196518103200766538300008139601627427678483672378525246164673736677559068681909483630669628899
1130841746253283052544052399783515204441952982849113685182969894790937316040489780896231613967481466918400295409507055698495231889518391869989452246371
3203905296561238026027279565222085219081892112695463725254955335595548371016288975787113393805415226152385034296886559813583549765327339770157860890758
1043459198042136347757624197206172084946965842097142490999088961886139335512615030630014542785758035952330439595287168458659633620105130920558293438070
2056710837304982391724904205044273917182052957655202098281929434405797564374978366548010280496510244420835912425759249109711700662079543154531312048003
2220339668625338023063407855187454285096154493730515817881437361829399215944796095536310405991016642638412035020542644635737929335584281326916090153448
927374203547404475982764938008772441706072409228725257157751220594784808975161592159021916598103258396690927535465956589191717365497354866833900133347
1790113968126154376617366685791903084283996437433332888958545119601605532708956756042842609026841920711073861140647592289707345829258150611520700659669
250471937487250351013911932124452802755198439503543098755881164804174959417216172270996600125579011602109443515165269913255778922767717228330361183518
3198654475465781283669756193348242753608557380216518139670329113623906621328734135253049661137309266650390277785117103785911663661484332696796877750052
2337190313273042858740707352709604670691997577341835954625055372884123259783486407557081630593083461640884997896509769639965186982673584770485312599498
3167089129370252608148848522691132748274995566041522489735910146803689987993897365802904705757314369569651430038465340042863284525511660865419408697460
2108090663520009007954916563297491763717918716736157179986060527744308146701103180998222858515221289006379583616302913003525341103659521399380863977756
2076828579744008512732789314275570356628849406949061057645019180417398447993107566057078692475706207385505592146513556539960805338062827885616993421183
295213205083544193218209145620244750317099214660556240082371133738329464773915828839240943603269585734369923779747715717583287350466047711443241875794
1949066234046173669470933611556913037314614046288477686410175719932460049446956011260251563848976034934514633665161615646912854010839301658014589102165
2108615523433731051985685924475059820272547175834871041710831531923518988331482446866112609724332170176893509297594356538439114934038824372105104170942
969162378217539487367959967603304765343549541809405826119113184118960737568799791346409117185036008810431419125944623474440830610159615678892937596460
1776884359766912920012126618385189950429809631139176244154133029313484593907291507216830640825601540724364202501472829336017017199711245034735580273799
1238958220060342956459208163486969021448312740443070766597960026843548144814440872116255061188683292293425191761418581904861586058387311692249124081850
3111636210911355395525614651517329316294277274741235610010989754135751686723061747147688346372628875113886548397344408510866958683335285578299724902307
1037337106765425978289204924978523765022248724668427207024881745291160755197500546749445778372369408836307029249599409157539821798890938740889280735317
2718308244123526008642254834701931196866140171323604029706921472520934247788258869347008729448502375348737533000748757960300765339494680456677494648484
2311174573511603069848822918629769213224172299736559098895135304799105233422719000195928900166812073048661607567190459866356794407558818958553132073813
816597793930733248390142121024006488989841563842705839262633440526833847511729677809471445723024646576011478751702693823086480071291954080119499240985
282831348778849006659239782832183620262032061510778878210656090036602305492911409819201192797205770648908157403209665857056854948106885488764499978765
2156987913028438816716752114243470927452790968856942566323149159612499862280541571470014235992483466220371711032807315624628463194632084806639878845399
1660787139010973757463985800180230658386397672645304265966765310087827160565227034175673153024243927256129072049668398205537029748468104809911733115973
2305762774007357039725096667181325719330183181062103089241330042559828445655928109122493780885892112904578046959111139855534712207859095716860732767087
346325826537879619825433861678733702569432194079453481345253806411803787059126054397771881101120194985492854475287776792496306922830965785673000003566
615744367649937555971443116769522107863004873119357609084431092947040736939915548757422522934546018175773857909895768931885766587426792505692127300060
2423528964561893538382360866981345677635812345380535624959327030939349464702095619869477641279211884965996916891948293757617651974766056327240507855099
570040262286255592811845005533494993808291160956646038973946932742582661686763674463745208720320565173215500312404422617521699564561531751903692219175
1157268137864682292586051666711021219169402074432098653237989219897204906383704734114995656066857916650818030270717976033648278991881915782205240038619
2382771575042370604695393725370795877900658762492090525352122877617997376447434618028990171409966492359087844020250140551229352784229426460648025344929
2158361686815541849747826504140233969574226676398393301244646955693371895329540767634524828124822036717381448330790015165190184787105823468541634001218
56663793067533446598188968589795952988618890545568961530095609356252744962670728249301065738845713948345504924674655835707371453565700442417533848745
2932258063420561805538377954638805235575774984649816407057853486777309050865852771716674511585799030326390049888501241130940898686693553066840033092708
702834105094043015222099372840066330401960725325067093494292713914443156893808773888212088662683688048068495226111901437010896348322540739597046140689
1519134319183992730312617157678222451765300188078113539794884277479549066315272276605329466849512515163523162985790039163380458607033699887972374194141
2386887447508515722294234508775402669065915638622540201539087683422457066498352832737167462719864974534464694025380843745105297979094718268193498468283
555082215490577541022741625019067291645948777947196595589628888496179219080321905101821827352815557042950735928808482236503067047658961790390163225543
2762730654492105301101536764670261141706025280490727717177653274544901401936303190704264364450012644713437937487747556579271286420453590316296108881040
348618538744077515263603268850545083487269417158649316776120688260599678244303518267529657786077802749084421760739573841496952448287421833901714183197
2623129998606581130706214753831210531476660818768289869413935853400757239858501443093348967470870157469873834597144903800091726793800411852763280632856
2577110429562303753169675251898806119523830604035766605651439099690452516757093298835556226334800420574068421449165572846558567679978930695622832862731
269196320814032355365792530187802827818062746930782437096755426132188099151102229169842656199362454109971355472352827012429365885871050206693562825422
2876856868899777244050780428740889822961628474845999545639847835154031773761624179607879001510268236380463573405077619840722890709362145037250217303879
1504306748532199918997583618036071951147864922431793819027395055527851544241453715918708551028086111605843036024154806790234365280404149316108500898067
352393295895087730940029884234041384275776330001935585467833533405641493665498484687930536806929357062150940922232385699101445137917390888881202017174
3227489399636238003424009579606039869360695503493647237434326107036300217943370813218219337112325708936262979775553181271662310613670304061938376759748
1638621006412560942429882283137342152576015761827665752805733902061579426277574216802308204620807939707960335203877711763083683241685208101868884829180
3241807314376604753417974237948140869277514417859372040697620582308550363038233093463603792400150464743935732804371761900974255787044389458872725006753
1723549182463029929553083919552411577039044224062829022768134197606895625143636988841573575234709581607186936742107390186656698843382304328871836092620
2546996642314433239282497042627620706826495173155889484389382207779371844776281146706726956497175622000119575400310193824548837791850822276667257830838
918789261796030631135641310952615167026152832998934420326672423322842494365923595118806828510700199234547700970586777406848995653283207095989432684403
736330075287096906835006383100900628705563275023023422109827323639712305644615636670778232062467928386001649839927497765029419980045009928410771644580
1689281132468739779753173756880677794888953685479902783230129572651368965625706394912210681612566384150257912052875467134425269039026346324120082448762
2246365047100064486433926830663762854873786186637121961344095179233568097944612978145755161089620485496483274990693807270638829052530783392243321781480
520889484124432933981427244713338175204056376734057081305547497529533806577433266506493542905114998960485291606992518391716036534577857425210313327790
2038437516930825304909955106730005144633704839674129106663179881171224748290627730252468006965374014430387632503156764544072586660796059727592154939326
409975660032868494623106589707765392043288893943448855006323359814881375293192383027358110534146420966552794000844950684741261637527700014893203928127
2156623891680440310238564306185600753732788131586969961976963091293315204780589807543755353956001417081621658572460637549679663600108389599747919974799
1351035603064525823447033794435887307996435554897788037713283739231876107113121023920466177198613631346660092874258658164224779801541125790092875871858
1004977393973752501767513932334463473260451410755149022018912678943036757058468446208251579931674033132493820101917535203073385941727078017968482642545
2444375434139603713567338317834717458756047868299193156532356077879268845793303763118606849341694588037684016693935625476204638752935351418575307520132
2089374287296558400864450711715619504224297181729653894374980660860050683423079422000083043115916605738149611824532309969705218052203262028489909955758
2747081190657806365875754047316083965329425697395426017241315853111279862327550883191346474484318970222294358318846556506048335117240045988665559174062
2159900514301138300823021814310821157443369963489315694941703271978150216892728230054232989865649656480354049914235624575770469230070867435479192212827
2135707543681711258374782540604728257782841618520713493865545844407944196568259289740378287077825530969093468607249113414751923695626759274816683756678
1938431910464839472750904080775284014354240440112776249962752312732954709055551933970856411510030794044146789355613021741882244245104656840185631829779
76087390462174773921213746870207211079162299692833647361858514095022093162531016182538419102569862427294924579168408324434677239984098290504459778868
401297656618963237846256825712652408168356089748210181893916883736191638345078049931623237507389750349047347372308953620753431661460724715629024634324
2415573268722624236170182483992295797166027320705046659166012977551450653928051074649085523747825625233653844328848379255897814900752688961574246573183
2222334480943983141739840022226225682843627742794992303139715155866838543424723389672669453115047380701830726599777503443627067278260741436448776077992
92374661662198066802017833790707160229719707244125301118641426714399828022376144064065593460391471333813257725194674661421527439774411366971062588097
3137719773284955549043364444912571684328497603727791688026873062120097596343800147350710146877397040052769872569287282725596692078357510506889817743136
2021837051801110634159494386743172120627113112131529177832022869476393823576540992869930805397855455118982608391728441753164583353427193919517685978389
1172630423461484464510597531914777928954940664082725749146069294221337931656020894807368324509104464306855387469688634090691926096691950016494946386555
463031971063335869630366434696397664515297791382267896033353952816132004439339376626693500627707333227903320514368983655898944251162977090986587448998
3266337848366405946658934748576959834983390372224240560002681465130360000364722904750421142108208058361839850181048273789541586667452951554649861295908
1603921603301375277135999346691393473053817792848504764408068961039567573399743657485730414760403488132672571818731046989495491385107574466896816549906
1782908522713407859264374735073305839553802201726508838873843456582746911213664275242566267818554602975502426461465064137700848030544585050058034859978
244326835426488778220890554303677568129438038036573365538572646572004779421753068959643354394828545253562397605836669569189373764645965929615584321408
1123771547249762973107012611477546009692375243066110306591330896952454614101957910205113593186457198477148312719770625448403307644627744611623240446571
2353725825187186111248253619550150134645435327945950928448088122148304934207148710650400152553654082538379778092691146667694558738922105994085480286994
2312434449914548482232679465901083472497009687688636882560413958742027789438375629350138914759381818032791723296700697204133522274990639483945080757678
2929976340390839178993323169355885915892494221232203535512573718806321849881975385646965267842715076610179763123713208861294168777999380704006628009150
2373096367752121878928096595569321551652660815799048808632562896158015452523798515039763087512865934279881579076599702620521741230880373180991536150342
1031116464689176615144165790554350318139657541601299395801445267478799146374077978288734644127994492979053951373922903036682721442430657438841263564256
800517146693277550376718068936527875941785557827737400901113059903674770173108413129721176816968768181492212595755892683030623784712102804810071836235
1707495366256876367758829435210382646440881778185895275039884236876787842205365010563436914190915515518306779876745335286518548339148888430746142651194
2697450091894778103901490233626107034363292668251289720097867879509243216763810158105639382264857355099284016206070200182257776614828149697640917389044
1886182281969204565341330617327916362441076802790742238305291221965692842836909145989960085670342771331554223948716846545295405145061878601302869440904
3020664185400092568126901545351481251645070715035707451969148471427224190859193456654958075892672997932936116739686365698886674667951501777526842860410
585775931409683001322809322410007837833645711444962566005725799168755020615102415911094246491284764248030385321061125453287558442590289554788277576437
1055693179763460220371433427148069427682572462125287467963609230458986436239090909624067455501156442688089632280149941610678156538415819945909321336208
2204989716662424794145882032537647055092091970868968639699540482655321593103401514299223140372090738026349644373044455971665781176681565456246931109394
2441447515264776748169196525422257873800987500308369298729943625516251514044008076494722205463209364554256519504923246611096115112865108854932637786961
1161654131373045674834081275806997266128699052534280374865528638637194215880014330893812300917727365171642002445184383801032325552015678634509473142210
304300388692358295911341375625529348483494640262716624085478004084121367250636167666152968469522497681782039081977043838553227968270593546616213087499
3122985176241587407490067775776131935067117169873745292859839503308076959478614730823110204887225600680119952874621179255204405853165257879683407384304
2764827069980393833869928560626067578663592075860005022547235742578131826266480093156823852036817079426937793948064072426893887775727018795363411295217
1694146341412566715335909078574772263013544468306117595496277181189949353178139812812456199968274616170566596199928428097305954586511905621766597216292
804752517473854616904911281743056087709131254172554688163733948106605162139293948009841887381095867165398105365626821628613363698163141625040090112400
2390317719385223211496602642008837399084426705224077354679535741010165563649109796726220581944343476290485113629887111674987557625441206249106317990164
2232196446304456621011707651291146553823871784593328844627799379052333398111771977714728008431463107130931404409283633655492864290152805687694206537871
1634976918064927624151739454721638592135874420161240845804887089477444771627883745945599277101162491435003722913298046389548166162684141393572554739458
298766563518758861279560323618391752193259624195177234418176883334117251880378896821270326928036326594936057322597575560886332158120509877446659215877
787629078247276077462729445427436258950830834830286249106566710011588649366276996514325927439727313422482463011616454948015969499725730686300181292548
1169114320444290813452626478146928503680618872438754403002150755233137426852053604298027502807033364546891895581216366684939554438598309342729596570341
3158032832045672385292593397874977481327963373898788937782938315236129576850878034778116353034652366701938637379094240630376179613132445727664269084537
2519718892339009913061959013855402690928964448322025605447830415551113074037563501867776659522096462194478775830347256144620157616244806564641765770637
789846933213661294917522394549393902612598985405935511345965261377981753149486735566595932418210466571053190654762202266253289529940214210215467326667
1977456953956083763154774843417520700042360612271676867302202396846932313486692746828054971968334162923613556780586058118521706593230820055110272979572
1472402618266727092819595706306182868953281336887767085273563105590370483352278076656913248062294742431585517584068657345582330333676225197818021394331
2063526636484629373076960638234005936637520319662257619984815030874932972741672441262067013936169190446867935741134382613646964597789614715357788009172
2031635440269139558291261064880780427084864182799575363107873410213423431106741243274871407000504490597703120184621947171800380808947636113150852547046
1076906183433851978788164593134548827320875970322666749824152370878743516574354914609082610417845068578530021187430511846388208091827079770314501875650
2605284482944736927670061042143244284974791866168524885629161230323107862550614965791934708699775535184012914340009324024372018870366168206328900279509
3268350724800111767761998363204151463696597239988168474583972909317138605194786466049599172214535849156965395469032108003655503666746423892860182290784
2796236526246801323127802138269435913308047009738776882280533408137923730419354945514095695394314303875270211886828294594660368233356746276698385345321
560573554772843464197317725914759467970781585585605585072615854730418502784289472343870845969141451055272128018264612749704014330077037168913177322775
2900453312798898678785546888431856362428360421036691961509146660408806226573275167825435997556327760741852864151422803500670937289496531878266573913788
279379982237844703445681762393555398913441077097469749310158825123501666804248644611582725615400759310304002021517409985611764308218838814654399423716
618323907455283328511478777099659544301392035136688218951659955102674678520540092601173000839404132626115751781319113826051414192491145747112899716985
940493063133428229378934266895860115225726051557572662117768950836063543727340865444210683050211274989836346687927277356219501526755473471074907425207
2175126374242731113847564279295456664556724485130536723457491925178105627594765282399531729438154232293362098968759368808731293437801987684239337110012
299278943006867344896885565360733277754185617787229617953941807551866668572608011991563993051147950810438291913488247421468325888776541738458794086857
2693391492438976216819528974255337096553750990449315180285527878761766010816039561140402706431643975180651164359057566484692095452159520892406295585182
2293863083199401566524644555943452585537155010748952401793785422848490573645497107936711179335662470969499227928508316486605917111152244733758815806070
2593651673594022438535680226101446590595968576395867183565933385144976417892417244039473230064686187822548104205499763009210168321085234366066755069296
2591569693060794910587500475777039488673270071711724602920228071207319742631434506835901877577410168202234066047475870340578551836560612601850925855734
1364059957841007166353246760434689779864279047008269098320888236041281494838095234631788064781106294677434502912909690100001889765560830418807155506494
3086319305544116828784906697626856625016914075098996947567426485471999521226747402176509176630444138175615279921886557560356490351893387404003977601471
1484923329633865500836364027251395110829559777929812367927757634859448880165300033711436282658389803629664182405361095075127966955863769839210251737916
1973779633119692938397236137715508561458068160095600339325985823902768123367573404477044216857172535641359147013655382619896060375297306806418584738688
1740714167340358231986558917418275828822519216373055305764183527659263382641319765269581893671993302052433479982859076582417590388275300295733882324904
2228507572043850710837214283540835576659080919749558522422514862818229654466214676403610453054580952558597286564974695078658866193196735960045923950972
2276276052846002161985956977288482879965349105516926915286134792220748237720512891580718675686017828728821899416058663019939310908357680616387017762430
1927263197269161776541172962554497339267241060051862977463694798398466526460272944009164292130050308250259313305931328303242248603565797787520765869571
385752192298371818472894091803171626656534992591282263552880560637951669725668549285971941745198216442565786348979674965575889119391407060083364860102
3126844056176860526859516068277492505345352728126895196683126614469760607466167876553700209827528553844582005471846133446018752487212110187210203112048
1630463495506635305398033297302654822226878003585331489203929200538448331025477893766700988514992452155669441148970156942948104892970364009059154869801
302674595110958023254235856740877036099598502101328518729123056645152270204212870358610700954271287807214434949920767344666145937326608198141271700034
1859257319416283090612932077811772903572495888778511755116881980021853175761474154770016321935214888696707123306830748254084330384220733089033428792287
278055594523398388174513084607372661092399753243253491031053719268224224101937489043650954177863359339421706830266499960036335215033794241490721562002
1377775906268805817059986634345408204768952598287236437465242731111582741149182227799755394410962110777907739164373925207754506355754639496037632798191
789838468781209224481597343195167231123247606193538991717761268488602204918879821151687007740417636946239475328120884793323103391864838466122345054719
2293827843825168488442862593664370572806634378807109147373277387033553212768737322856832180060829151468385680992262020227407369369233587620400332978828
775271342550878488834815279117090005831182535304921934116869243801669496771519897361896422306415344357246201962578603324390104199448262459545735686622
2155501563318038133658812756728303607753613592265113776032792692321790387440724634762297543102911686306036125220188634752329859849806620991158725072327
2368608731656464075657279033417128682526789683371187420190277296605075645853790889708389395076687075499624501241949185274080143817566830332573793686986
2415836179956791572086191635451298305726090451757200351395771553874539408881372197824813895164849608267135695334988061436356551062627806476704400438782
755245311882773830100081622863218986695401894386779887517919164219019983810684775417161103243357858686377717602953350771756213828201205315525081914746
1409695004527580544777462324061647047740657812407845842516411650131226070951709811170742449045509481117717231428784376802192058858084270810968279284744
281914668938094681132564954373370127145308245222537220886795249550117059595959017868092478949243678238620334870093112258700808294513141264454037475401
597815171055250339393779523650120644948791721761536087698025935138882641456538891655095708311761160959717114667447791103280899187621029011949634908120
2275823193712577166418285421532773080279241796591416869879774924752700513332746081912523791820809320657147538437055759763976765942145222463743810020965
3155866154030411863394759574777751844194731797541514561738994314958138674033867758307359831696952988827614426289101628933860791694391021423215258452298
3125196257184403741647473047496090796664067668178251577337169617586924643903773046330288320760774243402091175932621048241668104835000797921184401523388
602426752581754824990475959519660215593176602397538770984823768737512586679796813907305799035764731147133251132499639374011405041970125301084095039667
187581163557062583729750481307533399580770742919155401375815734835602566292656946427889622279289630388248889292744492408892250331533525379932125987147
1159568831636165861710301498704128471625260482053588657942584418904235350376204630845537551121535460959230400110544380119364375061434695301002385914968
820879023319622364191796706211835945305409980349435013823869747525928178770865404745383412445292904623198398579411935558713200245333615829728475842500
324357333851069693912659280902349486518107207570437097137844407355148835814738877756059358585870072018509557438922195014751687302767658343348763371662
179448453699348526215899293198174373562778209345383664459984642320960862066762065136047086771270406140182786553347574295408274941752737538333472737508
729613025723128244904686168189836827540654367524484952969180145610709249093130459187224715390063188263141080343800508519581916898052037681896909191192
1933677364127721354327495138844644761635269667798844665422228349261902291535625796484254390004151509420983556605256325864794225198196823329713321490608
239464239849297699796030811503631150965957149705576071011213467979354972156587204522096477856357733285606159771513956973195544560856203340109677057351
920817519254659787760796603160936776343228465634823936765202685354685075868862464917006784015623802953599440432527432176482889473211474377328460332718
495336446900491812528855462841385171090290091225552842474781765089616897394231826745136326950120434699049306844506841300795395826503781989931876628102
461699356966620141094119864692031302577321623205100863984673659252399321588879480975424494079443741386523369161597284136527787896137635137750062227674
1542934356795159856835956914166290841202810398145656037751419944817291266383456516036934120926760904806010907718564624475994579046973432036856348731593
1723934032782500681647148066147681661069216099002936500595188827669358398913123118135909835937299323331122499313865024497920416200560695401394889436955
2965203071639371161783659496849782120320297562552220780581993649003041877608809946318142379539128744948183733173114657687367407281790074357647983508123
473454380477028594066714480113427805190341994746376834174493207845588083926171909255240629557199579758202319028196691337220772914645736645170934403921
270132847714559335939690548333221204980579884852623747440782058526083980344688481914514319809002561177841939658902949327517875298383178637194159040791
1942826751586707910264746047892513100689501667053711961315143483473268290929534113502443472666914845186446624195502606821648452859493508677787215064569
2473064555528161272852879216591638087445608211978603704993530760431186474819146975411999971244585133164358839260050774769350485413123492829127378310639
1742162219048888868586040189255122654177690114290395144006069459917007744224258606439861072946279447665143995680995386400557136287574025673838435381005
1416757633198399864123326560994835498477836906093723057659962432826828928625849405399197677805655305773022877864447984579805104192233049968016909143655
607271474909596771802438388709847532721754349090577685189236233470931520511250310463498675640959329140801358044021518984731528472528582677304138809988
2857521173596794043844901919804770485778136887215276922284098054561475088055938456019124856394379052999464866365812108302931863893048496706424586027501
1187629052180298133005103897914577223487458650676869654754782817344056488159087355529285898041359972816103753203089728925080534049986113840963624571879
2281855982603225173922566713664032035440378581314086498312765550141266294660274152040740484784720385518157958348840188893723963709178166281815730257812
2890698400024532356643599127765588410716496056271616375528824407010894244279414720725056336726986162995110489368060424851594216101472877182545919521398
1907196631441350032326281278785978382318836449249626645528019844224536840089354000573389120844310150353552569170753154670297444987074309157179988529128
37273038164147890892895389756843446912163111462753456399573666035927053869346757913316547030221262385116130493138463438897544951299796932117161969070
2219781669963502252068949316170156014996231424396953964620312957644793163878543765792460991230615121562113125907364642936194039886901093778536579724022
2252966102047547066150405566338048025488234512631587335313858354158119771903268448339450804091788120022623477661186834353646847690638712309310253443690
1832853542903990110919998690503285006795090492003497526136543383253203017865965115025323115523989324960491272461513984484440753332520650962656184666750
2296637579189348696081572919875534938201749216589329773839642469767209360213358982995637214349700152193484109817155001756331121798058361583463894098200
1139076496390635611389027275403174799190113058303460998921819612733725637884948190154111140168416249225115906515448370520336533615830226372186590832967
833758631053341120621430876271144386748705217062773660088915604120048012390522223322333118797755468092194844837200360237048954800740972353969830188863
1182668427879502648948705081646007188187572704312083668708273115045675424591071736465432014134927456869694345843976804495751870557141087521203984680295
1157226068097390651251373870003759527827377883370414549863626230339623172913666180867770812406314734024789189271172013510651336199437399372520292030341
2901604264567061786716623023022787862109606986269374282532669622850938239274771454523365057786436113378416654876088882435390215651037700507159840163613
1222941331147239682668177327422021668594033417118037714151635903289426713961808638994710377695739512935892825271129272467789034266903485169506961942751
2246590717283334473014918450377879393079851434356320906763372081193638950765838278839161496660352152511428560379408552005140985718219987561556432886138
2716553638836794057966915202120137224906069169662886532912362302489067824093908557021858387644125246357609410676067065553009338998277832228729263266909
318311553258922128954988908919175399532973572403159866282122255632600830007844791372744430220761617851288196148313401372906909604667148102851051044044
2158316842170241700259272760134774352771151217410816597397788924523945606466599588469568280980191188961802757156104678925648976608634980999384821189227
7471346536943318929500469382604673527690208461538034283409178496167772212360251739579777094460158031955572416436324441985201817609906956162353888263
961488007358416230329691699877919424012053912104220651540420047954263852697137392096543176019581786145822725769291096157689530677614267207702626163431
2970091056234385258709074725335288731195723278144819616205420247651917376585073550088875588360844850635791912310109237241556261036276450221017994272338
412803243199015663875040871409207266484500238377161202744547348380815384745167138794743339869680169499384315843795331875257518016164964306065717681901
490209019231658276855820953662796215117754501574047213877911812989969405143625653090303712677271858052517106627739232413277883341016607000656815579646
623822981352643760339014647425811980522005251343657514016278566325088648756045128290946123884042382598840832405003681717598949288705606811496266604605
1568674777005200120175333823602279577155405373081522763729452895356486432374882412534751893722317838655443936181235889796516378187957820440179663150515
2606905288739630599241308407106911284031842747280567774111174659894580332812057934609825561094481522873463897505773808186816561161339537193941124095120
1123322480214782546803619133159804355532470124047655950676300972768046158437443344730577346458286325140282174349256828750183939035814475174982903492593
1406720249347419970450821636211323071496712649088007425642587715228330826129430098946543617713538861145293837466883357416697252319288110063696549138072
2407055137729372022490347583533952074978781227345425403400067138042221429397336173975295059992305499882937365349218493109931888982201437693654179951889
1879258596563714539265459528799650290394800564880116697358760925664404059078045152546082688370591558299504344102386742883498166593124783319717561305044
304682134977014037931127736543893893885275946195649919712548421488810729485301659817957329869377482875634936788455566226711201158576274239366813506949
2314611168538210571944054400826573017543096302196390381032895276206832261274138407093501668885125011929844096655437128400621848983893424601188481414148
2962809665141905316468040822135157939856061461317168825356839757443882535819715758130523988458685307131209119131712708662890613263356608304997438388974
1676218159254267483293694933504524479884498278720590953493004407000843467825076644218768769398710236019800914394582467416034359562002514890404001425701
2048327149409914345695607897997321180809630005113506132796735476538963938995513069185448183337734375252120722039310031855776669024077871998458485762289
776498773237055050933593528163583052703540151321237475336165555734076821835288361057242467926420940860891920546000117019938102510330201407337181595293
1952905342933910566891509550499010568029155406936815031588416266193772269103467215157336554012864371589579481235411812389281852447409585316910322247974
559801745913176856690380116666519157075660634212505468798396689530549895014729918624827500396849789889409764566434008367779031182946742766057719315846
426723675463562441361000577489755814495472209645002657255316625911122040772518569451674814047603026245992336557928540749534230770860926018152793912520
