3600
~
50
~
2
~
263965753523740
243619382477021
315890066739096
1012639537800634
1116674009309194
599775125661819
586979058500251
177155671147154
995889604918053
166313129516549
294008107176975
787059795453028
745658405123221
1078495915884772
717156087880366
764210595790314
385149572819259
263406326364055
262891225725331
884436744983136
592834218405716
20691138186377
614978547932612
925502688284781
753402648706730
487997614341806
381582814639077
504440289621774
989193667788589
994330019270638
362212194355197
937091450808547
416007757757818
361341236399287
31241422939180
898885143410198
407112713189541
4432777282963
776679185226193
427261573640379
1044003525307448
452802722227546
641799429493589
548040418552974
865116506308936
347960706988574
941142325577670
1011088352895571
209715988897602
1111749344994772
