3600
~
400
~
2
~
1318558854782928578264050905588566682774886368478306545318917289245248297062312567170750078917660208501060999329179486215
1094501073565249104481076772025658253805238620610341150485383873878346245545704602434303516463626274436934990759586337974
1912004042702081775615192564809862214882527676057503409946383373089261774901149087779817660422020654865432128865286867654
53037143412157779411643016428178771005491295241779079521934051554916187836749305921650881165921138758479653134185589636
1792782992169760406098615424396722475119190813865707388346135934167002936869246410825403986194869816931562949211856298228
2352105589435319566988883538793050586638532650207956564055600561106821562640639771326924003797668208211569059093730517432
2087688559342520188584899678540513684458953555787725437296540867371887838058201008013553233229131506050244644880429897405
1490802073453591357341156607080488451384634201554361620476613611419049477334293235605745747513269004337535617495540446647
276905610189030324400027616713464808226519519354956647328255717896574579082690850317787539192605668527916124895004156871
344348677080832564888886765545737077598031582570913012836223263162225909019027771374278511231512294737826470166910867703
296845274896688261286256721559933676384684973561813922072657866610293639662190299960463192032420480078679649992071736854
1389486079791188579946794746655865694653194037027411512890656148405194208690214511485737303044391497429124757368667134042
412860649738427275681614767071646429332168697416526716214013435861912704559585120477227763505742027992404242315355047135
2130597530213773361397290631896933913816932683949555391454785032487906055336539038124057910732420443121859922782902641369
362926631229816013222538226765487420365673953768066398263360676101268539035334259949707388705013582093803609401519310449
1182952343782625502284672340390330930902642978427764029529289178529858626887214327403188393229799094061840928801960020187
2124986549102201025760933535587375592629072453569156011693948567627341672373936717548821358545992812356282705669017187982
2478648620960189741348260835694936639592380965165909801846123692652153461188192408715998883780771528792631665909360906971
2006918639469172227459817973673417286883382130813378131668839445758592366531271848907372508898046240132601223444095293461
883225174493683414187089973244023766980675567436233839176171634266386605746810363072694028281227583185668541951771944549
1897177619685606554420037839838506225886445211680483093818063179465705171673256866617924291738118036741523112778923456761
258093862811662543938918811733894801719479161425237162023761801596127728247203265234815163269532075494512256442143232849
349448487711786907345089413119857956348078687247324049853688767469312437301255869281072530509409238291892989235072658388
2159075921051508868502027968902312492383250737044768047183715727320726043967724125945805489754981154418849787749444614652
553834987964654982357969399932278686457556474855547330446938450156873456058711647618052628376253870340477025826231739811
2182640676400459248343769407242192229254170828570218732016137400060023310354300542895672261810753331477259111694304333864
163743897143902609325180703130722177186755797349586108618207209679083488691192613502288532790561523743232176758782126709
1440049753448732469808621909521497955900839005022226107711174807291222141737945249725744506194370576687368886576540721583
2510208498697188098271631447779104745195857464018153994484384801794230756374721522447220568846083087491459393245795958124
544618272803325105752421277558662977698684005085713964031151097340769792831946553245070656937662769657444873460150852856
1368231337071668419907484701940173029451996885307363851374889650943665725930216588680758353102318102424770219254753220616
2405902626513929965517499227643136059128435011798073526559297607709231295116705918006623788427388809434661480875949658777
224665996038307227790026013076308937850530389423578909507393990455745983942827323188320443642980702540508039826449588769
209145271612033666763317990052397523234535536285152059755682478315416316801046239278014479661329460963579473270099713529
1662494323474539433269301648310363250060107503305461369597693476347492514724004996218425620331203813471565227678751932855
2318605117459467120196606726445587513133642148742919442889018336922279491357347110123237298711042009043591004706094692657
715460594683470311338582775480649661376297410559441265478186034511917212638805272378620869894761868490794044104805264751
2448843514786184638860970080596065423726928876805742555352516912481818038461058080459933510101577384332670138218111983196
2331687965681944103129931593971257351480967438161832551034444209163014705993717873687716392748433669745388087713140704512
75693788054924472124923132406775526093199078957270294997555935241853135176725533996750520249554702688975405525365965354
841282393179002104311836145040931015570124049183670302394299483150158424380979541516040860175279740419891438556616636308
699734194663237345046078411847045362320461454858882361393075014306705602539689017902462287551221434774661892463022817159
1402273408841177855789233623087783113037452588754002240041307635234069413050447420671402523171745521185207770355132491139
773659211082761185719579815413074209429103368121136573585604613398820137341614560472823466728607040505453521236283955369
2163595463516383551041031495081778799980002951619406092927066048745095998641340731383344514213200976672311835162247023925
939496632590097718838461468079591066872154250878420362561071140187550373578833686198311390099186897857727282149109401733
585009516605364448131215923335358192099586560313924738345891538261362238364835793759062688872109010764932511634619250089
1673154889023086614426433077837389789757277751386411680857813929539755664615223394025985445423918741743816385142344983368
1579655369178393988138344825701178631293922359624358047080371921402266883828140917341349165657474551176255264424924546263
645322391577981119089480196243867995590861073557799556354152643763908940147845981638606571516110759713020812941231138019
2137309215062062953217635940554556823428955533417840564891653447968151579256697225902361967965282153656836960809077011622
60318687941495866574046922408527247634259831357486475736597952669749950861371425770514940426392729754001820481051243834
1564589715103185181662071116826040273804241894310264880545619483380698587158553686940999560990509420835500477864743096132
2269594879966576216141703375407314411156815746378601760876845239083376900612932296464576867084816735123629223168020574113
1303444650573383720297054211776955205418704123438501192635209127693069772680547903307209853644574950838341006607886248891
22922379356226077497772541879940498173719033991480533339325288545612718016895308008904704675516364106992439099160320244
463265924539096804601400630523624525197684748307686089849882154172583274950171580014886834238193124844520467209856221186
2522895270483902465230748524834571833490296687235574748268394297614725908824097368677071195379468186126717450795987273779
2210839828413442407680411491803890087080446668799933343960282849734255067280865262168917010738111350946793838862644900907
1530903856953260902085764163573980646921475928314086762626976594016820655652899119042225210707392852256222194816124535949
2312441633604317978982317403216223741932564656855395286222509721202980163327785186015894024968536015529653603113523866585
672598919121114469608678453155208129076605596525370238628923524439740101995652031932490319444760352026546893904891253980
2358432398490629892103021580825918259924331913360567827805346971945609737131353637743374636775161695418268170735558442966
2024380498632778360223175491914973656353942597528776650221318970562495083263681733131435165567345266397608029067974920335
691945157626696778696280057178764892808438761224384206203307022845258944451071020833982413846365726972512114069080972915
1781744639762533996677278137844396934505491101514321352487881631759406148310273379426402877107745021911707667164101007147
1600902379705866856394675709820507860566918287736940727784925662913849651128349121194370932958693557725353427174381751255
726868426763985979282858340842106144761905474156704831927219236027243326144804585093731485248274670208681173527690403370
310722938953329989330043815193395348079427451865890462062326629698502792980310757023047448113389164247512417225671201927
1191133381617162696514186941599436601586248687289892336455195733904637512059182577571735897481153340780040035343121434163
1796007762298722344279538268137350399741152925733167701485830209587244773293530870175046914435094637980796683517920432539
759838015894970427794049855665478267975520322672936333064383029140927904650365343908260418949272485541297403773970818001
1070159187976946577241001993720708596483807143154871225492622696722788431371034590162968484108487435099787326657323479063
2429086414826481814447947195884869127597010693930761706502799165443152721018812835453148913115465291419530661339870544442
780507271547001717631394661274307062593510036795244568668834210303622738480362556227159152898920267743032154919828190547
1005767641099503635415459235359215919323433007725560202851645656207954500474885620202367355758095651826300382499306538571
2341754757845287606748737800654071362752688948261986874974879992331656285181320702627182801773336065490763729626580187201
2341148417472014229301407006907788492368470245193494498553876189572079629851200075092942248775042923634197600521824353579
1325705884565501454650335437172580044509587980481499314206568419048499388300020050467724593228037811958670792004003360639
2203533972138855560106124585355459795979694772628586115601710787179637610038606596093014170521720287177468299064179046982
2015745916633776054909802980298312828380837126698812518846082905321227579809091334579017449518737315753336059083750855944
381959813136152857837411472897717677544445595238259133260901788737470946392286995749404017694922586070074716891457746963
1060379021870721405984781014889807137265152377623424403176102476168276475420870352423825056606068903424207647137349131570
2434562116146245598321460697109764009429963385610376079934247925155607413475977422016268404556538617808820734143825886983
819248138153818298527129982743184945573788217902911195903123720942924510310006005194698528694061902635996192029744045405
1999096528079660070065088222931408298921740828449583574987059886555373459576375862275374738710158431169758047816515292072
1375728134357471236131417126551244289882079940410101405225906987243540646143170552837045127352116823111793189311453939563
498579876219533262896952599402343098886119797256536460340849890320038322570906105113456116098697242886984958976943407255
412660244976651076434636680717519203809520156825317212345631356620422361822252708241461335068415141617986513995153853670
2549908152499371781205361970916457947660262112840361320592341664604947339901616595720099192436640777335675039608078536857
1877175787520810953071036444792240484905669608162452476422355913258461865674353090229301038776747145704058463088000756869
1384044415380097708042438394534085371485950534696360624676717613060454665886308208582008717425955396224284237297441737934
334850855027318746373750224994444153026970968079962819707079384493949626405853585198010375184562026823744188371695004514
234681678458461464903642636765823134135040333209547646746124285651000117508584576474424521667782981319515453171920960447
126121093617000667819910498325879172134170990841128969003790038802616914052338513249240742447862810596280988412076054898
105315875628358430176286596980867491856257026668538326647065224376618384482724272328049674383648813262401911016477317645
1598789617611908642121480788151033122849751154267676181408597049245135722986447877003249827307166421437417191212472296619
2460587673018376911365947126584904570070628811511453270177770766799491337038703096914358947074201328800025024329459850815
446175768065749468557158436330948250302787129369853544554202442563579479976241259514231162405088798617628929415822421199
2175661144993298830591252572395758965260236077469391607273475773601023978174084457541587723999310302756801294481852445747
242999645929469099475453466176639833488495551733164257157397215794129894228413000614312451409248612167252707251838753979
299081528590036975185952078160925587659927551725629659111520146601983642973016363545163792649740822789511221596449128041
172338013906696983833510396650285341939637790075778909562915260915750615665917710154210010596697162398201200071817969192
1420190529141215043166787049314721231546306076096701949865533228943207313341852375987048035847089691814904066323765647434
2256959020294979738301731489263642281496435153448635481072984899638719554829917200634214364140948421399697996666284232650
339106779632421089024129798213415958428340407474833512796809004984729049272977765503879959780336178958753544463991460088
1941276448350861583844996654151230158735392769267980919403635593037431822398598940311007480836409183569512447532670068247
1410045018966722369573664430466467529746572335452512409371785365386284301906889714713595968445800986309618914889305882380
2575467590154244542247070860235722250824049830201869284860183824791450090882713195805272029951038231784932086349295440615
1087227681428565341927949906242716543236656768126548408991421490449755818380347748280086023093709001350235768892760045379
1220107179940138228697084309707182325902864715181690655822555130641496011338821808680153005523046303619442430528551253231
1729546694324809511453913949303403176079143045044869532844371912679338842550354845040119871040356602581739079300622401999
1108374851338376526141436472337908763093926609082535599256827925460970170017236545253781376440247602298220956106096723109
1575640757397789052896130141023105977410898876627573280117835303715852189272028807868614548726451431591487121399706654518
103311131228138665874183510328508551865986735012907082629944096548756184080428844744760439745499993186060756514801341820
1693841438437990868066916259237086263316573381999773399891780628971070773872376879212104186432725190181737389682103532860
2037586225450807437747152363502646201210705724695709689561397134933118965647147420435351076026943513507941977505107730398
1745237242109032644592305427731922967941632066953244376712756017460393260300037155988360336914313326335058867043634136519
701975086581309033591775083370040324304232110175719072734902870677665165665963783089965461099777225201492504948083111404
1948769040098549588728618505064303414916333772137852789605530494523568503017638327994181289934950278175696160482409573020
1992817776971181672505414257261011460696681628366216126739772008777931048917152156242670719953119264281923490028442499895
1150561723248555990367231652007800355492451325493421334914967211685068996963168645277730364068305366024813318877820161730
1441988189769148921247585209408879920959650024447599484141715168821051539302595134581821508624623353711161147078628777477
980002164983987577480840514600697660170863917436267698945952164148127341574817595538175321467848868301687303330008584584
1809141029998128205658189115468703710079729567977422259336499384511281444004498714145383995806948839413647590764092960232
254591003995954885960822832298709681473637373825399656119813985641264546335074689652909214546836343990072281562390080393
1412415004533255304163576649214082654076436190754830519600143771220173759242131808374334531707639210746798939429657794225
766912071546738853166964281317911852628137230408820232007681319441418202868708967987756573040032920325943254387016175869
1380297373832230009338044268247123392244726338103185762666802411536085658585361467207755597947757315735942113415623407850
1273470831757714244079879129825505627287961341557067402555422407148987268703991074406198867720046815125865476328394775457
515989196121769133069144446824535559751683363216735694173464205074771040129787737622908898217030058092593455551604937148
928518219866601425571728263552835654476120509724026911914124190374322986007668298871251558675185450753705579085494611680
564148442224632766089039373194144188755213096151747031979981159413058547437655196358146252343199173580272776065360538184
780454520662083791312370400617990906223262955858167111304381905984897962912287715072953460896405851212296129520755384064
1661489252139068869152900134005764630302631077578299515138086097838413768724939184644339276579759317099338086719053379021
2582194211317113761312310008296510770415161651889804876928896552710953166922195373181327173722089573687443935335980703940
423420399393969506795970023583528256965501188170346386182147065807195724775994182021748556158870445733852119011000915844
2071856497343945446158562042220403279545598096915255648830887575660636916730545402273606599188603186607207155856564141852
1087565529017732105802949612696811346559402041971985541248166738461317409453941546093947191792025705884902204409535668281
473516933861146201868546711599237342611792495888439316381357522210531175346886381415627788316153274650022715351281237960
290720398790752512687087472204027331317092689906774435344663285463799432060313759764219726233913233237527821947305265496
886949571125880800463654121882832217762863155754449361068932449464827637827654797016573327431102452861907500927662754296
250029036033118341649702270126077593116571767822460038094251758745550511996998729368142733761690268522021230899580768366
1790752036096233931056142518543500848483896512237978598877452456596102059719851682734378208609841837960104341543886984810
481138047312270009074942572865808364266038158827518825249802601556057966352294328575593921762048156089174339631172464787
2443986429481221480234358255140474089800250206753952790956700408457666199149303805654021758731045227693570747555888361932
1321805374166670298778048292196581020931853534084211803820112509076978614271603859309911665837164673871947249231953833335
2576971107282370877756122233366289315499347544488124403450999171551045026228282093698766113612644619040704657413064444899
1015075329349758661653631368208089344261353231614211589834157100465403378192213839606746191246092545018829448306785856335
2442276237889371029198877562578233963528837567063267731468816397418010019957928486219462107718130539421237624648425598255
2562064181935182869536985962864645963402322932137175762003844829873467495172921703438733619429646870815605822925356235821
464980493904905126972044428582188087156105028687348280257628698710703423779450945666914983691894148201154374246953438187
30612000127847183846926167899860667245883367978249496373029625022318098113337869815223489347940360971995808648990384071
1448223770878869822666631322567061253459911840245298759965540721772104538962606971670047083870950747443714050071343251491
807276094984889323991955825690628019265688276401320257426879163068586061190350691175226963319863536180456836351230539051
105731320219427607429131537192406567839981173259320223988570015722077123177311977205280077820733273981383276081598094473
2476862738980143693634108666617652482873542987880918603863479676722447338665591178098271841836382910901225912345904154267
1772895131172851730265833762593732509186161207090783529856801913659254949531086341346707642352880714273173360392293215545
1450930681174315023510038866854058437885384637010646098267948794317771577920487090347037644209053568554183852442050075353
1278493535903103908194423436629718121373768533324854677035293946554766194825265737610390911402673477414066918266699126669
2364062024732712657230458382094668208325689695708543040362241651533583356789018091922210027016753876457246182161671107911
205541071558411692446183041390895770712686075764412597863220307029646936614201091507547346381342796626000292312208503399
2023737063599542532225064874128872487220515592923039940895091196801668849399573304041951910252934085847135225019909922155
1632971126310427128080615963395931835150563549193525988661838867843206549912887423881474780755400982768809801881968117177
1365711471198698923065610674582101132256977706808188582711407500224568268705503745313468017920220907377856533568419534382
298371294936117257420004716415529628630019926700957065128481627503067930658386122283253414904953077060202040025802458594
1002480731711624052254112144042801294122591954846870423311278012609525665185947136198111521929360224020991820354467479122
1004540171854299756926964296621208933103416670039966101899309353472444076425905939625105710137013055335267091877193604593
447590208601959737647968312721014097943123996004329054176597853129118277723175127529869986225611904533114058675320561591
654249956682815754408796251645510375080522216958573923559083589230599314065372866508334588829502392704897648025374288610
1856037733817511606531174990562025967336278412086247279358530171036488655148086386130982742902860078222884476094257919303
848668092488015416316492984192350407478094924284894253014775529226361100900952694453431400949357069279394102394555782533
1317341394683798390600602372659642003521679742861598319560046013136041752590872807293971645954922695044979807561278154247
2381369226974766897756097326576995981715821980285452540352098283550193778092265147937424502107132914384015184822361774222
104553331839239777776383793977291378233075303070823958749471778301767695856297290659352902272470494172547734610706286044
1229747000453991369366954624368659804788047525441186770539963587403807364918615855635396280648178835616819622457783607851
2176893376235363231112064941361595504561236437342024587679882664609284037400402488539481608934388164408299168666619271105
1049852504653138112570293101155470155037378915008964352745825724232916954603426385862726836400618951407584392789392506263
2303595513483154196900488433180922630985835028556450787817973775451686706322472042417953331551008816936754488777214686241
2248690860246195653983712390121829366255432430044328238878754960063843698588390024174780198124770417446962704690552466294
256389064452423929869922107555791375111961337184414604387390968866498403182309181277171195733366168070401174359310153173
1710422837226618032278643465641785441320935222391799001037709335470290968576033412541251087128431293658989989818364826586
104499494608010007449518897641183690956458918163406102497587381437923189952398402802633612412334608664398719748678896038
678132589013905994046744557360924793931567378849494078581463251025326575938832988914354230052037899698402385624582372987
20495594726953086975704204519855771072016478295201515617735550357276226209063904259987156289969648297404617279946144077
1050362744784444558165814610261648730283847770794315948356665775885097376876756409089377372818180214648931577057656132465
789250407230662046640450209239391973377912002177213005247204380252365558275526226207706994621939958644118838265957768825
1023034835638454701826165792849588727690050656327157842039085565929979411304443140695731862684196743460346921689763456342
1342559663424191025534961504022879582851017912266657380452470439431142133468101700088570813028286714711055695149435364613
958364294896760999110457472665191252288357685176483148010903799802651736842674555505735551335788264121529955006208853264
955508873582941415579899939410764320376324545796251594962062502691575811070457279494107597248317115232995969378105141255
1086631854148923144238689046281870667195038365477952566072787921337014898436528254284017328047933034104152835540239804949
2225217651221471875213289083966462029869891872019278400149697535748887429737010594015109670584501416303377911028461877400
1745868179607298270672759374112567046083847807825473961646494557723533940040066068939873499987161436510281512639490313763
2177157337355207701276746891879823134137385880399217262481134401096808923312792605286741781436887431201549683860492706122
928042029418720415192994375677920561074579776269283306321166292763673471409853601883206396785108705026544427607435794302
2392563420698920429707957656082665641431917391372957695357403491882633785759109447731695406086304907052377790203345689611
2490120523049668923531430220359987017048092848684301169658723353597041921007528599237738420725861879410138387246017972246
2062828822493380481358528688506501563052230121206107849653946228118156191177947696848146893934354536383712396300891610629
977585781409078494914804426469509321584182674704530653607997501033588419227802416240029928532360426886232165021440655481
139927644442737214430011965840277895845404220831277113912307034788388536620228361851889029495556014213657838424664925825
1915256273118584164753285697377938051558610714287763268725851903760539157806094428641787431883063628461996260822305136366
1861355789243468817729255845489494471052085648685805261836918788375797175225928074327752136235023965800230119786206424937
395454027746722243185655757159284676506992514454418372018115834277440008207719149785172611747619772447789889102280424551
879785314225098395113380366536257654348943596254705354316657891821055368110741271847539688535464073263564874140134528094
1904661797724756889968920793222043970745295223762007543778548409259977301908862111945522384595557833716644510967588692652
53290955034876964662344547857588512299218189184784816794238691955594663588539739047490080300979413942547493842279940347
2327101905138985422328480166525923077913005318095801854099241765918012081023366343196548200206578430128872893389002169080
1032730548223936737083296584118068040855530799528317217500632241890567837458403956904459115954086634816753616963517206664
476185414680029027515509687732193417919286154449581385268187439655267419515558799259540806950536223645544921849678149873
2049831284738191524901432615331626581208781395625167425938262441409199961769890049246695540517634501558294922486960252976
503271230955717185353671981063240865023744910526185708760957685488215469087731009749051776526824208196378899097365696150
733316199980379616324192892872947563976298092681327839412199611513409977105171997956557048279171403646334919713976367623
2067276131882624307365349705306512168479052588647756312375368194130981752518966275435068123193592427791009585257518879014
1400132905341867670374339015404317510407969474368299347211703844013892019254407449937349310870645655151275276800034081832
2386367901376858775655598305899490359930844560362897461150100880891988746784183269970463050420134192997529953939319441599
855967052762866157911912417666742645186490011374464491780849452320390479846381899321375502319930746465816423953196304087
804955440819146124306748808889118785701515890426381826181170867333652898301723426077438247167587099589330544124672515383
2026474933426316670695040918714842064163367465924640061393721467439268727752264900319436864748702148692132947871977025243
1819527578292216025472339524680832247904871391493304882050489612272720306019602745066799110074142950560497504337640889485
1178080062716742386993623627676709669614226287047710667027782180146887562199935645718097821488377202355514522761244663640
2363626620624426481723679784682140212435740043091344002575174413986934990212214684534307096127994398811949080108160485135
872463224158214802818834585925539355064717341824607959843911493562085049820551324631141507058544861971595176597262029972
168640722136826706351853390300798430533165492895115746919411299093567531439288240957068225450636557653071545076660875679
49922301943491433598467785663170497896359973907282669032165844238578086255347515328444920333790757147481751966629910290
17318791874573111821290603477266498127242857329468085483480114342714471545577860916357408562890213257337916442321024583
765671476750443578872732933468206732121094152816823165354043382379449020519954918700720588627352109791367899601793936199
2557563085360443879652779272520943504080580250121629615481752025268759223584002603210598049697909260291931390314967933850
1636099950147939932442176266506390271438984577984344918496337051111828660232219908291724562650688387088538955403413974839
1019504838748177896151580951296811412922736064035634776094319830397537954924384370695519740288348701658500659310377586526
1815171850043332767004396729890379260587493852337602734749103983058909731094206451847184229952819115983866165414920522649
1457015537294295221800793558640242884394319950495276283245093613780327693366426516924849099610160540641194898512193052375
44988440066147937204419553578980382433783588425817123677129384603517455369840439484664909530381150066945924608255280653
153753957727828950468637636673026316374982895555587609571301098012498311701520629016485106612209872360039971849599936920
2073299132245570185152885845155392176324295992376234112791402111045740888722777499380881140578715436439351781012628413595
269511529359509577246759917584453315356081833215707670549713716451307211624596808837567738358892247770990202727784583612
322408829266952782909834637857766835194476419027224824568669945309183663256764273418619677514305833227642810524417600816
1147865491086114292036151240327177658343667337106022863803792987706499038222384687785200487933592496523419287137255569980
928691116725429193178477728140384343269601105659895691086000975979943678040746466384457433524197241465601147961753419630
1927051295248892360617225747094701060515834220152361522314852643354525681901566863312340307574822264441567296108791161860
1008344208639429812137982114902267447982712487623595518305634378192088954690581226743644451930016696638347239839197631995
2199928878504850743803452865222448748902701916916050676087383363445822323714283865465662805279654100679813247261159637089
1745692758457869036070074976259931526351910010563613265639912405866279667714324066884448818094255632826131332252248002436
230624015306123311278783723198341384343913861007033888493206307596605794051157094980100571574311377573884943697028616518
974465056517786925556030131544534655902510096444492352042998620170738797667344383203351207489631139142376694211881948816
2573070315873781603788985617869465787973639942603744537888387140350334338529258194252360906837822262387091410486550583727
2394805655130351328200612665688914646016341937593079054207255168170525630795510445974194656733039488154888389345314527539
2345040792341171429280455529801032001001982622420642176172437344159066839861781773215852669924346999825080670516145232417
2412172696804154531932280773001009284610490698854210814676349698446409618269218350860814409403875762473799048896475339037
492266418048469164037468564613763128113218138194518673474474053797297703231468095284373183103851418035214977566265210042
423508031269471320095733572040278913399280180596734299607998097850774639806697471596285397655838977529235090236426637971
380335126707483746430631425445549737704119080835944879474126406835206174748877153012931049099972969249238180746397852330
1576193014206399446331286484981642742767407110640941877415839220276464130129052981277936466948080188342006878263909720121
1815966294258450900887859780271448870965671677130984876170144141337496908418634715700112460350067907077910215540561195476
991019799831286112622629645065230084683377787503326323035380952034228962526669141073280394975096401815055980933841916673
27103990376182202790704702195536502174462605654209033756318961131251567099778067556426748322610915260046098142150423361
1888327117652816198314610137448838721982069542319390250557556414614577054824592371892003973240902530395204266026586220050
1980602326274380149879357134998551935277745350573883749004250668576455582258914887232132050484166942134365828745861629659
1418836587986489996963480571762659088285435268696810511794361885813917134642955959648472535694682508872564144653621540124
2420656249252984169811979701968537800666430460754521080746936908690894379090200126390540479434279976492763275200737043784
2398709822566240978854734691582799915871123215467664522739608286086941867349089621108935129751535526884314874719609674445
1450836585246349433161705742557858538932319776100860338732279545382506205107493806984876705282166621388506264333285122537
1158138030924161201092389277870684272419434827276552668228005501355698379577640618621660523148374008791535160023246090859
2444798792632960128095360709710831898103048587080369550031953719428307670014964241115846449712082782101144171249531952884
1976882556201641397081115683956414912984175106066063306292422123334070575457834573500182885072355299818647852093763778364
2486086011320026049162447184014862044155204724135278976892546359776428103132571219202436740864217589427802317021144808179
159617238686727019010089273325942486869213641456835794933754038700839244192942588979088367626387062459136822902655065357
388954423340669162089493125252021738746293956728598294673884037113518998943646819081292521201005215922648413423202002072
2086283950387646278491625963493453764046472083646536362328454933719202442972602651531341384982542764990154768293914513004
556938839788016346440752699818171170606877329838439381708201084518419633323506013181306768103608434933970397638597310315
1799097959261296475969967655964894043722905455543139116316996726778591628962163592603838557929028939995648999466879866375
982446648709418345942130174992007382705434946615048046506499094740135570066737251696670537542898106350212581495780665092
2492605913097234563142826427102730857437214445904683215810772047976047084290054522693668394883683004906723590785330289678
838401099502310700905900341052256272978926737422583694184370381088694533878677424211430346990401158956938164150000057652
477193848186823275321667033608751215844977522701401644596736004318386353592836017001718484507378746329196007958552506143
815206255024912957280128775490442557086459977426299124755700713613464635812023075818941299009216719473400763751919082848
1514644171571953256124474997813886543125196770044969427336507082720261005955247458151965421281679847086682951900990947384
518946375393232196439056188533725593851553518278844302594439799160992033363250243970594843565570691381715398966234241982
2271319965541382138609350360672984404348247329505667997455196169750314741068825794529683154536177191421256441387597442035
1935612667810427049459595496024892263387981725188554009728524235782797145632983927440961898833689470652539482344669117577
1913392200846280402718966940332179457197991068233535708492504804521265897135264399965252195569284279856370073648337230973
1389065448534569393304693897204716431295638536045076891258107486410807961531180433370114644609254819970566988939533542788
559438592302950283679598537010477877571528688359108242032879098751115929462635748658482792468472740350036469947177391175
901824088134770034230001504750161066555968946813224332047848884156183123366571428003472070951780600942594352347726490502
639463029184027923897331958228390219314522908263449850499329268086167996281727933561789443536081109022722420965574534440
1206272662076489650318857102880500288457451397507891126194446406894799947623587667407137396250774223225011581437589139435
1276837159048270707867414659465227344602906436040510075459888728968528473461065703227198399422425222120503334615009742825
2345805232698307034425132696450603981697365005769058490588375683387679532462618229661189666472875068280351434338805632301
2089922957775362608685100318520983163902555386635220953184882623055524959322685583573955477883864287019712796016776027994
568134138564049178825096737149756674602737712997936669038674304939984588407515172570843142653769081236922135290745175907
284669609165388987469802345101191526831896864536659718727828219710230295266286521179633593042142780179922346433712260285
2213218159002552886853635096790607279222059933428811200063330501474732336389691572016807023571076193611592105150358912198
989813404365144060242135950863798537615000608284827271998175870793957905333100514629240150755714661059387525169349138235
1593077235862030052011039895408019388117526889019225235059740751282386179022127163615564732226536517482737798975079697594
1159350077434392566825668725307447887833019746771876566987665572647977736795972935444716842783830126287284032645226275826
26277614948595733687923537348027914197096346982783814716582223572107498307803897247707715279807234866146271450861399676
1461446559128504133548735793546934605780609359283758156849590550960428914138171998272450183847248637757434419545345073699
1477926962986773851169477461290341892190577290255309958957117103031758717713552398870340879846108577916529368059579285416
2150636591103700031515857973958845690658145078868907936102718829714588442617715994122426995747670217679622452183012429806
2436374511951019701131493529557949942648005865511797399828585082732986119566592515878731005660209899674493819350239066859
1871749112062059115441864315030360637802683474825094388448734698057050027264109688276896831585895718060374970912057614121
1043891861012025394825803139462275542671151673745974127161207805867152879390300198367986173763201033111411006681007657288
950886939264887973109216161649596070268770250782582574505404342712581984164692150383494285661926169202928521388079113570
162118604922503087228579052473361830242941137191114462672674816343684077875202685633345084727033159088646373146401686359
1498170120906481695083299414855955649335168211326817577770331754169255773909248482801284167729969083587884892246701471065
2563021336207526338188080401133100895185793676257169747510852245950776721230231711146121924267415007992275402683640601674
1292960572904905375528167545505701801383281350972739827387666334899882887264773662009145650373356544595892819486600671980
2177436445982911468403618864230745615165177994046443390666489260991264994252480864526136160584076367960219090588076616975
585115032861975139995938573053381644583205167026072156198925867954302272326268313950612659699849349015295515775992754417
64234755237919208790815426217595967837404029133254490717860537354019912583017169308944904956187602383913162934619790912
1055645210947333633672741671015229950093682112988661188885062790172913697912119977947523736047638197085996570994002103796
1516063901280282514776122423669829476900972906446749028697941201177173145924443977044409811060130368587500460168463916044
1923200592013079477618177352327811910343226515468586376984746900860778215095722035200842903115766635602443231578663053760
1719355343346273415536646210605699243171288262304476614894620510458819340419570777822761665921015499600712270266672028939
2539598657195258209850845595192388760290292657897466063343383901610619134246943219161700777037618110025986108103177800987
1098260906376328630466183754420772390479111342627613546161821793313984799564245167796232594753464464010041981007732567814
387701710696338388228972480667751762620371639796393072435556695040756028013418915536057157244566060412689987599367815207
1997817723169796823188708116933474059336476888482700424906195721639338181450699645473297348544204018452078345224324373435
2338930553564312900213488827698627267297892935229661827811868502872349632412660636781640382629596536508002269545221273735
2201590560841849635017243070261602197868094500837019508540220804970496819001933458398294865266417446114866338718644982914
889275764955739844906474003958131355982965954548672296547496933063888482316435359883294871922685502487834547467142782072
377276566453333301193983758388791050104153703051282960808430374921195338912353334605760363815926328091018605093715333238
491261005119878849113734325016093490885982503563695917624708472089855986788647108344451254846322422524893175911663710746
809959473408990331261989761073520684007600711644741215847365822846133240173217683900704445931451391503593770014741497440
2526042600603261474612090425954127480789928450931860875687825034551139095898599725297169563091176903316564055741511620435
1585480918619453769213963317762402993024229743832316309408203630614196718704827214523674916595427803964059566097526302955
960336675892726496559605757798816333204395592854318304247110253967934210039700898643311805122718741726758055839948542164
1064553361998265676598829996779233308725427767415955086216945335906659276358815485282042211034108225302624347883317587157
572301959484748357357613308527007709114599068636547992450451883417685405343669074777004923906210599209261885884457547371
542967741970061808841737491850804772896325904212545520775501310551271827883834664597831821904167153874125023165058381831
1147194660433671329236519747098677022110569462250815351314287523417520206339269209238248556369707990862260000329026772107
2325419268011178720118453245182820576362193229982632977368429870962371373581922576248754827584126806100572786962986875506
1872920295160888436321400281117687449788179001034797644339487249368491731905355771377909608529354545899642221461746574226
1484280616830854821558797200049254984811356617670724930780257088389618626083631544327892698498019779927338800757866353678
931758360395393895166984523324692395950794581063453672954505642587427655063480561648540791020186964591984698989637700841
1694622473965358348178842345665299297857907861804696970907938875779678728516687821978044378011408197176310084380447880733
748367628953874625059604211739452354413031140062189667665541838415213592175423044942862807719010166171550317984733844013
478685840006886490015506789060350531533530095979297862483943369254322906047009187716238823091432869839320956439960237107
2313106426663813370931556195003098760452399286894296597528854298290112617585845963454333077576318336216535538059720856840
1309385583379641952804470734919144757478938477886144271727468911367065338065669210394675594214473747331196569252086945326
2108478212872963437924987198555249821685071665727605929303145086979122471597787708757711859262086296147999663019764559207
1156653303296676861526049361244783943315018870135108543048112120632337041239043824897082756761516237838725519449248764619
712602118849206591356886288297616890707445333813093028450312366430629432768354101871273880581277800538560741157884369146
2021411809137478922588931747337220338681729656827741067372948687784562230428911066413698484697574057036439034339557570159
196775004386315484284002556186720753631595537088832130838374743709868020090963327421447644317100848353582539752107256396
1461141750451633771156987888584991654938524333527076703270011563663440301633820176259989638369702058126562267896465876234
1578850805927508431703584674714028938643428239948516813842185125589801142444955955466216668927404266472081487361127642607
1881593211092489534860087596993262979570782277043127104242153451251707561883181586596985856043797117418762470429648623023
360147867408131904511519532240948089093382690284460645944094342707432847934204459903459559583140684005366267693590218082
2023859002420083604336133936580869943710067219842706438326733089996681331983224546410170720575696656867136051026011328761
1662965036571725636478178077325754913747966254244123671440263386677360230737211831883457434078628990390039589090621493079
2215675444651700226255556924788953257399226152666291627202962268301798407284444007088320825202427591591144382465281269420
2238845980587821281855473847091390863581019114517726024103297347767236775210470597108760749268187858328495090923841292420
1259495852342168773699752742980621308865289463724514688540760289128624640931017772592274886437991284409998512489517591896
649615387302138933376961983280036052090334478809578900115936753913914172738135006386050673054516537813786453643183805830
2562357867253894897991864824932035646896316416198126332854100164929410083171366914098010470464920230323614604944107132259
1481796662641768664549147988254258438976022576340896605520428313647904626392881691823842060550159513691906039740507797361
2000206598440687856800405605386765676299193130450413678418882581632547942905910122668129717077864867201557404763941452491
478033294645144370242916736334025936080781728103635969095325542370887370975536285867350897468469863227412247176076295069
2351920008178990861109935191897410891676899594906016927870566443124455974654002526203655573225368549238106051113862035339
2011949682289795747867479010196167728770116654918933755182895887708642644005944596173985677876874469326331485858559259545
819883807178794863464574780697872552992159546189859627908108720244591474690047624060551614402047078329406242110930230026
1692162382483605281481377987665895744594945673099936228735307816418927216980500269346853099764093087831500966076969369285
615905548989942100627364696514308283152555823375528574583440992793928954635446536637290084784449639237978511591337387709
886724745697538994704520984306710345972181052984753711699229585600463275887408128963924445162307188586958594112488938260
1961144302638566105193792112821747456488095496640899091509856965536987692604431143671622236448408610299537241740838601231
1475426562416179573850944870576750676549893355429822667241109151422669902728590563080273120993855040386770007391090283175
1112214864425847336659366780749235132108850168884248955008541630288798019804276617268050153190142784136115826411043040936
1227331851807611918381854411653249983836275554246517006186503464196879408372886307199506208232151548683091917233315479920
2045101636228871791589572004855017813175450881378111085508598526583068952325052451741552108876313524501997548759723450073
387948103094885255625244374783689006272589101958342034263336321106126806294379538637505175480809640823070966997357668496
167665437495532220624176702182466507050980467632106173856997434287091831214608027774268276064519173711786072071496684117
739369384437188153015062166801700178681888153091218308949190416124886434499224688519387901102907663974473718348507083152
200152197591738503884051031299148363980952713841678768249592280073647186888192322528990342938740914136683958335974914161
37473390852234929923500994333609739781191254256066057390004280924212916965296329511540223462913973613349360013474244077
1515572912365959440703137296572921091628236902428915029162205633853635238250482174071444446313629755344475397813001564854
2413443695468978812485548405539296971474651447978430701930916044229018191636304740348095136868082424588790815776225730590
1393538087956247418979260867931211585198068642154284059187881326885534043623244950771671034707526349189738727981276952966
78043687493785614447767173830876531106185712274597537519322853191519909799736781178280611251819853598120258922224343990
1254908232101844243155763247218713245987371705426606428041048554777224779831344384580537024585360785435284202292076200119
1445739837771008563632625972357115380664200073616358784862965107441980816699371392033954658682859967920906658070425791210
1700299352946244484483643728314027990315377346613551342165882855752901083145555116616524240780526169643478466163901808320
1273365728503858663755075474644638918029544628491761466644649050171223950684623471611494787499032064622894379884894515673
909185786092317534707009555879817720437856795088683375831530809745748611917523748482529775986222210376317343285937876615
421070334848586479372204534889848260672295202157034928621657871230278344862075517713816298059705235688833533713797721593
1302715176535005081040594509265454185641571220547809051177072667194447055543760253598954419437544298499360283092671307330
951119422762324146783741024433579335515393729990079618528537460715301912895618682718947669212354457177023474788018699785
730790802442691323599173763051171794632244326760495838435109814439114222456049491660190490543960583199276507525299000850
345751416272763750890458784556928649020151445932418415521719990963773791124123215318991836529408205674718792762332836364
1177512971750721445422098205970097386916916723539720639642875126062627935203771708078390420758012277669981571986502814800
714126139284160295938853715520878652362377307212095597350130117347806188773639509111918032247505439019504153689963064728
1905633955272239184378645841450313463990205233063333551266502658932945342980472994268037736115762125194486491237294354750
1187541147464257807982998240688035468830981718375298823625871229982550404384800481077226955105876603709389012875140913173
1746974398153749634240331946174685731099557646350957883810556549702703900319033903692319083282654341973735743388876218641
718669660716959084357042528940767849926801505328251408904321632456026155698199767543968944345457835731826808761308184186
1205089109713518790580505303763437053282862692558879649612801057609128858326846515664313665954420724449636547498216795445
1170912065089956301112081675062595926986580800999102344276952824737171325134121399657157462820448259881873943754506849805
559037101145868261316489268521839258057226827237163466038455346702482859856484846138003424018065769030393444248503317893
1022152321921591800654347912905271701090172288684602114155391908973265796945949645545098897874833320833477693644010801336
478935983882557861328913356475074811801878289034822075033540119231656809696488139784517712664731758863740742874606909774
