3600
~
500
~
2
~
2868238482844372100344833169294354304582063414384685170539608646984251178957303199223836041771389530668474766318403884113346774385191758377952203776289
2871755097234113038804941469183961910014714430469076149572265991807411874564020364034173284421259676893244124101044265830554891487158997620346443308051
1686871618034892505860405851876473754096255395619729308554278265755117821065449276203851473218845758347256639249238253455851945712963856139353714693246
1585487409207144970763808507422664055385716353692480822653536693960385317644489269427298518703745567171342776149764323568475277567747757505461613866302
626318703966610301870685963386229271959078442184926097603975277117206063514563888109499633702527689496062456565778036634260242732603805982359932315949
311403834169169436212475673378237844830625721374990707084413764790048294778905313872771043027551741745580947690517815988077538583224702956155434844040
2272612557529465060509513568676186277299604268932186224567894357807548991811362179612356906934024773265714311189956638387690589538728300494818051828001
2761831905997930112090167224170313690299962961942954427849875203590722086758059000789167073617864964074675880248194153409152547949104050630364379682700
1250702069200908168161051986612012145420017033299168700001985920987904164555111988153171135891287499131326744226915652032027142932052914629633936432281
2804084713961655726895579808490104452033788549951555628459402304441705026595115306139911947892598502070659360302946504679382429264526628835901271935855
2784780756461991101588482598555148405199408337633294818800711055161544595108833151120372109397616850084087689758737154127075174128179138594337410333384
1982095025856841097472650199933601478622079851162048724201350635473011465748399928495280800336119304077141201633017934263049897870268386591378262456639
235536838675407556518646915079376742059051966640982099766390567173011093966976098253045169069571935301877777709287113683126442425802801724087380895185
1706734693090739566827475530510676348463758924087156386974226935585237692240561128757723524243140815621717894758602225909952852255396888271176273929669
1366704385076612257893227040325460781296780388321927376099545576598926205178126091833730911600821972300489772608437246086386079555806070307120234346139
609542908766344521478559307356051298402281217387150448796923104309108592398603860797781772959906985967254691968622105676926379606409794637630936293931
3075954668057401817817389221855590387218558885775160598757210166426379928010785382577343852039168145162758008152595120966396672427774923727404114866604
1054980169911696847568031490760910773567096048965775842253892661883642367449381610132946536356739563375016060429923023176794989301651476641231143580767
3252607592390879702737670540713079287295978413046749603909500641868009625816347771139733049584200831041050329835453761262751611388509710049957273060410
347690233658674412649216956655298402178803415767820988771507649498404674313775353465142975913866181743210353793232810173940049080011497163783404760551
2712821083566111480101268784550689786889552060962298896694094484676396383473154394008781943510216407054291620924697978942506420541113002434571507079497
3017301876367160821528146056776365891796712130300465912398637826074990568977591448819790037848568036506165579145921182874096327793922919903591943353163
2044880365956430556969217411184843019025069032223704978834102923683323113108288510954720914637271236856571767324891975917864574872096640497765200768335
2352121864772937174964485713021778922557738985712525598077928329528499395256756015672429139619618412862529306881458623359399940366062651288070855544728
3046949586189446121548739981199299306480281127659752827297382544232502338587221039782846708953919157742212884398769677359565854511975058153978052906579
3080708569760262951569842014165009490698329117016407508291689720882971915384285006496211351823070586708341862493638060980501720386803821799502138828315
2405189463145887271069135952127960829844748496762164984258880891162730858057959611513090061136354902005354149273605485118769389899077075082822464379777
2941881959960288058200868476155764649596961157349462827457938808679731960995322343603163920532054277199345639785300474506251662954869276449901161451790
1261393698109041331416381414934798718759380991594152982177267764936088838688993867312485988696313279786290814289804882287653246140221564742114881345565
3106932527010512311596957335837575481376505024007058801497336878932665620071666623760433169266112714119890767623122126152201995605161061983856450336813
3122818565305195037320763532857768485819938660797400004355918855124757127390466641143902339915583317499917598041711663957524893036849286840129862139007
1848062508761488291814199575753984065763876564809564829935453297396580658955229532380631023010028610660094181315530544831523616066615390617580944835211
381061607078075696962690638429109458954958338594129342780780848095589543095392067345635987159639210411793621582482105861499149381967969381794881372190
2722399823369693752395686149979891485387234057232756400602541435236706958843468779714752479746746402332559604109762527410158376138825009632974986142318
99123755913351766903323688576592198967764420566303335641057618997714953133903961701975500576667742129688628652916231318443466449295676744965561733493
3109805053622420904015476141638047609378345465987974919602437870653313559204970713183958832803499481162466528475832490011013662150083598435538790878452
1026807027646347245961123019053326083503331650126300725733394118726328496737148485461788893850017584126229287924948293172886334196479070363485925001387
1404746052024972197422024540337142820687197851903179714886788145927941142067885011493144942876273683123276751587486073220905486924857690203567493748040
2113471849765806365117674039924063166686075456205128397646713405852291242029443443864586543617149528797247171238131819428594550527638829034266751913337
3188881110059961863415128878077236234508209542265245481499590168844425110750800190001071517315492498908808468339528879252729359837253602846720469402457
1433919427934798777413942055140378637911188684282912336941000486561601904824636976577165707679430866973494226088849570039361631191225177346654311685283
2816173649433882042753780521747865770871766848633870663610202226891260917680335602611375117523299162285932175144549055482704688459594512669289594214992
3168683420085949774021372289097099223174078772278798627868101850236386135736095858718710142782641447263258443368431525608357088334011349621703990198290
2032489838878946739737258105311372691481217612635470295844250338888354399176501078500755469691189568681984555007043961000399165602311758140760909007352
2414892823568606453904994439398220439100834900136410266556993781221124111449208320755627817728846071979523443401195128922840784420262738631491452059119
2733420010530580080110314576894348168855578860764491825518096262437857793743907881468528332729933643078677501256347447023007835900500331748206963062976
2747439446055892415496270408545785094678837031673707171566686171670035707987422307081695119502498206188341314543642513444157178749888008788108290023513
46321112814959549135958388246234305216534529630043618910935768983438015633617888894029949049263942110243956107440634320048204252263795425123804715437
2272065035015336857445917743877136605186186015170378042641897966788715560879633786025405097609269423486096677591827219536244076859702050205261501994862
2172457366044920248162338206324651419442911414871159537914562314769929023929990109869473910013574951059374556105582967288312254407167257235806299332993
310496897152800466612017935801865190643555268247270121808901590997279415829956130592164091610640528524781055900428641635254639846764316886436086783536
2805028247441310033062711591525184858500745825882486593869084651272535453178321020743035944624554832228342310299501820845786686595194785047945969671931
1882090297660699388240695413632907678257806793428066091673393966586931065691076712783272209181058695490344841883977400538599042877861746094575303759850
437085387360100511026404564707551789294352908147299891739756540841743136663468755342342125817900691317178277656714298606671210618645106344502251083936
966802688130446275359976047725253880893941459445137935835194972037072839939942980813038475632197744047485223224380079300483997334978282095294393424100
2935776563887402989022758414885580938190764266677984142243797952194265661940783354400366936718784966355865593531392340602625955886346957178420073002595
1399394610521920815347950795217924933561647822446420804971245409329581668327883993324249490764643371438709107290753424109242713237156322495392786037879
1828443655456931162174588905451386797952650630232555398254800716597912382030627079947173815010056594812588529832476117222506860319482802167796696078764
838180080408312138488065064542240711619589256929518463808381925655602498823464924609063077958627059367429267180169318513335702244508324431359230122510
2541086714631433818631954386452889123417789807185761070206549210833554138877206697723029512210749623563715108166614788595186195499710669758115498701277
1064547024321980590035029280174522408153994437379594797673868855334458061582570523383270032938350867035351284353506289366890223281305758581134918058913
3030804742735546073865053346945800096272985201720943541993030589992101871626617065355734417640253689839586208387918579162532491037317158826535743079212
2518071329147887109606795645534065069210023497899868143120275769209756766441388001720088058533696569560300292650568035320024509970683385432972922302427
1554527580214530825464626189530928444699424411475064940066932388014965301146131811925562806783761245434374045053608117496320073821986857166547908923030
2815093850090063714499310729596691270700175021316582793447622904410850426860130502411434440484786724656151677074046796942945894764232959733219395071149
2167802875630386851709874458306637889658071897941260476316540219560918363683872820235653101046136019949243235616294843607447340952626906652850294284459
1718143489111666705940936801635061171944804071850705570963546887414431785881734955604626488326107719837299296650626784670844616419489095723157810359234
1979173615773430874829755535279956437693362596739941701671803400943781377488787703654451309203297063236403312691004010622849037537985615119180910768789
1707834641379554032164010605905963036710232618011780067443780614249489656450384415276805041140376022628541934659265820050674790973686464368269853426961
2883322173303387120665277814746498319574691159698124196924362494388619439483079544966849441026519341301618535983384806548015579812261963560710250499797
850338120689867822128429999319851532943462119759090843906609157927418779554617689286779025930595886672723288013290120335893558536005471260784852431743
141680851706791556326402232558239031107829060889563254420372443694618137166599776972226761962068884492491734356785656509123917143282433954969526043214
3104941854987796659793047276946874619121249999719395781148918911683878159882155897500087556140804757176156327344443864260101767829917276032950896967853
2590955244953019741302423346545321569689675659143562103825468619917461296849141603159021200609686195116343903156164539618656040788629188949517457516618
2560962742463174610332652492048800033877015084251159310452825055786600994027698808488585668378465696630281949679206515224354751288533685077259506586912
1887334985639263472118990839918569587809332472180364536688145774631326664241566866896531311997543917838083268759362626819662623015359713113797362321271
2614716103523694620096616637502149026309738480802834982860661839018949083983083958144006552191420244294199622022139266493168390265557083700823359935190
643324105726555857277567042978160978943566133564408649499329313494156979306192741421795754300185765007036528973293171050371038043984143338621253996164
2682459127316658284331958183811558139821217111289054194289600067558904505862389931300037267324858816825351391128642574367755760220310375255671921227926
261117062397286756958242992536899577561565125224120174769210125571010449382616236759832226138837063145635871462815400255276851625820856220657046998839
1439810322203685854732557268389683178124622522226650441880194551637681570573517845792061853808374835339646024257596181872976081532891794000720770551186
80624677350191851508427876641402242358837636899334117544855871526036540610144282891841339911080268246977839643476141999142643813728923695063113896315
2975068256184917119158298202205006723959716918372323411861667147336958308704208954960289563940902191864624334621552671735877000793125437850680778075688
222891777193532901188638698327261974063818904622132637826115229281872339981742342421365570436550367471598539975903434176238446407013572046841672992052
2562673189991331648507143155828046385443758001640142046955262197049166349211305123394073123515681265062170167278583079808918574262121534346935238798867
549947360352572962306577892737657549595618008258465281211757784761754321758234502577531290536354972467384942353482942162263382393019155662460233095846
740329470026147849295405646976556276419309354784836557038216361597648167193088436147141751444357352297620946672670512656356548243567584091597407225648
545903266332527499972476988889235210057894205425728475653593824891660388011251285852586378325593447375630732512834994388959136610277292856782170686385
1885536797654819438460950910365057527582813352969738835138639965477902081997196791304140859489689666311414531573676360545349375838280809867312082311886
35953448103560947689006317109017307609185920054324389646115658490798378008521544868224834919615579611843304016550695781839551768169617140013782614547
2695671985149683796374237054468229610632962679625888278184600771035137136700416639335237552414893361277862517556676520615359783596475574898062278882227
1017701384492822378494238344180397097075280030468045966956244305600896148887566491898670881339446530758159350195872901434064687765336986630407094854857
119803473155304097126096751667453671347914261961946325686976866883015050946234964310671497206119915930507110565665304062433690305215648985048671841398
1181122091991543762579790433152900712919564584504786875750612662673227323624005653562900876219455053070587067174064154718957526658759850347008009828876
353803346129652724890494358104155421806939352765963276185296042827569527752004232758533275563939379325310291371270059306940049061942449482263597486968
3268483429520735638471552607811864017577063578278722377809317962976957946228897571777607357000891293476297546535352842087466121973547362385064233406448
1797005167442954580899868090626618056463049051794319034703205882528143734478290905255527065710226860450674319884817217540382700312800402573064714936359
2282833050323662376101530169825401450990599458618306204064371083648966035579249260300314701805789397503127046553061378530416700690260635907238653823605
2718808591473643217420034805228150368412624870815795251627146462134532312003935262883543029519627160383447092550473157054972561645775025171041531800545
572989554235991697071737472224191631611408782553800437270225248806405861074538100467714925791985748805301865723654871888690430323655250682167097394018
1620698175713592047152452853120511625056497629890596360328652232131874775715976929407837766161609046950718135761703127237935179009188314611924272581598
2136010661413946253535534123020595137199881222195252419358628989895110273514125728203709109445647044021522952943966049785072025760232315064764434250076
2292893265251285544440176438916393141180467306166736532265953368115086873128372082394839339576343915601601452849307226727529991967448480524121314197347
1929658565867705834035314238954540934698278910274294873593472964535850294537993741211706024834201715698348134563702497027875433360587676263741239201257
1891263948853116930394038702834949637627010624085517905876136451180542697365329928366221853648544498877134677152921206363254431691293034275085334114900
2321759074961918955591990870879453174490393536051826020529358109950063479519107518541001361278558722855254344295590988944858070200757088065771550262343
2808472753925269466110043987704719644679274373834499420368753215025656595840156433322156564205428617589817140142272850269882619962567655077503384330962
200894551091295927229583850673297896223599085976562316804263934474300151353574891854327365804085913978819805640546825286756777811613257702308421406908
3114805748314213491602758712133903681314751699549546900876180949076207740192053145392714808455210660784674114694174233480812028507159878087703781165300
1831366167190969681331509694884850198988320600434371236238687606759573254163223156216353379533622428876598342762198374979619465061887667475173217124137
1318560343754255210821484750813212158541434100238604006312229137257053897322749005820651947649382100552581493375120653323081487507645761657508627127819
2296432510898412437173933783973629188842144605348120499067201828194958409151847193734080227464526623663535146033259761183742818007076315225114071347318
1530996484471414428229091083181623410139256625692833124272851296007445037206843303746529274368539361601430634243310448053925863782579289428567771519818
1474169849848553275985812403169703665685840224575525702296299421214703767432864573478475374221526713628627977280772423759556818910484476426303752238117
2153944755001728341709465451905092202466899502247595623191265780364481347133953955040631871172016678982248244555117080738985994332463621213324106043801
1531252299311852602920375466019914425804059412664322924538163361506646499934855999717655450029962156719111618884675996424180998870453450839482883213953
790421464271341879001794590113015785567893002415825513029673585148441889671827917454633217356702318783138955042265741546806538460243694146350224770183
66899551649944790536995208163640566695399154111740702645363667673290749310354958466929795213945529701521124670778303622985051279415997498004771536035
2863506947697777962622271020817662365017508510443957854455729340998945235203717989517650227618112028549959334790308389349451929761348241739041912791355
397064495246528442360617216232384312375769413482783540306542393367815779869717518963113878855089712927229295880260611321670216666306574174326010874329
67838659303512834661944989399199287885670179291452914604042509008238491231136351531505391861205647123265627517665053465212823778366757535779488080738
528065697885210516443309825891522460863449263868370256657554716211131823504999164433711012140033821287171294059961541527438181735259743571237513316967
2891662016386355137190268158004340474374947380330076971403617372085300120979924443281055934076958407355998213220318383203642318677743676731883673780136
2813024068401043470999455209937004273184252499398485399691051844198720019953653114069461575579232603008953045206270668171480446873010706808096777068620
445614189600887594248672092287545864370965138376626720553025382021042816752430915734694433406665419986299596570076399451342524569301614501171504215425
1663326951086773057969033136492596658765207440982009218478030250386981014969345607171694952069069072750551493205548308204198136709199703156247456474229
316058067036205806414860128963724476395353519243913446438024920010804647987807978838295205774010929963345994992307381277028531279739132877799645410851
1565526915807111151238563577137133485970066558559369874257811077159587437377217273837560875820112957062038782815394618385709604296216257721493316495983
1366230297218805777524527436752761008824576762224530099320201654870975984262904898929020207913083947600112310485267178483152125084356159347381502453321
216886726422960006673658643613403077696907805178059335824145252943835266810067221790087806814582517325286289073236440769522299896091167811324649581942
3113533805061887567704542630097988253973295085310330495123788154883019663762196040310581340225553021709695582304352061648214764828643903190587766821763
293090991516415433378715018528160606203334305050340830399935687218445750619015415945890257742213523188141748234331474245681186420184046348403847000997
2568342568879388545722773177195869618676061104951187148824033454506208967601604918271233327807244357564646611524194134556646127140943700102389258751443
2091422603571116427348255001694525050391861899095564239703437610320668232646386693846808410929695929708521560365324725576918530126241209762368154979730
3169404152180975584946916821736964489124986378068668972693087460248981339704383070615130951851860567279693609240354427249909840022531238225301417524021
202918195782793155860065707855500758065158415387758235739857717522955647546838166356794506205990194899024660841427072387197066538856092869363257272443
2476914520936540042334658127449913049819836802484247248296258688198773992743133419843468959059536753468066620352173743525916487092946084159297656798041
199209364462900680365750253386015835208249162188845051072899925893903258465329854009428940200827456521041288531490208632564429620216077169063719233407
316775703322035542939576373980866297743346243485539963563155037362139429769178153229211484575982995523586301512635917170686156651531687820218389456610
281004290787655929516272596966189388415840913732380679173952490764307676234258462947362981128282055615641913268142378896658987576464966110559520238597
1145280640269464342333193236137891802255951288044511404990210240688058819744082667384108829128117273450663390274153796801028494406015251783717391520059
105899130556173718386523195508202463586370444130758530576101691044973891585641906197287840513592537845137647211886166064274375702090489059573783944390
2317609465811569761772710093021661883690800762384242864925595843098151241439510194164129397612855020988556628234234842580587477543661720219638636707806
207038249192880895261697016309968639003106330592224196547362226053904738203858415575336005710501164519108116271844782748901149451123141923172810268027
1735669443278520697587846266049341862246634095128856148604795890088501995847269104914261258346081652758492112610393970357736353717236730666680897278505
2227102308889611317375353939790115014052904719792558269211581144949380227583486754221343777521107037860645626809315594201334526325002285365840939832440
1499012133022407170580059361654722189322182761837471965689385732023464171414781558441803059481378835952742149948763154592062586479010444249843035316058
3073068383771957602877305707423393734750826383531124269732858388094294270973215250034276368051855379623978432411638879304558770108146910679929380293737
3235106242356238077448354880612065268584738480723591236959302221914614314223327180937906777813097051957168380406048774799265355692705915554369271806480
1205865545581424029942090724189630407339080751350000109425315103824528957870099664644691527735873218041062045694441869944689315037230912607474369587681
2855182144549625081232012400894720226012454493951881445154539422707797387731722205914838831052157956650520180462181127613677917762401329010084869253685
2981217129279440730278161058787159830032939540916050819377477967026547958430611307446483285282276413009611487320561202965518769613321803880640216176835
2761491186369588496211170872956674812413324821923558738350841672343818898261390156394507090601730900088589966156940207037632670836808371765704261907810
1322663482241224943827205926193997730606276692629920999519658261615444288703289915547924634483664343457177419082225698203011019153721284484506484035209
639484534325229937350914839723732142670233363932614962532995952964433121205160898407219658167317211607838356900614711707347083550532602653242660488114
154743784505591588311108953119810188516683020762221558870360140177643604204904130798715740903473608719396601156122336315276640563949524196574203417616
2066824391050892711713418607962573316091472841298593567723776706271567547914221074647229306806279267846960179292314748387145635044110555409883719818726
3013520135099345976405947964587888009351951602409421968032829338681725996524626610478292239430326187468103168992402626240319883895921728549737154479456
2435096526278290551481586066670592652060148996519554351888022360841427597091476571975536538172769219397334036560935625680717947911767428368678102081614
23707459265062991038523765373232435582924770324215641310276570772281184103008002669616751697355417236582599874988932068638818319316138512100796361065
764680397004578420743374934871482863745703431575546241073025153358514044129872200640681713471583183424546353017752215049229155163249645155296167252792
2221267845848975768629401105762131041084189431505272193701390856576072463699592496378979509536187670195762487904507956598444905252734282447669114713418
2208861147816087331976171870676862767071077058146991092590161155910175098980876890488954547751367023681382829937300392599541968595881248610993898950708
105601562652405563093045303189342204892843563952524469100868541113447566963439670827430668042506616916365327829330570483539564905636451196425402671846
2610056729329481357767477237023947119657831046551241043450528480111488157055829208077875137024938444994672469881020171607639011346823822719209727869733
606038034122752288005158538115062812554651885728090267013920785677188227229318490553779241430953115445041724683023466725310062480241215613076051877650
1093821939119175449022024452288683565365614554070748662755533098473834643956469494141643089397151449362516070939679385277999147317854390339836907245728
1247810991225802844578498415600698722293111806713532787347354160926072639493311977918382528516636414375470905482904524351376923711196445238667172502851
3231844452359965401182197659553035315730983828133915812831090148351659827897066414019772482478993859267386148463977044431269302996477050706515766022943
2666610223107721560651545103053514732457012418157436759312009576778431608777812186687078849203879756176126610637201742711599311671221290642432000999162
1312696908882315451179164002829969822336903286844664832583938389992986019652540390426502902030801783955775238999396372317850389726225256445325905493240
49948389339414370594150099035543897481068914744466251349872720032441528696860837703748703963932412466625856085480148889109141409179070523761887414622
1609015594638138950549871294319703615794402653950216384198111053702657464897071475884340671943448056346649168172258964357738898730663838434337670991223
697147100215069060179619016440126420273165209936036255137997288104923021610887935264941159342687106557109082041280464258735971308047321740828330258259
3110348884722675204718479586317579590934841384629510848059414100358749141634341536745733906273451875390952667864860706363948039342935117608905247391151
697266629868397812218722791416464509780665775434755367750768428866622730231277270173135568831937457808400361635028769960709546868149743990554776472289
2997342617516354250208385716486279498232420136247706243998630011556547616253656066613002507757602540808882598609572882514711325075741947073316587678370
2949291854183197984853089985888620720987817842984287021103425977555381263409128634618199284473121723452029505431660065808234831506018699114972850817157
2832571844302757589655562033112182251280922755135792444690702570879239157782632751824298945280968739883081095738242358444455939420191511124511026324107
469035178569805286106507353972121660473897911109438325562661047046383923041512078009631763361836675455477821744804376447105931741467430212734694411712
475061544436166869819475869987512179138953839458875687865861666121441930237954758048132344402878598614382217144973479571658133904251882937828192989974
1482539619690441912694111730004077374401366903654864601030429367926228466187854398611059589247894111733562990302552118014985185690666849067536287747680
179052607440027784919631233634330518740842101612949828652991189115136258090933300292737497666688269808128752418491828779548320398578229295721822925601
3023470678718506898753980506997886315838298435262477038953845160456024842932080266446124142563625176471731090679554735745654969490841138116300119221417
1561910885606986535623245499081600753628991524720579461143227724144913010278063796715589812864673880173454315013469224331367972364405664839953705848866
329654576692631500286437541317095664671336364126789629861042626072014930661343653076321686280186853594412045321160636971482333438649111213277597501228
570586536406328959256387222759899693067152935773559676784173761913814082984377995685793997021742447525887615859232047699428168333190243867189519123670
747851123945650725357192835464317074699366507356154660717400705012113687644740898625601598515793017502596569832179664037567420043262149774313118828717
2768758802608060901208387376201960231372966035626070600149560617193082204034249437082894471674030843904681666771790597163849478510804512187092686827759
678496403525642884686692235188831588559718726095419013277706054914514706171980022795570480112367059244781142262256396277172630350429279085498883591063
1054931214505295236715632708760569137406380636743520568013592593187504510877054322106658816420935992259773697864135207801346759798523081660779169492808
2172655727055363526128162867817464619606293718799320189429663196978669819697286049144956120868941670279861787886570431331022410189942040933375040488679
2373321810844848487951204795372763093850869469043365363964410668217223022257387041064244743700062424567584029950295912086544259769680344038672136097839
3196659344929383066712445585806843173525076800679084706891233790739773698496129319935573686810648241977325395054443660539406408271876916184486070909773
1731268010919201934663926167688021058486970384840471263262253940960698685941049962553215567345679621798990611436795133390874539812350392571014354172463
2950225777023168396812005141999594335457899381558112600686620741336147468358104345014103865393591560491617159468764170190411826661982976417325027282944
1306508215499509748422095520393582490488824285823377499220324522105467312121243334714562154884465345369995864599346462783811437672390289307448817108203
596343444722413127363535996897170685151564077694628023054606004245375027738815872661407432240759723584954439496255200224451851385365894581546356907026
1671683903194132184188348754375089000754084657153354959970134831619438787485714916513526790110740655489082018633394167884577188509021222874053887563992
1072697337949923557782362874861336059533194923831559438712060258301074708550888438605904969451076609859760895862962929008662118182809898692825445119901
2120647198479734239780108211682016372816536808090993701503114315792674615087763717389080154067072069179228809505001407588846009232844162644519325844946
1839250320240168293029613961742754819903109856906794038597934339788240114741825517147623236291899423085446650176572753550716339633456693172005818646753
2495338686136160248028628638363742920521949812217995343496220398513077587321427659500003328061148297654559991113048142508537053645351009230872278094752
831992206862756111827008025256705602735712133279523097246249752515614938561894823301546545002484685581810878526789176385503970752269076931643693594737
1811316875837488604975017278402277740656050380809035611633200726927554533473516468525048513045886177606834584576032708118531769759108000673055391417732
1004615773795927732559616633655836502709346451983619088460401991559479541050809383457917913261102747385375901349774098934591587940313695664594870132715
2850859384820369398180597504258497372712744284520277548932827777807238410106142863116170907687748058760755578734117389337407741425283730060553199295130
565869675285921668618101873139870935164353966935092586808359632915644716049368917497161365512041213565936793032684248230379754040487458414717023774711
1030064796364128438739505190828718548960675141236129492531598575220268546646995403212672386337526550109494885733788203365185617327922684799948489308458
1802868115903465848571257921284773600320382097827722944105956581945273392403524854439607792742655603558131429244439690912329250576235397916034120200128
2824407806184387129708355874402590369331776413322508963202462351915526392151791207232638315143492846205592285719009051796686716342486358045309848639821
1004022420472184062414864857708026694446427227050461165308118075661805360234369678653725856194234541038470078147524008474043673576490639407670234562035
786132335859886148407403615408364439721818806612390829128608057893423864952301496983105615566917299912362524640195577282289961527005450336429815945393
1955613836343646743950245934923502483215854953154747356245512280725872971846061835209901316124057171731652986902292857138146379315012584041912924572706
2603111520249239082873545500458529745936263665301621226582090325561753383785633885770946726414034955110400494683029060793025327763383079126327504143170
429539457133968506738012282062383575316449088833995340927395216557181512045320987985385227260236118966496174164139478379339420082780643004594122083248
1248548763483100889578946734236333813027394437265437240025384035536184791227077326695593188163741852642085448675473677128824397006630447446847051463880
3234324114122519321077714017270164036238271358788660881712752112456782521306793719870776680354106270542729902107766214279634982363022900059154987097360
1960788560193431748594147828574337186873369387351730334447533197303659906225242743467565996874731462609053818019403932895422215147569351689168636772198
2743948404234772132799878040158401282581540029787999632029144774710992730085986565886826288784635907269046708138700266883791829417035362348079005608971
2917647236737798318998409611987422593122204303880040953968796608398667157733714919065294694948950391478303467554345626509858463794093397033555493221626
2395515605931158118508760553804822243873416483121281615330304083408349693413266620290537768735321811576754673083186704565130877110846196718293592650472
2921942755041381209836001943235174643671315286864283073392120775119318686249639747549725839918523437143755218766984931793443852536693255515983026317751
955578705947154264233400834248534032285067970726847611361953784089124637445809428197478282643920559098092405519623044642771309860475670635682902907380
413789139284922360478803280857300020051105618160296272623480438458368529878629513828485208610712032014207928584980021527423398094213665128634689839618
2620026992985603877233181500465476136640549211737489740654279022900365543826655166135685134026175962876107996461522349787775918825497403140566341793717
2116328563969910154093502865488196056506977450127048571604399612781769534472677369539433721186899569951751174756196059809424007370606169917535145155853
548677502443615405038450522148713734363223441983809989578990427857903914493767840956864901041596531837194827300126707869286565971894627399859013548125
3028909741500524263876561874164699085663894298530682337603553373217367820320312777169504661471519899916734616840600980869765741382286453868827014433000
3020920906828855423708300892960992110109203924725867047736356013510973368971016667639398066196039645947178871335081018461695389928751697881623503593352
1086301995864027016388005837104936089776255483103313864657241860640835557293835559837386989861020889421970521145860647423929805678279175023088819181723
859910888394987814412311295167422801516886380513163106037815014717386892080967035993765455346504181957824880556101490029972499627816609209636054898291
2486147728882489189541134728754894900599872909373285623316520662957101515176699573868269223576944665937393634433626056990143042853072948328648678989306
1942085431648753925448187881097968253463215582042682404795533866408754613526655020219074508103901142329156647952971809435287061727587285446909280373515
93473143149786025317582966968614212415020528790735427958310184872042582274833575827920890767406087798661190511439918173055163989746072595880174874200
161990974255945783324203398314930344106233221937086912174471532525002290524479893528046075728637865109101987150498742686923417427581378313319016949921
1403091167017101499281118000616870907726090761807522672438256767519031049293710980442451115208107043959063481423958137441586760773296842358520231528958
2610830187017433055006383966718140093919186548796199700073240079938270234566920543074683165040994826781495999628129841270494462109921891505814675120045
456767560532221385563408442115736352545071155914861547052184704948851561649724672740543210328938401598266194826609248388778709158617125355443605345994
1169639130860446589929912247162816504261406912528520422521751156084544065885765764852216689737395674139707583514329971182078968037912464440680391527955
2490024847464196659930531402274717094138550021617045872653753018417219818303856789681790667294006918268321393858504312354618034883674119188225362611049
1955161076181109851230630043877203707268966262312678736867840302522064588958645275128108020322931550271826374117916249741003670709750051680290553726066
1265047055402610377982621575466169729269665160398273344280748355628076440202908794519053614368263713613388323276311956930178179048859182303026433482649
712546285242424631468101129159605935121334345782385379199000227453604900351321319262346709880604745449769944880432345954753166883822083961149030081849
3075736065227923520960387710907404884190720751661245696774612470964190241204889101672124087969256508939031604656091828108613456894749393924066641984171
1230364051256718456953686429247645387834386227470055101541790442131925326306209185964893586570762426451175449035912177724363159380813951120231161171340
1255045693508067372514676131850788954554039761793424489542296844505405596218977850233011090985975656850923547542148001750503879036022665253146013675552
3119258384959261773044430063584969242714075197202494179237702255315711672996189013432343974107339617173788539231362731766125660894057120753135818113638
976053784326983472218699620679489279265892578966620198518952421265329529146523738389620531448335434140624079547458066593884987947005093670031732100556
1708566459690995203177146328791797169345198757771034246348028616083621913795990359263510073605832569337993556495306793755360075529058235498697387011735
2097746007007387240787607039296444242275424358616126291261798672895835651906336815429629969353804174510467536996429923204665322557045448856864455139027
756928769093616912811011087987043139730198822862561673804787570201917816791096867299392673287025619420860964845808483355492115046516211372204691379267
1847151248764912783555712240612659444457784794763690019902083635328769677040115236288900348997402012686932054527596588382089607040383452491102947614841
686527800531810449633997064245398680554477213933257071108403175839456401988701009975360422198200510525438813839003491617442020476206537964035567250533
187715242461354703899874056120754477688445161324124963311897962117734239369085243399301833393111424384075493366135677005559979221573503428248229011866
3261309673593622830225145900506834561650063197708801541012173767163157924281986714439835688352867159242600421774115744485877969274587083057571569978179
1842374432259185864857238395025621039066367818672160631557997109782385312691929898455910935174772738698221775064739975817906183883576653941946236699877
3140864980568112587357048414361695736919388082440350634241319668221298534128566451901650829636002250691205683271192629361143480897620609686713900882387
64490555293133355574950964962737827807894601931373796746217067577521128764640027856474102905151688787029527666386873886265861921897551717535772179382
1616849266837027106511072758727848451024347186547995089135106739553657636252363082340003887561274046490307419390479538659189867425817910300962249432523
2668458508301303792928152972594957404587041087113285219303128881126129678749325591748508207234465490628456872001516594090185603962861837907022396060863
1381460805501156727294916588528666727442363424979042085083876835456526243338643638380023820147911335590468979826730107839642974680786358632707796241637
2934161504789269253033016266947807951994700981120992915878980084411827590027650169477655153363205234185085217371740070805379874428440026058077173671230
363726384111369950437869794991403082132684233091151258294470859649177392356181294305296968127489051743897110587027157537675568495422390645475076478057
1892442347240803293069332359695698934986720420449967631381060355023122809115191517688459092049949642198151415984911256163167246083939378563287922334003
1599187422936164646005562632949063212354680643418542561624971470493378721262071741709874740317049870760419000875608075500509502415563549052264979745438
1026092231393810271467470895597395540280782916751158851356675572698291387554338245848907077851840006954728117260164075227506209742019287061221479321964
2414063254886281843565713972778674565129783140254875516914366335830738559682281696136641271497774735503823399269437573935552138694385316496270661633138
3215260538357725772064203314698094323223067894477566859505903102312760561763766168546445505227775222571170340280821877279394613753332128554584257332907
2624706103317182231342850987456374185139467973970851525727426039198561657278174333934559535531419308685243169293055695130189074840600534351950495195795
2950782431241397639937227519023927513810948826333193665990981493469414167740422064956841603133682178180911648833844699043481189678036538750658481282641
171564577007434261729711646543413948207586790711293145365889624014198982462222937153103706407632708687810440810128726072755347057230585864723538640247
2215958350033193123671810000769890527122979018275749717699145242465537104050262101930290777910817850106003392437225926534078217823125920798721628407389
402537141651728150252014059699348675329519569075660819215138981650549484775607184922252033936684134494375134247016941585542491539358339842596356106184
2102617684699307285082521090161497536731965351046349885383275264295371691486821045681485964919622767888332216538204741418134482587712236165938619686729
1674286416524150158805475203689998820096056749165135891137688677812082372768608288413972919415875251055119884384888768439120173225406976701340421527521
2705654215664233569010262096063830411489536173907511769242735417109627180176249187985268728025085061286976232856402341367180449302642270558030283870601
1557548171114094912249435797885114693030543561938097825850968013335044314277005240558869683947863756997588524830795195661198227431508078706422175721948
1668854853658138041620712975385677438809733686579378545866379557200587961756341495809370932991503408854605603225025777603123886271888750075597445604879
2009300433889836013430758117750941990666533475839817657743211910232738178812982927460726255723488157630584719902516948586470539443517259506672749845370
1493587773642899570532822145663980391726132936600899583159008011826868554697894281345076859728395777772669068360524394447706453071392398929299770807453
946525007179814207484737383732283465954766955709550921292609393647808351474286824056333029164580486876312661202798833409692532794552101532712791135354
2487968303572138450428604790293704628343178652827061735550295038688605082804193317274781786187891077541433424324948101615435076898788513678628651023583
1649254380524273941982566970854504747409386781289333786253975784990647679247419356402334380833881967827229721735960456156918618564438989745575387411014
1758974507611863210822452945836502720005673076339115652901304553346375602957334289367800236119057223870734910612287131002786796580267919830867262491195
950320782292095601412816381603643273998185202294058436641917332582141596569430874813021430546075092802059311932818197735277544347804713510182245783690
863443942198376537365852207762121637857505028097918324947733117104861791465150733072798708554500933271830434210184565242646576095664084313305635973074
57410972995840242647089253747944609928091463325864840892910938208751115977827954001988490364992028974440520398293417067115426495079039904654995786824
1959734452659150474867746594390658128420760326539854904711789786915336150818638411583766305696275665505617120001626039182172280171361401819644014433633
905177325543715432914111107046673178053585323019767128513439986024556806925897589691128608861141899247889324781168185657150125068490774762950108987832
1554130557856503502086530848338978602019093208810202593805838413744359835579494803584331102724006138192800798228390844232002878934308354176233144550075
763692562310281697916193943359280756398011655769552199381765750614358363184308018139342129793879758083543042995061846080474226675210029693275746229837
369880363374484474573572246864000325663783901140278389354542537541133002892096705087479201402863201433328742953370944663774978706464131703888703114927
2657473544216511948631005838241461668689168139846449658393110530570288128369480937225998343075451538364034262454092438742719482452089574262213047922447
2608468446962966504368672932448629848499158880207958579817257419867528401238349081720771919186572467291487464141917081432596286291771891873565422016172
103517558058130075086986863086373035549273327110367068223408357351561361771314886970402798604174759988615173586003139240921780182979081745004953939019
1014741262733870823439950807538135290766900719853129677651011700988959476849936721531193232704391259437729749006314138017958208100602996080720763178441
1561097193708211543386457781883454770533282837372417718556746894229880455571785922766477197918339024032861368052347600539945959186898736257715379413069
1705383293020504393116541492835104247717933189744053362015980831290498119462760562319299183056224946940054554166690770064052409751267364817319047110166
907291775219771338328506858415088037283324056679034406786903892885516936934771915811333151580389212259682487876819069833428025266985559010948148779115
623542750847793745713284057770637063479877475147924211652942242348018069289866507610883160811529858585987680645967740248699829085215643343156226081941
3160001982802574761739274438155779701959063776106090391387849541622416268140103316266756043968555029118843971163351290810287959518016856231677331165663
789582700629190489469280793690402174492514647010753219266891044722026838306782147175939699951882642367163621479986677633858680277349211794218886618906
3082298883874489729114264952939301905336312028352567131444380266715772777334971950455134037160082076469883112013900216200298554451338361155330713699522
297117704397474164124153826930178622415425650966593097208318821677436556680054230170653901439275583578230294722113095561584133923685726568459474652945
2631038487354547371866119818163589124455986302039294934965770893356922002759411309933075179837499897847606884206810945241047507195000297380243892986261
526955970863972037452774263473510972145023938462607282954174557996903550046339228166210887070940358375244786473729719436513448339887719767164519815147
259001634712322615249948814102594271268366849385906003894428636707658407506768264897233995610648737380795326477630452179463294543835678384969472766018
1601886195296770179337395634875297067451331970228889442334220672019768986655135442638538528993651193690137848615804766852546135378264130948602405987639
962203728668754715036226051648823457356420480742935379991283312903366838960255065205003070042691194393339308877305458463915522330877207895661251945700
2803776564765074051953868411660204275486616779023481725736842925718935963826041461821138376514628657851276679890806995171772475063092330297836186141422
155963790023309862346197694797831827622947299721744688361159893350940237639101214879667159401779817170203002927049192668800008220460499733601290578142
182459113717521293675653967358568537042841115515296295912962763474986393686232930230341350668327400739439026175348606562117309159246702522059570231549
1677931132327209659530703602050610567592328276945435265236929179563404195021751383581223458397306391417089155961318289744200613773781963617308783630364
552682388985720704672994233627572581760220562882731453686161465142697190663208150596287560907662993236848687180998638637831650316642817052447725629094
1878839350351638919475673188833936072506755094993578914357789915200209915266554337259799400408382130773211797038465669774920737394357975759505530676997
666467493496102607815885626741088672477240880130023434194322445130323996375489006697548698536882838490303661071003289348496917373557253544625083915758
1426612321381911954181849353750968480094566860064198517330012634473951055139358823948993085700363221743276253051912215497052439387034122336401874137410
380669378038842128502388241658487322421341438976558027091396677408901467397705127239331296142116818116803898060132812735408197594814532643578038705158
1889937409060045374975427727274606946954268716173127009496048751297501271975863294651822181155232725109942835526936578112860088996919199643290925350148
1946214918126787317100483014264228629780264875671405770164502142144207496544694552847964987239467780310633346096738278893119082138550480444610341992881
269368143846494249420305952816886068893304859302611609753785230406326721023650411612501145060327310555962427188664824868634190072511664322707252560261
554997380426399835440157390383880592213478374698145202211551199696163301625328682872743457038743696208609581173695737004645823674491255307978275141184
1688547853115726849334544772382943462801381705720694432225782056166594344456579363336590846570487026927934787344928387907955218524427216673147111371633
185849874044776776008897140939916445214586342549931612703832879330220223238165392098670690867541767712006351943277170963915268853925152979753996306561
2667081533481631961792599592265711419639651178259773838797803084450582386087715931799240296904514417382178676237964565530989992115388297246014638446908
2351404168422171824165688449015297166507797175672468025526941131964091930494068098584973731690582406542283829723914037050112562004113654959857193275319
1938659322659985371551574860073897699305456753207576653847474639996947754148324260396770421214455707458761401586609400842405847840661919800929288026717
2103062457066654405693259052127258738659853480094224702313534772803958741519490984492914772690193451260238532756234661607727095672281567246862429587839
2656464698573035865959835135017986841831345938072222921515235668108991419676557155781991997527297123720323767670320385495925857262442208067555986344011
913540449393430840517667565152435082397540281540612673172713263704622603443442639034514552463979403320602536330123662268813339366448510663423225327517
2727886703448025734069951448921990288932224660347307104226591283015627016075336849013258409014623557597844154837794714918711865285382772348053710637684
381079446248424146508160535173588403844816756203980540764062178475758369738991030440421087687167780302145431071552595122168141734423444974637446261524
775217340852758439853597099924974690093457487071312125708868791921005889894391032385756818172648109951093568685458865021900857128887122948549064015564
2097043076250827905834086691465903710145719307414707717776701182725710631111023771610739588934198567052027353566055309282332298272622247786652030125548
2242373880536379151634771251489592101461077401317038970413213115848283201187819004648571721911012181051222284785795041332961930663788762044124860708778
569930816670389818087400751815196483376734912969771110737192058463688443440610941827256401547344201037983733266123789400502518151676380324222321711187
2350240951515197453241490023567211112543279271173096448535916058708242682250141272495672511211918923389552453180652699643733844157120349209734657101278
2971647130505890404669931421820000398104294773426259076488083512094721810077455220800428412990312653272314689102000871261774331248198941402433027066039
2181047344652320331846968691206500837206147150904575630772210114847317126252159730143083212253663596325829663765322041088153479238220804904999555213678
794028905748017150095269214258362922372677251863409971300123984594478060836461872884988350174785106059614687943961335886415129069496508193343466280844
67736995039515113813514969799884593249004871046263747665488688428106317780770358697141179118806595119996929061326765286615669875865814635363672982678
1439305584978865291504358952467845594584464916813405204404754102716275233841702547187820472128127089466206912600884727059988786121061177887210369181248
1700046591801093185755768109946298796565796757602834182627070379831335875969815016769341537840486961536772941030698348029521247705458798691915267375475
1404348137290754340362135752324622015505361473696454855256667049529889827791001717863916739447118933975942589244229222032703101313516769357516750018358
1475296154079953507981962560633806980806825960442882671723745525051449559433658707088816208288213870711402167656707837847961914966541197819208419387546
1497686057760987797341871831678944920970959785839897526182333929441088704464159914929112033203893102764674403721805971168797093441142648501801951856657
482627166788143071996663721737225710020471519099319246397798692276562169890397780931895677314752260465702548201747856729450899340675212752721779259344
577272136857793909121980676449041080060551228908774196558270449601412845271880633635898773274510921903583946992170246097852583208123369391780166165275
830766572848840236625056937424437162950850247189275987385119197910026853472787557378718416370705323437497558994145384060456260577479430015144803452789
776577866077601303499481048473380426324418626525755017087607526173638912449612213783437814208064112170414452466171697274003774704593351295034872534769
1938283496024672137438424198729856565308781217102556448214083153025345937886905244927265246134130656676527802738145323747094638773510204072521169931951
1152300569283192365074343160341534557761266313834893927374612214353882911888466606500905978871915895936089658638071189476089847364641393392431610034045
2878993014455378082499610228644007937417618267892907752334131819875471125798060861605252572132911991197457439787857155411800898345984116075685023261062
950059639050859952665697870360137463334584075560827290984876736622272742178763661964931814497469879279168799702116336723212890582523387528970131538511
54127999264976108343367929993751120149628274930772908303338684655098954095243153713704788341861733479469773891313410047312894835452412674088084605263
76171463111451557016555045679259957085465475692919610465240349970570819950151731427226571796382765146693001970317928809204723161551005099123871953410
3232817676392552830061263166608831340186407430125531774677746710173847693455272016328460203401765268784528593473082125384807572287263704948228208655188
1685247406408354821660178457042007450581444030454943393395978346761932551346066575068194452077687033759206095230112824314646365495615633544372117823067
2086892122777396385010851836813325999230942777127445471911906778423104969420828353839861012462357938995918701750307276494062203014213094019124893348368
2733350869168701646898770786050388565645515657245436888060751616917569791489724722227409936456188675394112995419508353130050789201880843352850768494265
1494402330124392782875775018892962786592469308355567799848317864897923264086988922432931037071989894227257770563501169347941905836891082549170468504521
1006488659945766854464008518668279128914613231023668802583212134614143880835917958086928334095171064871974654958482938464313696539448596551159655750267
1599860113409293998907073529404358721008015119092087220016978630015522721771643455837215759781032828562456540515819682633069297703164092403300861542326
3248311947120808698687958820284970311640710093569149850637929813883901692404672107856810625821555400142638977891093186513583603945427981035317144096685
838431732477823015938167340527014572163688709536958949087113837528494128108264427776654238319069767129505246926892000910339598293901749888742138112296
1452558104389939182009492275570198729128603634190810110232721315438819590828975169603151389474376363641826484240474640716434411823129872027202905931227
2074781316175908185762984098769012110349568165167495044815887653908668564641692964148966767165025083296871839599371870576947404361094384457724905616403
3257197761347992505397821484048429141498163832375674965777411411575127616267875363220003266467949759173067127914132541234126142079857713315859653285782
982419626877448412809082663665482968540125101974385638759614669715976135875868420714294916529346620075298876706300247271571882583862854094064454483561
966384956344910630345751012453018855078462426928701111733506130258892938064382828914000112032137005874518677217800731606809178367373336845598341761631
383217638314057686561920001493205587292219216471016923883712118987757894305996218946489654201713383395128318644520129174526514173762473976239067834607
1286519924729671519196739152602012080125426505083796794232071956888606707884634165960213285241029514363205055660746916662059870913011261563472881433082
2815443728547088930096856073822015790199295050324710963029708247475685511154217057226045569656826210660741011192166961884799450385196782586425157683711
1790575705010437755746082914278253057458182832347457235873749765647340695729644366333487418593828557615417324661932933994256090149779369442076750624014
2753969438812697647579951341951918561137220766917019735521669049015408072838933629712041828030617842632389760241084874949593373373169085506118049010825
1330641816855765850657971662959636425873372483075541201981350484586117204647980789368882203446962452212407420905135893189931424510389791979536789217583
1458384717179333114633974187961847528923473190470754980905936494632148301314646661704964673329000852736247850023002102487372066550844456446515068477424
3084706902226720552377781714860838546338157562758463126806834837650379803002522276014574517896629412731982949272503624091462449783945237594146886530563
899709458699709289181492720912800144571216562333506560486720840622145058073112092227143542810751761301061484281378950046509480382508753183089358212353
2689754222546570617254214655891550935379875004707623393441443615756648692930072369552525807972853376296746896728744124768764735399346356216676703921578
777091542042779961615150046422405798330381719311931600416591390185916577805977296396280223365620017674728357796034577081094729678490654746958137621520
1989678335940540056570771938147623626297208054960784465915375846918552466482426956340740748845077425011104681609367587599587053702203383329859967113668
2610247752286574529577205481190289610002447613376483576619412570119897688782887579419833026521974437300501249128671759542001906283923799406924055472854
2463590043114155061067619314605061512351107970658820037068767113019628181763633053422805503005903359996596994524861642216147347670599503036946478287042
1669277817809423683757569802085588746049823044031376253874562496546077442434831316000605946132401884779875852478183917429493426719147455038976308877119
174890756241427291906180813659716440008728297138087906324720650648946967975778997780497295050306962397369237546595062321928685358712745915113386721674
250330292563540695258061730688059712574418906426575018521041763504438275864173016979015410834148110689643517244458833847197272090671244983708441221790
2820567651277638310470791242986769120416555837501970683422368015393665960452138993560138797022928454776925539992629515352906696338470237989333987343461
743728643648693314619961363045148646279257862867690157908799984481918153888321729593783354473629129507173632285213756347958970080274850781425489390645
1345228436736144079578052730531547435440850439877690124274776894838405284784776122881703335970074230622807534883688332196824945035808761239994191091373
1065715992038195208099372447542045697620641396341182216319684833188647275667113201513344842701951984731425201221548513826416385480528993186951984350424
1542208605238576290898076177779394507099175205368265967752798318216039583842803372713138579043658521409774127506858960847662320310106817385376784164839
438853785116083959299855111160139597827522340921511717470251708834673119693413926571414231491057924711967410376547333107923774259899074328104861431323
33108166043312441164394065897772106376145395228868177694254408979698429796927532795324284954544674612303937090433397998414878751603683694578753041620
786279688684528008707227166972846824275193046697265751793595838221530960501479680901143987230965357720470716764693326884268131913660119325854439374062
2617821123608022488774437501727620083124616263518051817771883237949620163779905517700832294870480486323464400249866921548358377613017228436047914169637
1225684699662167929878813895121073592545836326917072577950815087514228002665503564434323799335196014489435487363913635355702978024569270366536541781292
3196306861214233103323223113783765347491861201123852241497829561306437078547327098640155520594594173501071532531805293912013956864106664626729017440373
697276152382656814942561289708849719609454434310950504238390126082013443853287911450412557946699541335411428817806138298211461369450950263631117207333
508740569573164077341587391006487520728354113314619830345276883442176002929116115048755764773886359046487822776061423915546224857018338600731546110812
2378772796182028993686025648596112879712619686683684943229098578255045619294390755531437226388261630237870905324200515904088539093633099491400251953964
1118916220180289980472310328550735946384327989924715572878104391884064743782239624889521736288208573799174222258300816103166802751979845560763060592453
433368203116125139714515548778670994124912550218640260847943558517732012320743009205433303668444973622248405003154273413266677799029135044043900286508
643975375674247445284665834951225325420673586774840583984335904635378934415838439020278149321365430365746559340134648060498104336415719724612451648483
1980021268318089962477386688206047681741859955620225964663405541212663696140853335831199201632807335512530215939334286423195026033097390042881040225298
1027090409451466516416888872999073451613998885731815516635798887315005955808002652095951789306000400162434862121420531671193755700778642388796913987176
1516128772050446358529861372724713946184100078320157685490622138729679266993790646580592890620576553801754189543345212056425853058364015612923809215417
2609173200465460501848154954602001245122772772154064877393072884698889141260000032837592757376311665433515952227437518990977769991078328737531911249734
380653387154284697660671992290683905055080719736479450269463651014862308326994277183395873458798784798877465401553258270821817140663434589922924438788
1137597735348501540070363659697140813389977216794865317244525147180126339808098483313582274868780858767970334777042946272903759167073525340403463228169
1375983008540339803134710485149271224040710749502322678146034595627899351327898818675824992430110515089095526801063638718115231052463792185798765324029
2049985464920962587266805462366904391239382209143815492940221763303354315721904259502462771629699721275428538852037751097874203885090328266508938811174
2651392463284269687996730147489241978338778703629917130131884768373176068390840710320516675555391653109519475592503871241810022657113405230508019048775
2651100032066552199563118043524751774228522171920414772789793288831613804346795274111936250046059587903953977485044636694560979606684600471580088921222
1122381197906282983624239305892418321188187099347619794598106043761162990417899324703980427423827675285392741638559160372448678057957840326299494810207
2788950156292818205574225170099226476502150646737845298137737055114305749551246903896089309884055818779564583442314532650537470150009659448575058539222
2977899706178188317639245218846553244548728725339010829928122060159687941312404553479579469869497541438561949422358923541903872370263907785293925995634
1229216581697703605846442252144400825394618256492256782034561038196559960886945011300735809531991809981170658146917878651973860157335762754603546233212
316001273882246824308952212518827126364870810106446322135778659252615820126374445274064154224510286275989164217470381677134101160782435334333094372790
921293252119087462920493321698242494463587208098663386823743927819688767574159929920982920182610648962713135154933045846901539583311907922272128895697
1716308024658768564411016439108337648086999167784947958464655513998146785514221810102696437640693437631604517910070737120699246888679018858983361358393
2161766894011776650916725125747536137616011420751562657421626394360772001169768400701376710853467561657766963066697799669934780480989688781326710484714
939641925872300212739384859615783937424446404338694805462830216671376884446183690503638666343618763336854377958721872444137293058724266961390491343085
1372152130519964272295605357480756232544499073337532464205845725113525761819215029357898267608736465646820374306774680246840718698436346361444013383871
1908716225907846173524976909775824010587273230308921409198396789426772438648259451452766069046664966535079240480553632478729944390612968571549246285162
55890666542520672213374032445661247242275738311755360153656373224516220727395431593626843870774221158018818648317083030060427596948990301609842996918
2638591376367953291789827549504219523035968976914002944700211144752759945661427142337322334249703810287384316777849208306673441846005515134245203406778
1865176426741376622851383999353955111186478456075051663464380686417502360022958896564273474949511294196166428286358987319921486649214768736465287640282
1359231572288173988210263638631963324910721125454778464311651759880071009481748847275800860715480053795589788399858238667855827610712732913445868004583
2987056159922646969456388741010736212652776037326269302046262126756964866214342126841991913697742261532492698063287399140875181357614858803754816248706
552754140409146394176859141714843183897470693494350704834463703531884802457792641728383052921431399456282030874333795109469440570003482636837281046290
788906197494973137337557167631892274978352103328845734090822512010727190235869116779935377052739043196911828204534274701576314340229095308348223894140
1864683559518911336189744039001854021799192432895859517650237974677488916970500064582570186963974814926091107654788150972915092022762403818487714525319
198432776053778691252103123959601748282855449827293269903880493061488047806089029593074213287547929743262590801023374866239791375649533627336299625420
1721146712063010963595579518366558118852078396101516636482747111783605424233593974523127971355361445975842556548309081076753035017231210910436318298114
3037265749792742251093816583207460110051853574992991410233858068706207114692215299742073041082265542587836152969609637199257944491096746799194313966410
2674898679009302443879751952363516048554741999175927207907754160352922263929699012667735039522604860071641923145647519757200393510675928700242968770287
963740582904030833926057234966937343096999947947640483735840319035588017040910013804850145877882251744088901163462838756282911383367017743848664404584
2979990991805238889816762372778185613855204604145702129269752658557978325934414787936398002323643891982477017312705808807616977252377706827751386055538
745510931646366925113808234019354930558551864835411013153755976549925395135862521799060044097587095759844723226493705886207076156219543195227882203966
2360195204799238476063365719792066641165353054008888063408396163903277248099202360344711721434681210855826398511701997743548869430848600312865430457563
1456827607982071587597937236485889469994287387476338623736656078288199442112100389712674814295137607057305757940785422799605216257407883792504483583852
2210062893114335558059050652991286393432062000905625888536303461743516416339795516124608901746827857886507852214901628912152879905140027189986767294404
197155783482890540406983195291050191144275778898273532620907679742637881177046735340370869265165734972454038516291903021898868096182599759639270556254
156691648139466388758566046548146769730956936770292039099285728897861497556827877956630802792175273126321843985403211632830471428205222801237933229133
2420203364845984614641895683587825185523569024963429061635958316053299716254771710337647658170385447886423599017326764754490516185440517183607491498268
1986133958991286622737163506160514595864535930550356658944765940081945609409455538087948040001884718951629466767293518158461200753946473690244283957545
2866929560405374185676669478504307849751873894323613255445863685249602059284528989801200528875963354541401835273501835768210811237278213094467165721298
578315827204219899298777423695692013221651507534437181704727360625890139860665027723835287584646536050573888604460480819414993986831951645798007728377
950170903831555514514493139382530548498696097276437455623988235665765149116147131134679412582623931574408891313209660972859632088319245678172294076033
2517282121110687379102801150080766269108501672284942000324487169712884627279486297785190396398587451045711800883629245813347055906799058412161323337081
679540908833757111047285668671927106691012606989760065072315777541127255639786827569843061619493021965442929515439104150847638540448122955282351427764
2645975484155914572980866393390243393260274441679763937325828787677907308737546069447717113357776734773282154728288385998273863708175423966519964425892
2384067727927514090141841506923907178256472898333217240364453648341755974576448303989207771443484272749750662720366713281245054915042245571552606154272
1142003238230979278778524500164694077411415576447342344255659031709093930044443298949989498749127175685376928067122233055605539832178086451222795577866
1401282290004688142681307726678808584044971162040057398776279662608966770125273817203186799869147258121306388446706372636313613182465600584321227148237
1703072917922437927456347144469559137751322047583880160503988395149248155045614104280246206636547971482613444630861119780990211034160461409423498558632
323024950427305316844834747553631942435350121946430596550286690778879878919184656892031767968148709670715861817815489981765750916292560663696514866001
247474319038219259694070869448609737230676033410480607625156924193858653236880833434822864529168606039754623010771123820499118958961209746833660090491
938660767558860173966959542525811715168108824821911267897333776472758340099003009004958437732671102244700533741379269236557624210855150318713848475211
316267321732054618165129619445323208835948858065137705274995500146770374184133414138431456591285686521943805566275019645632537703528884350294132347480
1504158008007879439068523710257834001148439344159229712666000987077055400770789394840006379309615847830619273437216354081243704955603462076007480350984
1687816419194264354068581658888284416187371968406526869289765266941142382239299109197435274889797164801057832189851746592746531588645550199790320245378
253338630673012896759879834850090490227234144072048123180331638516421396175406597463698420542598429324886540765018161254854776944500596409791617521781
458505514388937882252452421107612441793192883409962507673256786904211154528487246080018988404687402018037809790137843013667530330450925368017568404458
2497699932497027637256531859810377469243033798874447727143577469912495050745224943361764703669503035008919691567216259681746783702636727737802799672778
2175411850887234820416161910832472994224266900262909442103026430178086185217033069552949381925726839028580857635328200798671397428627219206420885986898
2190828420027196646566056298932729691717946627003889672175524893226756916642613160750326873235529943525942754830339054362983334567064978757152666703162
3268619484697092115070822534743918887333274410433472569044214381506689075466746226863203446552215886336037880389180599161087132649702779083820157753923
1674993649059179310318171617334079910835132324522566542874235365025154789720169448719235797608494062700038002714320216998488204405529122713915307414150
2641912918625592773977282287985456780914795389159986550526673212258230355959573500387092920710592930863742532314355502315179553612956141732283556365817
272211542397234343543908694167834616813605169373704529237623256171278360650532693700553740826296096524691553673903852661985935940188054453648871583293
2970251585660941876502573955029880716005036784506178654787757299374978347656487533136317625138395533482146534150031179220313466799089544362639714793555
532012739041247032945875482136188285141865717636105429287601431856291218901419898428369722508847118574348477429878383929811134874338255695376318748870
1252387204443884122559077177106558102852056891605122760028716701832714477244827430385911145379242585841636783975047454635471692509979574116570452129897
1004325275224476296526963838930829994711114256853090405682253050938723049841539800532179668895372565333022106577731085313518967885487617072662914795013
2292775808718995638210795141333187668381900380333560362612800735490103090364250721489071679904537785562490856389540700296033629814875985129809582035137
2938194389394488639397928904397225699893231470855534155837872500824946612385589622414267950235930322233517256682593918972855597861836014112276004097148
1996940276491952544857815087656554476492434561665537877991211481061890314914865554325621021334090678749986007702175246639403480866386774251277243410563
948924141552966124796361297349793167481569507084395105965685217935923669477070867233723419210021444299877926184306077827835639549758537235015761707638
2918164293056983043725301563838267986421959916631131022714861303055140717816105547816280996391643481240885909948536871140969171979206295571889696644382
2309955844315013127060176419392625079954947713667646502250510154947273294848373170917786885218986322683120194861024232897082040276271616985335554659983
1049942440835931430557967351533346569644333467292475127470652855392486429183455814157160907998163650821845582933753514424899945893842350364659954925686
3056547759523464056923368657940703367178675463616155572854760098953080089046902540423754069930901916192387143884114885561257425912232675310817928905682
1069640672056603838237875048769303861753745353699038809150519782689019572268757341496365499267220748357157563987344235425699411560650955926868900178224
2629267955009110933953460069545886237064638082606172075807026450926024198345171716311800752099630439227146147238097891877475623171697324524018345835275
775753254887656227033127553275790062367176180202720964690290671410380764524820296860361838750585126877725630958895581342947727168894369920832584185648
1817646610417730045840175400559335277570234464942468626226571295396458762410037646923982933590372967865820141801122880117278751356529777241855069630636
596564424494485360139649652824734264194825659311669831272441386754523056019358161592858172261571013966932224888100125837984617794832889570940478564726
2286618086724399499656979023671058486796963022777119810137428132587776597120841467574368203082319786138252894008446930803390637167971582093460970228904
2723311873690977171734502390503596870879535279054209885627622306757925755030126860256679302371885941034678723515583256020887339786726993883864970915565
576680540441286010833207025668911102864532575091148406305764763837054519633648935230957621578678019091932757907816604273703761568355493479714865820232
2956468631283102154870707611778602081751697228203446449863222864790540942215999254377259243724679360374927687715808976653149227121547488017834152016865
472703928574367530859048995857291189316453670148074605509048360017293939789060057418041336748591316909661242043307120328611354253484467103839592681208
2910083923096231824027990963494474167620873843786942232515450688411594422335033952846748501937715241688542859107781827644369622971764560956837638304271
3122165470480947707198092448396192982175620351036134106111962967311699957319817162903107635995157137178603878559539356808995345603264783756304864996787
641201771585437276852436779521725125032661936165153853850618014861524796084826564592866612913621835206980117341901774278734915298164958884030859110169
1236827754389416233531622926598504371671211865007847984786924015867233256078950120234508308133095796536194730307829882829371249987670992030735756609796
3082934963715858976818850070441419131040467851381819711546887142434232908620596769612316179351190583667993545466220070720788342151286756159663199082458
