3600
~
100
~
2
~
342246947652344893894032266956
27075098710955397944336154052
395546531030050527720796176374
1248517549329318931543534077924
1004869137696510957091517798018
1146138012483338414737614874922
881979272824986678613398324005
612970528720717327357622795468
833319469906975486053847632032
17925912205258166926026240311
3825427589562178902430197060
213613477088333718149752650734
772663598681494307364443682444
159642559753163132055433832371
1117753937021629889432317577349
499081580476830281403745798273
923892344865025288176593491501
845374304862674356554538201809
480200094841348271712604577197
97786980215368050849102036498
106308322857038466762720157962
961714832754443723492497834335
1091983621626809060224808281284
512974559849402897230878088409
23262694754548453300647663040
96180074284396696966854867218
664155400758577735959490465699
475080474243719383368453657928
1097586771696802525185285548736
531820482071838127501874275952
1014979645734711565809314903293
987512210726549006396583701977
130280420391702441354803167673
785593922190820580873304730108
1176430022944251639195790073607
1099504188488041370486096492358
655328539108156189259149940024
889489841018007895543226533812
1170603159104765714649939384680
1092721789550992942330009625441
33776946466401492796458456159
285488293891813268503690813497
194471727597131382272648941647
577074713119792978057812957064
723260719055011003595385236913
1261427357155467073177572588041
560344524808612336738154723744
5172643411443789140251628203
806402429880626188450740094799
831914278018496941948461831808
1186833501860118025761659945451
95523016510976348421401749690
931237990737523576174379494496
3152698224614156704962735365
1021161871728855215779206452645
1194407935561433679476545228924
1101283238243464284697394210204
1190379217081392737614327050659
62668426499435718421421009861
293562516991759103391516125184
523274699635233736116394310218
956372869201129565289311600812
132520842128739645535682962324
471579545656763258361392700053
737005670308690478445371357165
456737855764153942767333985526
1241377277621799794881344269645
625643700495845710826354206982
1181426806068050460448019439190
328877523261596512992098705883
1080136223046240525831671831301
270329582677618300375992020167
1176156237257315163580936420610
27453942927947898946649079745
586160289509170550413689401878
1250041549690847923746763675469
1070231133108086133617411719731
470514599188336076390716487644
263342728061815668601695208374
431442852622915594301339485796
206341313878947241647935177841
539670011629099913150116887294
534958778468332559721619515676
1111715531392426559121468462066
356500743572636270726149451089
632810937426429344719797936079
803440086469595154285217567621
900096333869982508050944558591
968890363657306467857834858769
80764336272604529237661429759
1011105686520941565037115562509
522576736016266746672588242748
1122392349506916398391122273950
646012563950733897374299468922
115149584629924826351645943165
348311383771927008636399181537
1164990371281805908496634391406
1022427167081076312577815773444
337295610976255018161983142027
639573768784477657884121188529
