3600
~
500
~
2
~
1537925398336841661342992500975532920522884348209529078441089978558694178855145406945945873572617863546081900758577805851799953307689367635003438614984
328961664608593634554042525627910005229141281622992157940152005580382066655114010495617333349534126900888848109737291763378925929823895412967459608350
2172756914961867189702434779927540276541757794661940600747148746986460636213020529393014486299252441070805864803664197636076061598308951105285667390531
2748204619730212161684628072906844118634198673038457113278493640595413991879920561955170152325334389591138504603271379114864349905441407771477371356480
2431473946278694738402408143693946846030535017582002897203630654351322572402762203715017202478022591592195389233421778325521096341777309187060862045008
2120251756107690891133679444546062022138230157912859822500736305640153810499713077140864593680486883115175628628282979625209526579524480608289858949209
1639917933655746486162988399298442136888907087297895392104368620303166128079941087399341096233360308108393624029193290568346755982647344973013462037677
3096355018948106948196355877268010645114394906830963616786252293569061263775933325795167491404920490943343896544791748201145922638658117588914780507901
2025041876084780636769681679281599049842556743647639241982344253260382778944666430427473409511809557373486158446097769404153139514744403570600293569842
947405161170352208112450317801310582589451650090477261645498392780676676133513110874512563088830091276084903473854088029390103674386979298594609268031
2775133993261674351686361835483789712613229803224084857250159998791632817808917968309879334450754555633646084699737364479165927072915737329414011487738
2787918720923419738012537472162093534619350463753348879641204459060138803655755923858983458696647597539164116073123819234188504693757091161341021033938
1714994654922212874031252300861377597585052373847555347991481823733296903035690248491724399392615461243385858165465738485072351806233195355665891396997
3021295585264434458811947245910930207508535022174317714913892024125804215218284694867235725798015602836544783213011435287270821978468515939063381023558
1818383499626331612171951635323577191662927957424102780326635601957847279728724878520553077135223540221111630970030547291713171552547934609276634230354
1746039175374196436973025486467439749789157081437481676305225599520583169185890803859380808951369155589851380467487132443391065246662382121094588534841
3022487072397545377885184272175053351231796613024239655924868556422010829311502629591889803007384203272299463009206625984829330245671579455318212290995
2198998513260022316477837580844885914869842829201196730667578526775566111678688426591490003505782496726459077208697951693679619605209674136528536947040
1974525026969889815849494361666974507090567952568508402176404074736892293743928155871086233871035074943720182883082865914298713042360106586776321614142
2953526386786698885548671141654304860739829717659970270914707719759952397881884124312346151928362482927217402628506813176840733878905789376958151806868
879744061150432693593209251934529979060562724404500195074647601013980047171371375019230433882933178516502630096512134195251762078298949859289770809596
2302194830817099398724241494053226831988482388991901060233895812604119785132591999748796361430675771799896938912605019796403733782971529793511558834503
2806146348799308589790772281681686455029236187597072529866543689278464490823310621814809833298755604784570554232229532341067044156104433081399733964077
1717655851065770881342618361183270671111931916932233994327247640986037280183354552609508892310440801774027056491162324464948191355271538095928668668338
1080117806658915990841180158803738777123520224132497088354201556823447560453194881759111056706326609393924898581160122994751620459757068322326211151325
2829629979423330662520436516520907205610421303478951322359637632887512351104669754372653514683834951829154344833924065930780232224521440037166954155635
556700273732573810719381549655326414158223956281535019412921826020372918841845597551714306869433760104995700579585011365151437452764788953693539125958
1234254982829172408333756250986977968768779436999998951453547289247744300534332430867261227211789686784734654421904220951757478781869938169495303177037
1634017633977135216526284048088042042488979361391521366195126851129449027441829983975265361346272838703106900854092208613404017064736935648605515561749
2183010985345526535693280111411571049796641095442213036081020773941638905241869957077166288731745453340787493093405554009051893719243996525485389441526
650146614338788176327503657361217767427828233603217374146242433105562117014873706319420533053186674707314784856178072771141760546103781892284524422954
1836124600372694361097382896200269302077058699610101839437691320139274727045515497754136413413853738290995890698003989727708920293917996705125875175158
1612879524724004111804439695894252986861147107120015201388669827137311836976463644827778473254236681799146431109187402319140623873581310203903769420364
1058749961043631930022232314894678904226251440187324475866490483713518292379581772675184328790304244684939321359869392620927592728926542660337941628466
471999843047008158831206564641411777082718231547101586551759464092700611436609929901009693268974369950529141229947124793539056929387427306303042702331
1347368835479954302762777865522487955586884922147445601211315388689966532933913999938850768886347158756296552223171854957910677609632378056322927347016
1212100126158542573898927205671023426350001998887858173273887542064488449353151815159980038751452405743755781054407645922203906907469219171915991015462
2384961872887758435221858472953262747447899526479502779129854083746711980148479735473321080073960083880136031586892101154771202941848789223038572017685
1016207469468248962305917695709122669750631835893563789235015375982116346056647250256522469838137757949478196226618242834214352474685536314604529889944
590165926194638740508324004806858944899544177280857437076436097638227829591186061921910336076428396315344344192438720658197323628381989906711255766409
2276064562440448822432699213181235494810670297268346741052056907819713066887529068896130570737835172388141428046345536329023997992049890945937685255940
2436518805118723264103439857787815728398985676072692360173276114089889231995684625503880246898600212417185136953964131127958205892062761793913856903593
2677811469317276922078816365576156939028887842936732576876138343711921481421585682260852602805071421630850853337153426855130051447854625003284541335107
1327925549745129416655656425770878932076427502294403854246796878344452421039149147653840531681498619192653669909707404019473115642156877030915665189028
1014698514235259567428979005911944999073945488741628678717926276520401359074065141946996324313035509361478311022732851025206266137045334778282795790958
1396457602340385914968006125733559125481631755783149987069519643423381059983486126975962228854860337886733355475280379487650760166296098108426550201803
2310108157822171804539116643817584435827199816632985757448567816495270645118720492968254694885515532668423964537939803797463284440491197763615196794145
1610725926314963000780312126513114472108932967998537721792242500795429386219673260817051016022063654039041741750472182376612396712645449994987281355353
277446250132417172111199436396598426694236226525618092166861274616256910719760288932563826275566960247121150987902831978626416682857704220806889274596
2130777742022817497262844749869992663093597071217434165627130774958905109758655913412086846270860761351170561771344167369412767394444187500300237236568
505038203391181234885764818734679602041680122283037293229629844926420194624932555048308454597427309933414623472954295093496293329421656975964180267110
48973716217934465634616549568785279918106576844842630370180469891290704594981897867019930557936974462428757824921326513482284873774883058140686181232
2364074376105178901593595089027847734567564751968460207217445011740577795409433180351709612156592733929194173585215401456782392891128902311021033191887
3139895970298689293975226436089681694088686891711158510382497454279421776108552563587653381191691536555287967211666099981779464731177081065928192327002
2916006093859191454254928181291537868764071391637533538922274990815815813647713849957063093908500084873060411819370429138736884765489240179972392120635
3244844241757015532597274107042480164752526561700204149721084948037454035644688972449419936230858614955719853362538540591290350748857115398117948436179
1245018736794413788441167976977298367787583567747188355668750777881846390416887960267096765573297195824000047521457162596543560204140554162520725726755
2307153107646222999039506459566901556136865074435919052238347612868949462612658863678843800521425607751205531594980547894304384468689680038397703506208
2575792940932195407957227911544518518857647886210812870736762271140170678922820978066004926567901214205865231181922131651052123492201608784034352442890
3175227899069513566031355575438916704358838542481842426780710366780953980577975904843945293497771990056935830690217750680401428827920322700614542125840
2853103624168838908290410385920773468388116952770990717477338621872067902806022151011652384521063494368776601513581747176659413442194660278542450672667
2077117513051254004184310470642069160230873197656178743417701436654252872962817489473959735611509640768764582563756191853966981144348847620021314416096
486214186864523429117313094648997520595547909709302382057656356649461636425882557030267028230741600356801034489324913472044123701709809977811562440938
785642605586666295251148734785231021128879447678908738300748035168734718637175596490339677570535998344622545582197011023069301542016995860357153118133
1834387032451294301282070485283355048675496117244816674311497169550206537557173828523991018322915389512410630323584243058583814741694825750474910159019
247184238029922697498466110981064019684692987786270197414542914279177346084965297408909391160621750600196482227548385050387084921660259190294988202914
1078443594430781620530443701248019204745853461941847022798458695552138736706433218365323428900565750663086855442301983617771237928871365391128861451966
2704884386267264860494920693242720167976971056315643317318644082764775103165058433586612737519976297345776011323300547337123068738876013891326022310596
1261790852870770079983400243909176237692359018594105723129844482945941682895582332901525457439372270784729089734697375871330164144627462583350480560410
2762218453902449905551211587366915205146496731190033868287342564229495804471267306189872113828629201516421767494427657090622664700131717570742557853187
1100879247741154614596037997685934376624027491778264103609733054203433655780612229965773269685090980535009526390578244115087160672319819569366911021563
1721549658248209069686898917417980521585266168295443094469793473486323653275542363751868951035397824019563021378909928115325477221643151745967277029933
1474043395300240216574131425858052123773424828576654877834375202825307203673721180364279310862497537794275097235073288006904486308677516372454761720429
2910142533887642134845786503241445571138681520946270892589762329932280334033595303932215627241636624386815586366882419078097686254375911030143976058734
2154986767131255214715250947364536009936113095386549961172492987560793928973635004787417128332346605549038275054094203997513932699514926009145766405674
1416267409631476553730549292503749180949362218299870433222885242750838361188797479655089554361364451286065095878265141762514086775632789605009957420239
3037913891884076102072163774498658574287174287937672600509914585737917534440830210793576666057476523002589328734000986319165237839388720477342793546844
2402116311727963853072719173581391295435412776503094390942134351545982603409909358496670385141906855469804866804338280784483403978685473014442970720831
231401517901280387876150714205385358810248675474263912863288389218171709513086426146384631072964095466800476631067473914617577122694681547368944529081
586849565801468530839289836207188499004621345413810550845670259518984887341417788822325837685653595434599963539072295842889065548341382222072576924878
546117939817231990540942824630913463550129318580458549812275796735944843923085635274657707507646518396759351988025888437347364118671561866566099382633
1813726950352394887941429797510483117123044683648686785393842345172184933922866514293470787788778214709841983812693685827119946944120508953393130417411
352555288374775851002328339693196142090574539503096627303291231799775896204691003308614670702527144228913368043586994494324770146525080136973547354068
1562896303776910804616017357141701575942903133003700128182059568604298338542980331973123566831074195939328804702774423965678517700836281960285879599546
2521141790114970795578871376428242000438954952662254910175858381883286340914038183713266105002635929825875384756997521818743332552754743679476216944284
1437523123234103801981735309974479514582955447903838426267432399240769777079523486062129007510543348430446147891913635840838079042346267234677399147408
947854463519667764142137766786028638071382066292512883773742767912636588603115340890480189034299897654839152499141714312722149243841935669707656539994
1822672876005508821382095686102754279975181489764670119251233282522646910072656112231689719920109926874719482763191711242564838093186342728983506793672
3214719233307276701222327561609614287010577244300519391978154997135063636753264655133345381830200126250144969035361922654826622156309187272725941994403
2251875221106348694871088357132070190698956164951264988115382753812283525930482474500335416966763230393186986321392208781896207313187892594563294316469
1561292656550960694065445111385732070812349359432561944745694730197045729391007504016399451925466681176996561283915405374327031059728436692507330212983
1810398100327899497803153140309558415561862789071153969979619192440230594455947152389338545396634463752625996915805577505114751880435474525360770090025
985271088797025325024966568267054114032027294272397285648558890702014603089889005405355705409720789177432311940919237738262605158203000731905589953214
1294281576665334328514113111286610339077872098485041522061163304926923811552183883788509722360793777292318289862418747554135005709422187141073454723916
2054621831339957267599897863538334088552983485028272492898221439630100860676939617687703197728332206550923875242161877276274905428909610450925168256661
1088209098385668226601278111930247036154505544109560550493721097692989497474599724786046500844861461843626062811799415758167519099152991980609631474868
503850634686034323973070349281170182083921122201242787953155238834383340259923273881509571744718975160842573207442505250264152586166778123722014395947
2084395785504307037563913829865460546350435491460789959362014605706830430309484114203070676900019122805986499662128218836910051625115729338627276302633
2281910449588410323373136188815443090335662447848339848383700003276130536663213648578908377950492525619906335677294885535280619899673283539149556416582
278519041126537881546592415757176481146678312698885253101446513018043547755441185142454485393455078384790624325820186077288492447349043531451314610017
2462867623360309610728763763636109971837748136350232633262633506797718920894458589503118693709928554171298549159361929109483235288845183003405938354403
904249391398260214664285465056699839048762211718788038172736464047528542301573870021031259555168655768997195461333899018432492786589477789743656865752
2210283814400587323817169354761456026473679768538201418564040218517613726576433507327920005400461308879445615943396456056987125644922686971195955988647
2197970511612602171155736921715333415197763414063221596410667109779389576229130238078690316780018111076992833293553527706903099181637342069107482152121
1336468487869215881122528898074369516661939463710582963891777073185929164322592548720830535631186215850696268636308767415942613183524398706907862524859
1313978491321856478923051963489645846630632630056804124601054841290794501749260038005501317480756865346639570649033231176643042915587305429559016038105
2865474540207490996426701670696415903801498108286095486830046197086221707548530756535225422022458132187623247984947638084020464946929254138546177051920
1684429782505758819354679247427149365572517240653002273080816123926828958484071509364609126238684665971965589602601412724475629482634209671778685179605
1452486466757978624811831427358986061218908262202856991672355402775020056983731000116165112177763381712345234933565053336015146588534716351895164145923
1077994774695138755602360860923019167959576745231879652585680412683814036377151657177187774807752483078548602381716296633224671365514067363451105120225
2278083679508686244312979870138493410484096963025410144322284358804575820454985711869417871565705987365280979027923027573743912041119898216744107234222
751531722231515786210709744025550260073967497584177660850018507236593476756120093851774821595946315223642351749437915410086809448364556526480236309172
2210140223911739542250025569177934924990093621874530387005759007357485611653138940274776503990511045926929060998502790811529642149180822579241701760372
1961625091542838502293746158678171239757537165423744465742159893835384820359940847561247252738426154298483446479159317821510066152465152111644793177233
1554426017609177987872553780166949548100739881875639572576529100767387728240040158234456336203128968067249798861791395510693955143443321270099837200418
8472806900928754300737783763403156341569741991457407940935627334078870650832039064967285503270104517517534948412290121811031711419045701096065589028
495708753114874588270818501947180578187744371383406300150809775288897663008078295512000895467429027071289557161887339351902058953292734039694321338760
1386182213749245976346543972154819279475346366051114490447810204509325563511172537762870941317384763505395982157650967925864077470664877906298180586028
1149056976331971543258124631591972995820462187938647378157400883278850895417436912052786246564770278248080727617846388795246804474642952483882188681159
2535414147455454076307119461559271353728632486394644415858442761421176525581715968893143008494184495631107191848306242340338550810012019032875260721661
684431173415247492214815281471499270436117869596047122504550558422018533695027176812794193890595113483403471840454909630207015093648585062036169858442
393838687371343088793776255501804579803167630744573118190409855716438642011666450611446908920257010826604741024056603684813930561849362799569599873028
575059745000938838905411472553549483430659133021627906322701249539012079412351605770682087412346243757344202879903104777675170789547332009797235515033
1926794571512433536102904769957620202146546641538788506750204490957416172284055323448707725410353462864450651116702078009953016175242718472488843727045
1684007298965115774364423108327007221755739717305531136667650044678958591158746119802305218750255590193995201210928012644461592219888023257987786686695
2992016895680602065497071238284447092775153115307605405510473378868248081583927729248768197565307257820448513908813346000956258775629446481748402226321
2767459662805558757416142787228057180902227563458316145323165566484393290714123510300653030669529704866281564944717781261733479866409377165885370247686
767714452764103869944423873021676874554103702705008590543130455046109240885260405753253253189853802159144162821455678738855687488063567271345898431678
3033132893728078398099175109836727724360502665192564552791486232173989142560551013885110341139526849113140932181304152479861060209886325057766059827872
3174212895218119236602710986081152165399608112604121910727019310686041990137762587224582062040739634580973044785887600998199004061762520983826895578427
3023450028318731161160919648550997511130269707002783607608068199624713344849405783580040163281878767252013674765531681705335548054165797737365620576556
3123324726253781150994407299295849844519371483387442059648401207880434991019057862666277076785681265380910777324962230121293175476777806489362013526433
1883570691313298481634913796455495208884697879694986978389302826541354444038143624276522800847482998449731755281776639493334685356571119430378794306190
24269302905915510564702274607740053827989553112025193268993836601872109246359595093023400943169523925981632982797560186361323024990520219018132357399
228278574970567929593579286651226597811961287811562631721380622121191096590375735029843066091617760270787983503143962425968010789204110687373826469347
3113093173077020373002352653794848294116623867418313235310515032834657029596867391273603329215594474932408283321177679005757349598847229672859684008651
1824178141542473725839102337012520923336787877603232101848062014332031853051311301386460331886788840989932938713228116420732636930759704112246435265683
2895558157701094874282889027498732276380063544618474268479961276502624866087930412444706004583021302143681570571316724025205636419500305003078836583747
1381320837135525979830310351833408050508500708454411193667095744347520837074008956945238380692337435244867442485274904381917784478783959682567341483712
2140468243009921181548961584957371059393462480236375336431612595123400819559069146055477740592906241117600513290638812732207869191017973851443323180383
1916225000296092303966041598570918920563794740196164025807169164585310385048545470022474936904165936932009356947222310366614456696816612544582576996842
1098213926366893894353406073689386165291096815091302533117514731853145309625041464610706166727172651572638743546814684433157405437114429127637870726738
2635640754165099290305114714707097489509779503878972951579280777736396137581705388984643181597808708283354377698152794157540738962178376650511368410542
551025645993868971613997227295852789874097759127432931225954358237390171341902708089746999226371209183487982258880342756570371108386438634750429808321
1607507190641282698635441938005682980761267847616265974051242168005990545388965378302871984991016794201767351717102813295309123993192140433874502340743
952026496755357783967660113315512951294972459049079370335539889194398599567887248568002159796146908966376014886701978465488794739312466915124943123355
2288774536099331937612701018253275456002171273068839018485219913112921884624047534546754454746451661871718453974051080335640723335357738936094089972357
2965151616229989271242140979811765404229606805561227826587307728441501477876772331384536597082400650850624361713824395011521336284663894699955977290011
894783511718700103497265079956554904441191181496030414818155862614406037563196840758058787197603122459245601898905098258630025757186151835484290648420
428671621318119276993920564545501225537552600175555367514017761491969482704613448612192096642373448948059709876508017531947914518039546375117274541601
81741752349367622585486455857552079086471088100294580978541782109233704258464853444774711398597764503519401687503741625561448155592117598381155536177
485399237973929548811005612140170832123442955690886829080030877360821442210515647563579720252397674396018497983873305565825087468738840360733220535452
2423457001680698920834805922308066714250795048110178705940131527643524523021460180611113946322749433021932639684594637855697388354122468010941711402163
1599293202495331074342085127969895215525480657147075729218861209160850601389177307077672651620094544132105584024359173130638110067555940524044703290242
1416663742931027508380291868422341072398624949267938989201476785168548077901739804715936340358699345857740720441503713934068067912676854096749580361041
293222731003135526831098551574691745123823375105228150613965325629917647424797339758397123044591242902976931242135296406284312626443218808346985914313
189076037187025855600743979964782579287945257848598457546434849087680056309884456735475619166616369094792488891959698411789786023551321315849275127297
1344780042840154628681763037986231016341979856407602894501817087098524051508563020499042469728761969696486258603751213041068452978745354595969840028155
965696960020212543609543929413628473664176865112263935090045875146381494554424206608498075719879114519825587620621102552562358220169898764929628331511
284249235854701339889396725430988582255408516666928339943229721393099916566294429520310456079005978152005932353387995646464593128753502362481557432759
2215242214125275532074038812787567725330792253012722297271776834935053751689037757821177614945510830268702387682829931299974222979395164265941369902120
1196511355716120093070613596282377255356385067935795760197001320075035334526612109814327025406353341688583686823876938830516324295754987065556588162625
620569170592210182897684960587354308828300215248571287993870565321440122086577586585185792953468433851526463851758086629134247584880676345530950435261
1539976532374931285696334254292392795830853412831456465831229909537394572421843938681295703096291436833842117473245439952818662313420779216198778717033
1180547219250321042209259551823850394045018803664777298954063295513727787475559330639928459814091060285227027572357370955507665692471218617700444458037
2215388109278550710951494944707802268528434846579478083976010833658633194525619885030806938714596537958129473615159401575835429078265059545152543441321
1244124767914407360760028072572191563885459019055093485051187153404347328865628986649330772343616293178871914501412584136633589569963828018586154475852
2863686272168580704362242031225139347737673783633940960299995578621467432224031509635604897999357968492518448050732229359618320937856401117244400721631
2231366707566283779705850177790337211360526070524393005934188615741671020588302237373111813971838479493150864001199656160863716600467953723501373393471
988623535561644721267143667255126563797474186236963946439241848467721060790400983669027734322969272274578321556811104272955522005614689761133485737833
3266359282469779603325591631949217325641045456266063407273616930219828699088629574716053876441805257463165708032871049485370816083554106050166591560049
1063067108744397330427298435815822521316239564734910486805491062084882621358837902187001008457813008568593017043210118878874548439326073598893462693887
2914658749743451938438112061913995303730714952466241936327058349489966573352716668760630351557843284545445211576909215776267700507819419403110507508261
612992189408673685179261217107929860324220727254578270751035128555385570461530515837014715285266614089593074600019071507502685664261026185853369906266
1449346461324960167524364805910020633644727121500254022392584057366935574170019709698414112258840899596076882895619479957735627620489284061935957616601
390488825512814046257412391047920711350676188326441009764313441798142343174280595163366224148438390344493097217723108121638316625900391030275762989813
1669940553413986872190751945915438146088440937989420380786300765593054689059579705786098857921126090137368415536080208240613085470988538928353372607192
2308437011734642673765903533897401160991343152624366804468686570319452379408253864458482063027418494845756817149695399293845055550292154325223237869050
1991682664647577947579003076192895599865955882227388617668882435018677179947155546931782491925782436884512291047935501979552136437976387861173118154647
258776407567038229084307729525720951490800730050631841927302060257197139637725711382440721559455861587188765833389907714184664132824078201783909344674
1911319002041923668490735538232487775943092978375304930372212176949793306592885744605075274750225481172790983322225202947346341539348826882346464800201
1587932414486701133741916937987016355983906952497309101259277064362295353975662343322249944503183787488817808281708046385046021011115167982680409128605
1924414437737990663708465691748982531730014969781189344712143941755050474697166548396027997738993808481963352565054078604329608455348318639224748278759
676939520605565996312569105777460112610491407828145264491983530029691018009638238510940326727287054082331468462359762400231988195144174017852168652948
3034984805774794869443072979662232811741425711238284692820621588034787707095630532931402400845907443792496511775651890066402939510472946397794072724161
1122859985051720092736613770940454513846445010298946428729922995504172830224417385452196561608805740862816561533421737886634405097242058026730410390634
1424770623096284790084650681461541279877303228696851817034376531098353166256841129934160163544960583164761116425334260303756500047664498974554875387261
2402876107245880343591099733716875795772540800355520010354510385770703647046665302226559979655707599133818131306483796883540388882745391020650128250159
3034492785822013452444236277717588140509985480866061599016709970946214380699615836847627638568470556116002649760683161045439043284696197303379499206935
1218067688182959358710863778041054151471140746077112561794474546501136165128431841676117826371428567090076941741440981065960527080387266455276577287059
443808912417235577358841028249437212705885645991317291164258353275326663881519929643593707565459740589713812149268202303533099907567647269007837132109
2865049927251424850394177523421343947213757704991468912999936297843237539132603271484371718866582607255438694229589052984570082758343346528951255792016
2159886017180546688344924943385849939640045171632378488582929548083662611594059671039032734800164362425263599218540064778459419688310539840502160426449
1974718341705538647874045838109201224621401765538925800379570691152718222609609842567121734292049993870979351246514357920131259148278600232217529554532
62800612152640882427516385546036428567958801904877091751957809966208815697979045039037973780415196131089638940827489802732472945213885961648999002025
425996162590469287999524144857041669482627117163888724637204374369929105100508184508618078512379739096335041314231038372200025527989346888093796597485
2238134200654940481471303539176440773890858606064718114070279827918126253710615231543167763751942426721851495556678949720772339336186541268419598381985
378561020727308118955655808237299858289523341631857228707262119581702051242382611694105704126442436338742843689147887018845895072313418507914191734409
551545031976970980115159772262774406864646381828705461987607903753451227937969382685707446491753677095424283019125463765029280248251534204127066650436
1224892226318125246105382214514410462887300639717102281424564816758428506152898890284724462271837088258220902553223737392906181424735147915162419583352
2228247221969412329721941869447147367403101105483060082655350461779018264277143171531674680082394314434964480786689795986764954584072198506843733327559
2500802389228831146264567856200811324664836544460443555195936220264380656028339323104512969791364646298820892138805483830837107189826027204244962259549
2641344853808941825795319168475984942665829843706946213548961412628577133468724315172978834439644778019001668847555807746147094651925498213737321242966
2793081600045732357739802056706202446901982226708624301513255160086322266420817268365333233460768122321698085282724074733196908844706281218540566404169
874801173198265778497130808191096192154502315619132750670888695787266551464748619410913883502353315293392004735600473082486708969088384003541991717928
1336444184242336870641429763430013707593029093237304097858678098313343129130111408695770626029318062622495001158467174072844400631563085628828248487614
2645567161737874656855573196694695240124390291216042114976243548807738475488314203675766273960240016253800703715585158663369551099751053915029285250060
1223391201374281511624527171894334255543547104036972478709494847687329720530197619299827524444770572166878328737549056761197840587930900097114161547529
3130782898274137292292480720783223166929351978838460619024784368432736157155412811578239085125038039796181355849101098716525081614294076971042561113041
2544405515417307155868138943142680754472534597117471867347288226341207535326078458531082326363136351401222551150314947956725009186787762183478990047181
1720941068054866616063370176182102366768562055463520613776456607467957967268201517472148497864746706520882449289867900341082848411862760990324773628351
1032108910862926525742990794623747934682371583869036565269277344120594007443550015119278174473608769566836916871556803653130758858938039063509725496860
2868266402579224588577464119581819528492406197783368325192015314396418092333745884403272645484716111149376711106123007122280041089315187395310796089573
1881585494157964895418154408012866051804535071444231994932589350946175580057737706247940998711351215309165665216697721224386422636476650239513994805552
1690548596494553201185630005688908026632139086059928927920823781430648745207848506078705033358327501090942550299522055284287208134224488968363649232586
3046007211246926344705538287277916612416139099913635989810238367761320008651664942761291432304920210692440630396139028582827550351157394497034784355606
1068989418540781456708833826291567629060841165884394796887405163817895393508584055407170113802930593119356119909491663845383992822869963978672300043445
193562954840923768250053769729615421781839543382982479389812247824244598785862485938393188057967118083009595848259710589470744548606880811753024393037
1531008159303781109196138113502891701673166219698570991794656777709745547571175199929915534346464565531944645508057824817173485226627658946394549159090
1492309077682681510799403089684677587936428976704509866927721321160137538270798041676432452349846779674862174444616811394890271494928308834279664437437
1613767057885581771210211193278960637307639050609440801758416966840202148294910952712726946610441613194936849488443172163721441995797305583347279361498
779571274440170020225549000979429183407379176447073007142529630710219519370707827263793633463478636841168436128863235039058557284091157524374773381439
1531915840779747675242775642183624142766414691134027806893936539973782613437482525700568970919806005951709294560466689196588960181733284290669383305624
3174212266426743302996021135523718439406768096648360559109827509764361215910225957897999688539700520406993629247399495806541469750835617469421998555429
1356158203137236573655521194543286059666351680038245489723894448023485321405851570694148098903436966590910080088111309400972889983187576957153313621350
1496591821954599884144512234658961894451148801136004198604245641055040344464232017947761032508794144351014058359315860037778611352225676827847710930778
2054571151242457523676068790048776066770388791929906039462274088082911138754800096319760297312801506388233141779942371294941959133279129014973793020382
3037825789878801048398973767798397528912063652361521908274477076321579791176482986835225537928528595573220923859215670801190995193422586484502930907165
1232173686557671832264074596725685900366479922014729553862782188880377505221341704999461099894872107226788754502948994712481950001911997349215851378025
236272038007032601278421960247488464736994720057699177767559060072516529649726549970398217872885042676879423507697129973442112620348477397091707762541
321475332081111768087740571223048895966094511002986524489516727784091121455987797956599624787053024052050324869942513660071643903797033630552219911129
655436311019339570409004131455682738398890542396054813419240482343592739925550371671025710579069261979675399594313558515466266377386517431886252227215
2407072470873758769869287127702333994245908773797980980628816697731052503380028177533800348269928053951700649664746740170404832713252287158608499052826
2967045222576670496991777524021299084821316746946375825887813124136202306408645210307613485179188913600379232453809269980337036685679189931623128192960
2851828165095849766543280920833549566383426379969740633922165468862378969879314050621423446493471614119248571860243603659348327232297006603690589709139
1276587672813198905184150475282242824889965432961612073445708927223459480755752251132283348941247070167671469952075781602855899826352662368277437976260
910567968858011727182872375156935034531860866801465126469034528199030250770213216875244693898421237293112389120931491613357869076586561582422262623954
1775658490471346404857606375349652302781249496848649692365673816984523833921845010633882111118149295266009029663845059715822353871676434738138913518075
768019986428992761809148099820057076148080945539624173535979512723535753104170806200775766962088166555180972370830695349646170178046853581872006011747
928690907822280912444571714714310617005904380131438092804743726071387349626313494162965957586934304738002819194359376393828644556964345692078845180527
1198487993525449132152159054394632919259057349717603587497579806240694895250850830081483548706863581450609589865065411742297913694897691281133352130899
1077384796264937241153298082315151454448836796322257945087700554779679695482964203832262909676132535265758425985307230918239394656545867946107347276138
3142279196810530000118026722882807391511275083830197994213976896631363175940582404770416600068403588582967199562595019056125467756579108042189166105307
2455283150998024590003519554118097080704260338733712804247043264310531244861632874758069957213941729103428583945668136401600879205604088146268914520374
2689881486458239482060390022773699304492228500994318438588470236636610176033398467761808267383380202023023890719020234410020776496655803225953720933044
2056607763936967233567646517586318591088412091096769786831974677645771414984142899217910723354994714439807750984277092638796612551617103293671807645126
1656277328701956106400084485554450697180404037331721038018742725459463917763319709267123525637401519254101983813655355521529922559339204606788917830221
1548528894068521056121513089409120782566599398873209157698774948014720963217910536086663134058803640561673191171471818245716103581951091570390387263599
1152187227659263644606489680424805170707753658335595645916931421069181296751831276355957303188948267316244593158025303872795200331419731945731466801466
2212843451707949063066665631654403900589332823460022856767200566238148447867064533946492856553204510237964781902470750355868096728503270721406176729616
347760359184330758142600891798975557347294165945489083958152824721747482721770734840548343527899719739895257188154091248683421458285097542495208602229
760322166150153972999582351962086813648390521680193712633515966454599915389796603163146569827630310100639728826598546085596946044698955018727926062342
2811506660622836276876112576149272660368571526856512447131007473749176002280667357709212186751361645730173629401605495789111126278427179147456983006863
380789667311084365651927576796406031467321721646863316592377770059514705462114758848440907195199519736735117761140885025602848978428480342523445879313
1026308544562839127933893188364713546015936456637761587699753315592419234111346788300287149817061125729238780121760300998748232315513721240472751693094
2076618414132720483015761054000626483389241996860799929457064284344821746230221433502788185176050785002833431682354129147441502186603931112710412706675
2104367792410977429670067746188703661564701288478791487820193980310551842345832960700844399663479646147760788244933954742207551560817165827014571995837
862834997168709015649630254984760866993074688682408555277219282149689195169682766032643986120404912103939373343380721050645425246427179249344524484254
2197120952525639487372057065132717717374558869418178474758341864430939297100938204834910973005807593758337282132543836307869102018469251608211415356281
1986995943965875380316665804706030349375356047699069758079809043506150757424544055312823074040563551894548453680476640709943150083318469010000502133914
2535109055388085397349973244702208131506193808212045767424514703971224587827089076598741871886362877529825721241399987461992486513853987894328165988214
2372687741717174941498806190141567228075649587473064191511563298559193076041529921017146174595146575435406245079479961341938811879592882085185334733334
1627535291071001277302113972551927531566395261220625791085050453390065598309303002063453795735473500032201836632408365841129319574937827032633083460748
1237361345493636542225972870235733794765619608542381417312258167055631394131962566195346484409285230304982422650658644557095401746485060499628524679225
10861557332286494443546142067705035987047955523145893740331778129234798247304598760986970883536359941964578243640787119817887226759382549541157092293
1990194133291584214142486271355251870580872241055622323287738856166400288781730368535667855562178668136171385573245735360571447552097133353856434068793
2692348062701178552844848234666236970337924704398333347673413771094687278596963728703020597266389330496349951744076822693723217387717953451941686005413
3131221020720776093071354105609862694092257321645341713538844815167508286758156208102604832558151569328363156868285425928121903517750858363882644885607
1754326526122592706111057505966072004219126159539659239791850598709213902095001690456294742423534607030548046166798090595726194580842895176970834347676
1482236320226112356337934002746503647213763009194252860285896458618443781126306527750811271019359606462313982238256016814516926684200957989160696234577
2827672455716987160334519588353655829650857218997759261000966883002526631669985234136559497186568715734945064771955845800916281040394597611267138827952
1570584632051560994390898683877972374954860599319696294017899147426258961726808662356587961536654062364370691903708152446246920647065524230907839309333
46707261932849741407657403974507914718337832280235585614296766177619892875843380009823276208107019872459515561538327245026816512546595573982925861523
1800062018768547674496294444580431433738010150445524643256948824861176340490534484001478369063182991420496316484037481673566076367813819227460826108252
1703935026592413679215775716691960381140097986836737345903041464519396223536490183467693835575606418760116812407580097580885424725345053921236732563603
410877402833160752450278209993368817163396960428240977095010864516622452370959846889084580689176182577562411750878370712443218550754351278824401216075
598846293317486249989158364383014974625596960627666787142835552269678911502504275160245999388717514618505872189032911606802607656613059125870252727820
206074516539746082471090624998998276417475108925989878188164539396176911925665259193533453503630430069516470960948754350061264728546150111765809631391
3008462976416089539510458384242052892760586617999580490008465262184042526934545682183760892312312707513454638109681950204818673506881901257146845504099
2902498256716931294056507311806297735110150184899757033501116129817354019464709231682200948815711946078629454965897902766713512082551078869504913341209
2302080359924777206176387930102811815460709389025346783443746308644116272627620116673548464617397658502979429813040376016767216658847615853242202111126
2757272839297442411449662135536753490596618449009604896668461581694695913574214108570350437848511447334246893844751742753382338322837372899698660024042
2649227411147691764135510804007934035579670555771918662565316826118165510179076289518272553011533904890424655954354541863218387439150458927948027592967
2195947828137265670574713841334800048981660447448981865808390916522474487011768274270508943521745586873660253444009278101244625618288824715915063576027
618194492863632182294822827769369186822887204046384877373453482668344560295188600594592068137794242436887430440253199926866203041559609260918903724688
914838653561252298921241901200442924455466466143479462545254039933531664430406666138706747454583364191768977644229399761388985751904870362555108509585
2374159504327240737584233937742117329205790058603270904637395712189368884883949963366813582905337003678864491943762025652189121354279221807165851327611
2664524980630376440712708045263227420964931694331605048992133650030086885348424010920718471616736679932543909757005477176286748471972698253743510494119
1794176303968365671224640345011679160721624189923292105716687176336647571254677705936638949276926021054200550475095974366257349108306641839774942533182
470225784082426930463957131134585143140255888479942161169328709325693836922949823516692705385572412120727985157883398236663908228296851330462294758084
1051744219347567222229970306612963419757992611466823161228708326610051565452275618089962848993521910015271402061788432378206651600747741229848543125797
1676151928111383649551342851630334227337747583185632958859828729836391150660906308701072678712415393625230830069194738331893501474257296815436447097626
875980854672312627476353267653008090763256540585607318920337882732998879893283062713441605023115254673014339978909763631572180741207530547315105828981
3205011088025762541551384463847969175698136418037283736352848971165107452487674382372861114064925017697306889662633629124739176861148200907045978075068
1594132967756507336188539289158119226585818667717416001107338992918988255473730553287245224526022558579124426632284181254381275771793068514703769912167
525801994784479547310504154492802314004532169759740536929546519983960112224217992544952306431298772678493859208832496561056903557392312625762310691899
2814993158662524656243913793649709934724220215628693610397811966481110014016460383518551562212468046771373783694120622001009593912703710750038613815302
2816632383302456192659470296887617951999188157039522244588329275496350815255049733979996854383985175301200215677926626526763005126995967303230148660816
528987110934422487252301824354130974165097561250483525994675072058382792928180226429693691829244002915050591191709261173230285008381898318332394476174
312371885837146495551246374257397132434946300144126099992590253758908961396994511660142220613056531945259228235526537501571047133371445864773313053591
841764839337761144727319305651859890811626665701366969650632252260007721181100567663117111853566373795026119821487936839207861283616101786386368324391
898862594666311085179958924768829825510673677256198427748169722213319455540829079411670105662038579557897345833211708805962985037313590243668469503533
1787714643300153621366371414682549656242942642531595987325969227084760767340679480103624935703645725821211678152645191700160566339364347920524338671296
630033951977522165312649978233926082061115639564993777219342558147547600499795419281154561364631110299099417859194555045284046987565150355535071648479
366836374418978719415664398307495868216633607576637053219741588192069465129941841822311410312765423146988323740604669564410678423984959717181713646625
573734961274252654777352955688203587067439202409092608597904072930684846146209549474886952136095498906465188474020027936010608949603182416867031484152
111306520748205330134114601236588097033721615561214796247475105370318508915207241346874286381388613122049129895780594410125099811619364248657475417715
2963585711067437150114942877068326968885069712421180404436039748958483356360383675467613940701330267857837374148703618815728772357706274239706588903482
1365021595555289086838024920707319169283863321697483737310599872160916105984215441973881654914496374916537111981729199316307501573748575262928605484363
3181026381970053749563836055021643026801155422466163043533606222773839909201329071680629829661193538661271290591256253019113092235223159555985223628894
3020846897412983129988469778340859004932427069430411712822679848778905627688539062662006506310760324995759486559966121672572350163172724618639026507108
1624200094824998796417084302685548067578257208398070648665001839207877950626063146694488095019851154051793691502671830679288976912883134689855656433694
2525968433071579302826883317689841556622592622909538291647382193377454677367700758691246181578954796727724090160174797558650634875246987508157874595285
2342145203258945077298920338909787488275186521228845882467385463647188889114397853939225170176032755207644044332544350068281069530799958779239750920902
2362409632285961252943349179120390689587381182664274517780357586539012408662497794269233810046780289118878784526726316596791464604166576997581230649958
2782932944584846276423250847357976690865449657785166711652516307896457395148080857091267912772977734524474891800685999453404934705459442176364670274150
2094392745145625644686399603172041451231375224832198893745815195953030360512715631807808414379533534254998794276365144900017399497483043588556986068684
2364474827575509192255003312818741716851602588082956742495124237324408939267977775193008903322608242952460483784676300520304949143873754507788501694336
1803659982811288536384220537883481285937588707116284240437245280400996829162053200066603246675321510898822700602335514043593100886231825689889196574203
1454681391403338174657702664894870269588817660941214636156230509491478230090777665061583223382075495411827975735582798283805015082643546962197636508043
2806801802206008538258367642768368731507892398592457480019625796700005040977587513814383582159771385438195512929219080862008511288725410908605125057685
2183438478454291816259566705215063722442022628087046592867896673682021963236747779478884497887895521491937545972053622273899409558116311113254718945797
147364791129889345508922737397618329205424830058549146033764753460412801182374755031347237621495827111740543297865223962276998699551391519936717154825
935966213091922675968384875229308810776173781798799526735585823757125050932012644307494893100269211818991429383222895103570620418955461401743930480638
548791638896089972505119843401127253562246156320595829143834019099197743807786068261403356901592465723356931780240669040618108638809388593496954640667
3249687717333924606163853333459022904704456469007928047607842838535362060327772268712514825419860585223088662586524174968717308894724149466020791566384
1817230482007691003184759686563770982263223203805900178712755134364817680991434457556436491068047080110187912492197370092766519360659743953720882942268
1318104290065534749880971207139332616330407322353759417039281276146470720763595648876163870280513478116040638921947786737659622553477152571543754466987
1476471669122684053876840941018740323431090752852030152195544537742995174564567892789770196136832446601973111190247650169694826567801778835285723641964
1804392163523592468255082803360547039432961999897507378881887118341938118370299261256772562330654050807331729220434864810958628213374623960880761735974
667515670122528649424748328212752904340095522129861436315004670531931088362316420953742870352172360897568684047547990011225577878331097740332407006384
3077448870901109856179798082888579412489756961481798076062516485801804882032602096728865975994182358204629842612553626067690649105151257912263648083862
2505913212807906835700986405636735569836866042120730207148473628577976229672721255823990292876194862338687875519451493370998919501800167253058375546784
757270462109974481902957204422415836973574350280455285322858938801920478234673168898955005931689333679060434920257377144857178590571979163795858747396
2319075829342932791130298046423470113018138820172467338547486323477191995242527559388663983763344427373985130435165302179103410034866581338972718559124
1171563596570269367779405556542280266332807626274001550310446597507723659563044960081637291306118956752132116610751711989807125962535818272419239561817
1327712653770621845969087666237055472983767963237664295736304476325860084895172554730881247099732069963543226411643793491898626441950081235267898400008
2663439335280734917322633063155104715643057473761986654541516933283579443663319686621015637244071063350359969106255115229408917036182412838077843700307
1990583526651895568017375839841351081627579558759147500076739622680200751249927528023291876338795700041867550416538008140378485271743803589312420213589
419179554445180209589658863229326998852058276859412767549910450025407532714057161980641042970330988668068900446150405925468195764124901183647110404029
2978043796289436311900539437697650426319733322686254443353845614312474210797937703778711575466637885629907304661615548659770525610702285682057813859995
883792766218415556487067424214884412031319988192384531232878259551957679461735226408455960080037947324466997436308685267993064832047476357761620843778
793230620540478605631322852256387207915082857374127539715189878557897989951449156515944163917400967699611316454718210348118381873439841108313710121525
1385895729465032933839586819378761488137253314329464431955611702678337100389512373567683258993155066962970084532372266110063225057475752798522339083156
477080470815732906360751003489652139908812211082901447296729767080765843241780268971196211283520729943988085350888603832182297942312402010273001765519
1124934390140700744066572243984620791865311443887970252739935482390849596275045448733253223156235163209086216001370602666340689818732878975034676553741
2191810676085455594051561571189508156623352567716554235676805379070005849557057779559579815100891415744517679197342772141723348133403829985365305912269
2626493909189755793961802531360527961796554894037899047998021977871071064662594582766598869260978386193527065524624922364801032608038427627118328629110
921538002676060865884987140692472249751035515110326358934575217450974887155413504873426610168417718206146135935861570439574186998830836155914882478857
1894011060779440103919039361128847715008614714269917963219025278642203789544218749248487343367506156366074644993723507604426110843021166522395946729544
3059403559234917831568006148155570090762543528823394876919941455965272100381566394233350412860013880235838463947252629127632340390417013063872041754074
1685821481055540251511402555610913458087887205860621922980845877021161985008854368824677302561500247124447072984610925211072338632429298882492407178298
2623625660946326856176083107623397421466360849174648751014358343259312609362280047022710582006995018155290053010056670131397916995003270028673976644059
2324165914079469298959528308118428450530957523110541893940503555414490379515580221054898712840895446263299187359976265753186757838545170803336675146802
1106062108828965710484018082173918797053933563859300266118530744606711523803940972011734594790333882027629815539353484928136481790011165015441414998423
2549276113356247603238349383983863668561526650552264351212158930874652057083106865737324562246126531620848354962492854254910517253807934798019750037397
1634324674522973751285020024255890371926963585563875224354737244562224801141865771850320397860184837710186795807968999294110526951691396120430754798969
2405510418891756331359993348332930635295314514571785288283554244543414044172133097274095755115451324291836551129651364041929816443159322156107846381163
2657327665237018002215198594664355933872343688921517028927520667691508190910826487570976732015979446054841751176686072067913069477795430297301256442343
1899210439761841578309868300632605036122696474853950716789378919449337290054158221959861136903011535449119047315348659397099848033503748902741108745598
2725377595821424264305280781888106406579246729691896526583836227296801432911635241864586244795354051295690770004500501850893968694723927916699258351623
2633786597514854153982450137772787606096248454796944601021642432254763262116666104848888857475217927953071342234545495676401491677345056612904264258016
2051659180281756122247870812941567839942646130357030025088855863442488342756232938041203921364914146836600290388293949332563575953593346443553463049667
994033902572720755242721802078258639000461768135084680279319132954741123454031400554104822698714626180972694418578971607740346199783813637063613712095
2564271478850273086824253409364503674015793227905733604742424411528638240020829440262455345456612443376985880580999897117697317080565249819769171628598
363734350663449354267419354626073601634433226454324677984436199805281916422024687753088877458781082168070099401953964844794634823376168019526667800847
314980432007350793598484791733356447782842536501563402190531852082362221393254489747055571291824438258025444494304417413473026726013304094037578718496
48091029826036332440606309640865191398918254123507742984550385785479110324493980067619876677196653458347548744042839580811723096798778324496894178655
500718048091288068885145737708217188613339192699617899261894720014558182462062987094125884568471642938910407796762154409497954910912980539516031397664
2523005709706937815975075069736655131437160316349250442598743039140100566289195460593067988762245957192816007921292650131844235236962678059443687061408
1308956998314586476049668451321271982684596622217823615758136662012522470586600178257118781906651571526021820007181430695746916936511422140358356475090
714410610036696869304771102718741811289241268920399327359662923281004282370492062768422801670108578671706556467305865354498316089190952706926341257826
955111465114776480925916581791665035406005997418180199623254248824936791972211287764116915474299400022640556247613502861438650650280396025304954507129
262566526906601003126979231440349734323707152602885897326876600325515476543719904232287891321601969579880320588964921932160429332177222313164866541055
219644725930691663556179527458689987254646919923657554413367129499361423274903021848474119500166264214092069795498581354298311777520127992976679652425
1765119785228565274436036544466523196325726088628393119636060677676098848246434856774438230744534695674223700865730073104081726875036013848897905619506
3057401226260093115021045186010765507495513471235472803512508196420559925594776637654763993188880220912126369399834424649317905710087148866268655359763
272001745715101046807975068086246781469231657351459584094484683032630598415530695516010272519325746141990565327069402712612872259024215215295625884331
3156077923143833361975636297578104730321973078627223998248283479833827867299625198302287413265541845249145018952852821103810512787193364611035294852501
1637997465005457393099795145061003523692398817732617190383711121086070548282806463615704317359001643939609525611396680955364191224779467326398339555269
2207147187067010318587641257814590397978013767825139660112086942570912163118907078343239013747910373995430777566409143816666724931986496156850793471837
1563373806686505044127934792738340871923401215841728246224716139305997377705401914349823668018792435488738465619447427939761988436519393705875225869473
1914352974302074709708727467392925717225681579620830787139648485090464425184929867443311354857728905631947638164081312127172564938074126210190376785339
783349712405945385617070248281975115017480134190657625201288074866741918123018821216002920392004281385549253385170498844797647799152888690900950647192
2126884606525449155231968963470068965654037342911431396182780574586138796532679483033376798450815351556443927566696085966233583695938569604268081583834
2876742840668342167894906884225656377387669407168692350560378581086213589664605547917799754511783687158536593485078172487288273567390593082682521524206
3161331909126518484803222586194401493608413645053226751028866238506830204165566735920674493384113996142412064323134856787125686035537901158458019915012
431776380361276692143670443563879653296821629811688183839088773580458435830552645638451459485960397119096962644600229407604063436423870294534834870658
1228617767120641982358176608378075279569655947489175511121305338886917570339999749353496730975113205078443277719853090669352155863908908842124185555626
2006630253493075493178846278977807101873909238189546672552926402920139937788959923840852509193890569966635622290088240228242546846493975901862094816747
451062944844908068454695727153794987580259939151446127043153106189675646472058202395283475366887762457918798131623457444143142858706860004101028747333
2919422513325252664986356075848485502651716339009712175153215898662029880611622533524616801215253085779719121613390721834868255060612343618493316431277
3021898748062407700337603535820633637205452733098451647745032669913398833877159045935094489943100688485360188318393142349359160799148549408759020552117
1312076985095190685428540560373248923328434918590016794316222594840535275439050922507220505348579189817230975627493529009262251409788945947222089421762
1736249866809479192571110226409957774700155560065744750211191215658932554498476280501334937632613912187369863043446946037742595758715084173667852415268
2877440827882049539903409308077617450233291558502708806021723392563002206647856851176440958388537505851474575615912496409801589515904772626156000124359
2171293582852156376139042573747174833834550330662693101313117309805439845789793237656393155141342212342609660313285343975065095242654372361245702767544
3144106945593645423835270409722854986613837128923223271755320489424025984989824243766095152040731304609067420703664622473328197335708855967565037063286
3167058434412527507645561400167638849081810075683227414338914893553631229146492071971171714663014456455081233585579670113826343266090159484688268983700
524918909796298687432135121941238082872940468616444880786069162931175868904457771407259298284970551685227795244465115779232829057073838263630250926251
3150720241239818822773986392715120861483346712370103299100646506487672222810292567165056819248952192822795320725366997562275955108380576219548847502890
460624531005350813189995301257996931077017528304417898178501371207420488135787152367447313247190571712664023063289961723478720419265979655991220979967
3267106597455529084089137657021611031966622449959056905057500562709387410497117334714333732135005691578418605919322180228112107670088655065782802457842
1931434177479972379399233879426475416537318799352533200640010646395087987070602180194051099260678457380723602822470468487842582691980225217324013670607
159705639948376134520197495751958178085330628607739755603733343834406809245890092266453284183652528461116749902599547504636788592533854806630279678439
1429732423048259569771913178950882410673551729661282926779024266302851641272308610940029163735151421887206167906629106641918051322458030908913504280369
1998647335096927429948637535871252957043304198504209729811218857912661367032619133641918315321456014995285821841852813256130402609966627365009626414407
3005450500819134901458699407671366959929289629699086284726404455754231783820078547905964316135735100811410227373196384473560939561286605020895297207191
881205911141976804603517921315207899007869644666503207446911579702766423678460644918247466291682278168227661536163060749793821453865092437369717110183
2498166485506366658498263335273118068761997207324382554942474969000339304362959122380225221843167490755966304610937105673604943977777761998284431781378
2473817479689398248089289507896163071008091647522993299168361052919557477092764826309300088375352730638101885353516401520567596848244922837785956909014
2783886459872410518701528423250686998312581253052717310939963308372428226953985341324579148480018602714423837225112642714647769095556306805682292731236
283508510515885317898716669368286163921868320255014400787411984973555646822306388813389553743434958968532697954487053520010371803273131506393901116961
3271610854027449729215103350832023847947045149409575741307627221047730970900557354325595455451746310606515113594016252168288313641617657293752364761559
2122761677704762478695369705098500251511785631218515106938485682017206110969917297051555048153316710659474720207930430899069423104749516998624510001046
3228172304456036785411676647693429436894602259546935048828738947509749193340477146867441838978420927944539421525711202383972703278359849027094495727978
1510178089410269783055512224250182896196690284261775258645993028462313963680303529001976051496013813758964676476782934262325625901611438970496464274337
2665479814152791421876872232464606811077559129152163189047245260850025954079874782320659392185380426062783010703835918163718958004968152083974148416503
661743800629582896779284332008390803850164486324676129453770676421831942625986249902992880296522160123554988023831811621446586287966942268431290837435
1312256657333281991110725796421855983246453506846053228906499681711519807815553994719688815138147112376421373907047723958450689824700074580024712157040
2508611084936699939584547681184344144137555335030277919345778569333268620600614519136660549163104637018376133010684060910632660964420493192412141810137
878913601664386457167151729058536476142489796296942787596116411674642222696352509914365798360743088309048396157616840216328111792239759629995273058636
3088324498437392872329221327242662843907569415036083446126757619708696688953434715978217160008600788709274202449963642890727054560501351739842825040938
2788878301499411445614774224724632985485229590361210501820489230630513768978592567649402215378261829781835492675541833725707848565328539370831114148790
1566292140060327738305385969716992268015877098263331632590858913362011673307366827725233375620285406801705201137725529505380465891379066439537571263038
1940669138266076951005567637450394800817781402219032967354650529680831574231142966136423005057853704101176249635178958004070358790511341337423602533254
2622918224421435205484962852297691072867165977789393274241151976967519113241133054902020743104107633853082989068711581380145367737561877093442522680591
2155790663519289237555801547285481835914451224601711873858579368807908212185282762950598470078267054311557789159271426809969673910183755834820686492581
3222688084192389220100779121174881997503194392120214547581496521545840701591986963202199064656606804880054652048515161112883901533769209831560104615676
281261937386312265096440003694502480539085909456161038783794341683863007130020154449602271676362110728350689855140857862702912663662707946942499575069
2378913895196429973754839072133309389089019035793755618674912184884767868061527475976580651274989333533500099196096778467231066244036778847143407517922
2875689844209323161399520059941941576892580907316528128680560116719389056007641944516039348173408309416782657214241389425875907110314191889593472886792
1054769681367301388108548990094484214399603952372967930487536348340201816475631898365604831078914613264908273553788368539550798307783198039269817340520
2308439110942090956838804257332148843934279247346824284252825463972802021566647145168214929205132510983537712699040935513677048112451805575296521208824
2495698416222224998281992588850819984125352672618874327582698835731975076097887324092855862121650224136034672425411840103989790549770534751809670208797
2039991763026496303907566460497424489696910543282295265102783631655926392800095928645079252533304673925306500983020723331129852703227418244178983570435
2616385795233218325509786314112950441368485856643023116304197911221283708228762813787182358391172258698136564829289051416260227262301534290600677038330
2913021572201891238155536636043249688463709277220543748460925327798997125836936237350576077494406265705910874086688564285295782762067145106863959782064
2748135441229315689208964543349665218573954142095376641352931431098519302229805972485508187199718014190121282130814317202537806135477347893762259382326
2963682526426351908817975061915272385998331550020761799107360020046203210948849619088003009941561627799973738312858763649569251591775560656305955031986
1260760566524481148117788804971455641813057114700606424694884056651094921768681263996680037921756439285830056371624908381328702120161987840468107056613
1171389708722845444511176249577431204153296645420800484005965174098698321130331951059916912939507664764048916888789254820344403308441003902359948499489
2661233586837055687696032848006223137416786454486432897989370627233639815339252479741675508698395337125610772827237056545012701136323874051034793594810
46637271371693625185953005420892602829256516814319456755616412927166955599734975079398519968372202278743402082531457816651441090367223376835195500762
1937904837690323746068198217873743993201580292336167818600230989208333964090724277900540062993728123877639920965619084082817629718267099909825859407078
1775994403257254402143697765813801776341646245815530462166892947617155192049736942925176004060139880458245680597338783115474910860345493138874848411952
1596145464618971666699185085083371194748366811435672453271096723068035723234880798270712700089632508917342734184629704474450493186447163610501752653758
521629712796752008909746182653390841287992088154907754993500085650823753409094377738136590328641233854802256764345534319107106436038011364666391341389
3172786987827110367178821775599058069275222628804125255403815643258589197123663638882946432907521070483425184187205110260595714573443324695625975996958
368827365398480503884037850910175610137458625111495750676671066893658833363088789517467996675054223334641175268125078739513542073394271533717934941681
1441005827330508747972961211475744475548575633426222125740539128451007078036684833181496010048738914239910185071294056922944777360033736588023322650799
1707050058112660989446126942592755216662277773286605299787359143673499312013960808694225185384570004969007316373846680009397573965821736744035941578008
533356145248584308500774981588324610113448732113328930533964367620476899566153028235150497474299981144334052998527474635854182267550672777187928182163
2409724027104270680858363447845734508107696869064222849230748244647729295561782677902945062488670107184956334385210750500337879782330368482016604226044
178390600414893663388001896211096796236146143782369447410002913089738848346948873132251806839713642379806533129887058523067973405536812652685673493309
578427491626222191585848012024799276622130123336903657980620359250660353064383962110757777180412621698145373151950043388256382070686574426522405850850
264794721400979064793767103820396889312263504963463562369817943522093303537718015740603042270295166848794966888271409642337851392062720157033368416039
289016560982687130112796475072261378083322430962446463417039724370171244490825511509549207577058078425536789381526915160656837147088005233834398960279
1143614824588319706790499595907304163487395878609557498606665923937061155941688091702523780065942615207324216566618999220284723629473055270326881701145
1669158786517213079864636414495502802954970049497736493539346236499729526047466852647015828583417571900957161875812464025598267237764773083265184856324
2496165235690645375148723417609459098617865744229921618521199915895001770491815442702416581284398137618270694254756836988679395675751988513536244611095
232994989243978157078130020902416616063117067976225440153412324335157657703065908821339347968151582912068721499237445544455669838158358543095930725904
2213227552144453324087158714208650490417599102477330596264863758017041584103343895392762996045344800339710992877574206004619167905698294638817143055024
38673799849451832338168204613954158695331937799463869250006748524246687460139715994560579679678234643388093475082982181339009543029072351661844385663
1985662186241102321470878565862800323000184137066830287563485097352710020259510487361312346933256546373716501785621115921582027651243495417048183878914
2915703082725273745284384042725169200847893872490456121961034813092428904333244338996510506815416302455031711140748744593479470252200155205705398790964
2874354395404373521043428820710615616468039726811844153002561862983816964788492203720239714930562880141129166517195903142697188535709103374619540802681
1601063336397038957209322676986291836677598931700518348904053160895191659788924959237050091306485893514798446242279415536017932081981711873525632991978
777845937978847365544957630405846716850420235575952475496834351584302799188869898512656726931483271493924856321629534934105572258005787168502160955168
2106277312461054260674085292160669037081544941646418472831103396267306976219024543340092388596160607657476481550475464693445211855620416407222363401163
2315230752693735886887958580477671612260992694890475649855161266046315063360463046676488422033213461746660882456528703754080739411885824104546333831051
1615730679620900402353005619032302598506271496765890222584969631460051312247420624147166306172238645244504643175014096714013345314938009164657974500351
1318122065517783761996681901663308612210011384982790299788465547068247493380384076158023933172958566443305208006927829347401376584820041379359719824746
843406427203329027766737430367186619594599624285468470452921489536617262490004084426258992480110772890554868678505161579109976196711194345056465218625
2548410269087237968480936442958842721508651692089351969759506589310851343986932163709248773542551975894753451265325960345608593329458473504747418069001
128678828564433662089957260648510203342143266349051146069580637347046785525543854777920137307519683837481250689949108171943672092776666805155323815048
621443186067799549895952870358642086158995487302306745660583489659621513737076711432726459499538438287250058029825361712199890525685874006304086479959
2476115221436555986612805308280219971644399552598478097109837531929523250948871437034123436299094659548898680963748331227238577278213447466298596859777
394718111679425264543960270045180313759721115246674230867874021337369971265289486465350237896150113636025755776062312409034964943964181586988744162592
165943233288821005463909129615569220326515370491409065882097351625324395798210575311688974687857678826103245248508747244852910100669906558789494590329
3176447787746909236092710649733283212742426974510673103003249923491195703797446089707029442786529908248128970758584343390435219508179536656466074598345
2854783401306457430522907734472498628983432928302318743707449032006392341761316293963260860712394450384085345694559636721070689598139032972529155028663
2831359193815546023400336930437120090948763321576688854177505414051913586737380335878633680796121746026927315540933232658472139317237424323311180653909
1982161848384314065483208799250846038878156279390617152260647661845750661428094148805469029281543317259109116433242741962694757901036872299316352885468
824234674839245876407428546386561508677461830126722545822962569740619418356265690423689465689629975908451255799400923229300393610424377113714607861233
2014638479350537850086380646742942253719418905470876271319755136294516286138998710181168032221623969775984344978559871565195772867671596129202763095195
883412887332358165863592313924739980083508568581302766571346064866081845549931638450227655693911700453677504947412733875071596827400769622265698684297
2878864042930032366621119030136108518620159727306058690057394854765830341178225646225345674814215511403513661062776428784917398705737818387165695049482
1512634396494420544938452871581443820468142910859211505446197661840911785413960268582952545444471285391695861142199479710291037209053997868564590916819
1193365575921322406203674995573513529280519902583543122939933695964495759018538900827637905085351578379049596107649320154724386324627347596297946768149
111771685571351440521150109518310847594215204733813245302632781391623223274893694791261016959459604010490816563025779753442118460933458740824490599881
2138605769850490674620540516072888993766899607321001165829887614075212466639546064766236796888036045885641603320286494715971822601064416880007607269049
1850334361381701654392853549049418511394370515662454073530925006481291404006076513435135043997679402363070417592781759312136537830297342057780338369626
681154180138374100930587980455870706249271412712389609986954609620789356386709527822348185937151713703295902895314802221274756113255729373582544457276
115694551755700223063446876276519997282891996664772101078032761250800905776646163480403852261028122219453844432293229457705175315853241096808316601794
2682839205209756164661369865542240091965810110057742469272056443994996311901176862203351434799763585562659645439467815134764757669076654530026744321777
1561773317212656512775665887074725827611193572072726275090603198551863587721832504268625639272079950200639422075873380508478340533911224353239986230723
1202201397683388815605602438730851633693395202020304411530512211180550241300446179237296749432476732281684946100395898990386204242216921688112493529684
562482191156365699553698353740406919048321232040483677751128356064759609901036234849068280178123368834136887445939598063179737698223800114109653753813
2984329487106143004176597115380028380951547818427078240696737202464133964010851499588160634883582286240707931239855493205285680804109165207095101744275
