3600
~
100
~
2
~
49624299052503054301966632408
109149517001058225578284462673
1178750751872060184555479676957
815870996949594015043488769841
911347909707045636669170114816
108505155907384894723997090942
506351130720440055934715043632
18116813644788678211075807258
1051103435009326515611549313846
957282612845949392007983906658
1105785648515510917777191465928
860042527646398013772002637623
1091992346586714084288502565508
724550255254449002172531914947
935563310346644541367362365122
907269696219159030972959697267
452313670827677515866549099405
232809745299279788654252800990
238155688162431661161344389817
1097463029872892999837203110312
336949651801239631712151169545
1051811932714092372158219293340
810388315909536409162661471645
1207905718498309565454276848968
1169026622867252094401137563904
279937380236610744000920029255
651015023915684840102209808151
528869190922861383571063432276
646549706958635720857629909871
518648062203698597847821319350
893249750494240457840397655559
105488588077640922672360382412
711933309347661030863903052947
788509876357052829330078697519
599200230891667658423664620345
702262065931037197243265543766
1199135360663609307958368374941
1201261958982977978469660522912
326641324496732579337589317227
1051035383657116081554745865742
256684426084350100911128173858
1267498775759320385185446445973
722207473367200998436713342609
1215869284616511517432253316171
767000612918556975665694738888
564985840912742576286023639772
624064419085274545680214093810
138238941107708090845904536494
1243390093949683355421007102062
9729494662936978810737629950
789435173734330185693372930635
802791786491470448193438430198
621380286014137506414126579693
769127359441770350985957637372
358830232526659183662241240698
232970276262222326319947427985
954039322778380505599774327055
347449432750574684505315448012
42783637565404320441444241853
406688854609014474778290936554
925686880018936980049430295644
173901621101130118960118701029
689632532367665042259879270032
672320615764922178163721917540
158884855397888168001452504177
584649890101472835022643426339
867399645963059966189945783601
1254872396182695660587618985483
684450024456620139346623825795
682285814113794964014138681289
216229113878247051732334810668
846662787774715491522347591825
4782698113661702107574158513
424585798716211758697798551186
244284612520007291395160799937
730115403442641813269754267926
1139145856277212933965743352225
258392681649722753218383006138
451576641479677483633019700789
1035753752921165926180738668388
710297724207577201560839237750
1131768946903066956047775314561
115509821311869863712329736778
350370576425481091108439295560
36434314447190004808229736884
114478439744113254073959387890
302862755690669541224396744990
1138673074460439833638694611868
734567882475203240448064406994
334933566073520545692048657163
446029435973286058854754812639
718186022958311714082302871894
327291217852659231598123383531
5561617522776526747629012001
724338168100748582870416183771
324255567639014058143810410545
330285445474508045915077563293
348461668726298421196288254806
1144257913310332915084053814706
865135518762436903661266049176
