3600
~
200
~
2
~
56769767305346934626296119910663078338721924229367419217131
962740964225885227403413290873494189317894430752993678792724
849993006657046394465658023575578622490214624390337017114149
1204942322313597243253051113182581331269815593993763348526162
577685113511925039077758051264881921580668918856548614570210
753089495272222240673121907251284429197940301685162297964441
21328139109971274039292453046448593353100849338847405720997
1341786446341090335807137489296267626869454996313784234212141
1407913349853543345987273716061630903445853590228363993844050
1373351039813047555494335746153151227093087439981162153833293
668251048301941500479693137123638537216244398382380351579887
1492452901157451843345179636698118269068522874553876626329070
537122032847378500355456519504828481215848183541326303491702
1599316165144966535609161012894232145895747557535290994691738
137659592471022657272079145087043281435919632999748175025152
468310278615669327782804262690884573601134385826544904320274
985419065834695978380437579383857271354202469723366394431871
3628313321262003193749783803361487920090220808517615582261
629193813181132744036224827753769722018579158390950385606762
958111566827105619034511875432272019898451455904946248086016
603957933701069738707608773235721570993301933473914762876990
950509185711121087009661622390199571738137184216820977161252
811269610488092992775618431142414005565849064372689970226653
206423453610227630271718008578256571662909659255086733467293
760416099990847411538587454858759464911690183248336653211894
212424420411663368186438886504843945355378014986232904470743
426030440199785816368875443467277109585601021841285408259571
1005959011898934146954973729950756841822754885601060486783523
1410893381039940823338273123254105285478372321201358156641023
1252177451705420285616462065524730518610370816687089393113656
1141697929766857132311387777045498079675784678516986796558056
985438380134592975254875091555757966070248712563331330487472
206691407402688288300587821760001474673129058027612630072007
48749843288006274826655060790790238796398653526421592942724
939056744287417180678035981821167247687178047981458542595541
709036596324662505418625973635964500147418494280988251058951
1308908664150073437476801391707672596396652725463427244287558
1163796811183534534420617321137122724604594308673755313124493
34515077441229615143518006389775501743826868034481641377782
1124951640174957735647178748224695833823762592254062520894135
1125463769317066655819619404480935018406737397084505991470392
1456531854607109445635882319526573389806223591215124430577232
1066368403679125036319637664472915812452499628443647631783201
1066610655527348483431520519436652308231693277911247202649827
789817407632155973758280572771869881755321403875450557826367
1193129649209639952561693359932019599733511256132049661031397
425341235819882959189464459087405257626688163623866208488996
817678505027010891967592396595945176159301922783451488691590
1203134785488037716329926847726506779229808835482294562754544
292259834872321495913149458630499613304598269546266766905619
563031038802031230237220351829429208349436648841267122058664
960393370956181089650561710818481209429882860530570018818692
165034004199120480749818426079317051906447620234649249929842
743106666247733497279319242294939391978100597574825522558098
362102852836664554241660901880855997130254213781897413672830
1465041080194973833718353604956669921068398250225397986423244
1504196995330203539465537060209214651126064935434858790222042
590725223853652065624812670367382547844245331853047467265829
71485596640345080233779023207280172362003255002532436027437
290822327113337930071314437306768554597889557808395053175396
982895311802573399085911154900807184526927256548547166807753
541254688391074580448064828638885003021237647176118118806946
669921095204808051850407839657819976702999123754509343574629
1556720311072498531770163097090210195569010477473660079333613
1127121708693804854622119033145640331057056999270289851683142
997337588525014698611695120271003877569977864930507373726245
147971016817872095415996529083496080004948935890269409417604
1230024312002403439267721377083629252091096030467308011400919
441613274435857512148368978849925077116264336554472365794099
517013000846027124799000243589924314858572200888583344419977
906568618682679024844553332093448639285900838191019949305883
955838525079389216822350435576547197768196547063002675363932
1166209815602010775943348827337997923095176293177248024091504
629185329428772713800095674781728970455723014579396121736561
25288577108553915215536098085940578131709512442515593377767
716238006266590730763256580707748532707912080765800564768753
846158534789589812663354837158616372149424936298311039963983
584143554844790690970679352596951172505087831207262282780164
647251012276278538433172544045211330429893778916850203328164
968069667885357718380086504093644011706572162809834147725548
724224719158682961529422850549880680954828719041767135433718
611673855511685441423179215336685517825004481011866688100265
1022845702546584212901178997240978770452168090216565528539795
898380026441158481399212634310978576206117562336055273677779
870380055118426939533397256315626478769728336360387451424228
1480292040874707673789342283098177484163473476520675985161043
1412231812981752627596862947634511676236502052963445212146754
1227827378337833796171170352364156263186724620561175025236495
406186458794726502120343223692291422782425293157251995909658
700044387741734101842179380528422406861718423109025806436547
1191860573103363624941554044806211931667965578271019508874038
476138764891077783541693560001150220906053049010520289365012
1182105177879449966226691808614166017284638395949247854627519
296952498349499247368971221971053220831296068136465851063977
1583552053144482547180681628767907799413580173345071467068846
921489651213534824704473855714802687855575525071863975837115
800206236075749618882706217073574824056196050900075146371423
1602434355977545047540866052694034953173201083685094642314978
1220196587089708716416949974322759614768377869559384435558890
228550650617120100377599985204520966856667519896210934218132
570135901725464438377092380419666401967538194273313275571621
944300900374492122532903385775755744549815701134477321698428
1264186536933263366027635031368096284821571962589047891393521
1323088236044235513714764619736834958646496031960509662062126
600698590253089011272025030134594149954450564355991849594539
98945108363261871709884896555979249783351340085943458068704
963983888808663605955702764050352150626111928776026736885008
1348988005299366599665592058644529763913350001900539291549867
1276596825574709093645599553489492827559197334272841835146925
1333949856079880085415318610177881822277140721239953397955128
1493141824444273667755721880946441768707623732365987489176607
1445257741227952055969705620494418955107765043127314611211093
306539651634123416870089901157307243760476936991739930776684
87754977032273927180103833207731902759874440043150438027352
1284236820928428111363372370406275387989224385641872687941628
756583398659113884747644752701992243356309832198484265175516
1005491573239238781626393665279854950184258961303909212994158
295050640217100986229045053697145412488907297168347589981167
120152536155913755635655016669664337937505627424000729023795
234715487441427750099069627699247674985685850822695562407842
923015061225753481367484156854998295426055623883472108171872
1117912719040424391272609531333603023143582234336713199057662
81313588646015176060156329884455092372671733193546855506796
1325991415045364900780673063693788573223940058525653200932085
395968873989776843960049873641174702431784549961453155331973
1536087412550024948138865832549381383203848299383183256535701
637052414403902294976734328244718020192241631351706988338844
13961326509370839288176134475386506650845080326409934881235
1126313364995798582808190738899071202571158841140137164622986
303153879536000118900908258393306667288911221244022358811977
1579742564386536387720245234801815589260474415119351900558352
793968904618615719571889774523392938166128459313611294775459
1432890447841588636309176645041720333942549592156050392430200
567558648606050441452972474297699861505010044523104216289304
252722018909592358304037491629185751456737301178801466969843
580093405000806023472237582315554000702284432722569289919932
46883381758838124525027497447482530459722938734979053412975
1241929816650880984170773404394545024680790950005880073631762
1099612563925600748256248837981034092685499257859127857609935
545575714823758419938905796067957948752500131508477142317590
914984531785155250667603060823310427773488925047971439473546
609531517504954428662771510448277371552294853832272279297082
967804837341598945140067674534300026099851949350313966954858
229708937894285624640363025212821053384349693789069972291569
1178190943562872442284748732792314120293459757757855380028324
1496130131292177761446216599788109099099522034804082572120654
973995361897518358479831567761731026939537582857796871730987
135417084241037108429696702884216950238247657555687136860786
233973289821577209747269459200751739252032165736092207685842
661866272462152583961829355896109167618468984115774845361646
1358173037430975700854520055302898041282983406519727044341606
1330376447867136552610332286424245793165711569875286640915725
1458494281178510106762319003848964490497844144022585528348469
946205340348488928096209813910898969749822251245408855755231
393964861404774121199143832901108684710907089602141060060015
1247408572863191530108409544913513464582577936591853876424916
179149009993319175399351477730046612172332945622482101121930
557466604676977538902138941768042246242297512037861965327168
1587808806360665634972253841320035604844339329247226355564879
27872945768508566893568562684406134111810709663336841598773
523829879388927128779137255842783572897675965487123158882038
549715958823533443970634026018732716921053238138362459743386
553921927014333945971683434004629823853325036819746651506404
389145610146081661922253385733665650000430639001874614730030
1002201856228519668163011038341241822034357926413446317878780
1534015274876391486984625427563583579112504531119471826700561
742520722200403081113644795501949649073481903736283915507883
146645970717075408272394988422666225069170831441789056330498
999078725304564806336145623793851739653254093923030089412816
1458550123666890291942457714626515092264971434883072861682572
1500420377679856274915022337333437916428754096508603339597742
967488929927040008677454105224831886859514729672586307231498
680811564014403272039406822066954971049480270229784946063577
1081194237463520584287435121508411104873847922811852977892763
446416595612208985258741106862327693696073705113394346329972
1215853058656499386038560497814747705273855533144148348202803
1463133135058813852597239450238842427718809529214493488573512
1460051469802368493798817259496776311769282953979444327276877
917653033083078764745367634030809518678396690404785181898185
1288912637686788617069675108481923705492143006911215839748087
1470714214332741126207485656475821530122051838141052119170561
920328417753022557579993772023034758763728088955329734778154
11548679009282739613685157224634304853509649660041186530613
125146882242890260843002404235196504142999260656490928893887
1217428371973255156386988156359983967678091532842496282565226
513911240740446589108085720504048222653491957110409988556825
1341856563672789139469881042147836811496367909752863027120529
45646191668468796678311598433101315758361961047342126576508
994822625640355448003407820121525676451187681657564769627831
1443174635641352435626361074810422162348868827061050260993415
1475322543586555667425160386834326339869190690287056471260150
1029507037173022926514653035258032729739646511823072387410692
437579044642201674073994527977893329947894947730464236623118
1475468585220732790592990524144266555487857531291523910620767
584529905491758009566026160136933749766983375453673009388386
565222899541921857038972651448963053386982063661059921345369
912536613653022105198700881854352802560056943451597451164901
1433133180798331818908957828706444210222394831092942942190427
504304781865612528567290156790014208618734197442876448001535
1566314058431229845041632067805362606227092342648057577986617
