3600
~
500
~
2
~
2898497757986403781119678936239546404526490086245561093908601240528121744152091426942688813797465408460239917210307378103832114824472564597936212323912
563655633033411008775629528597536010508077139524979565077254035097407386744180026744080035356447109164906311686945479671801949693121084212792859645447
2524706832843270429560236036301061009052841821991690953545734354760909845518321610166680649230875232299318203568777147605240930766572976068485164364864
380107156720290581062555901332901291425988530150445086296954033855522321314765535712000532441569219587069034362922332566373913656114214217761514284830
129447769382941876166236109402251693040988964269213407678554945981115556282756040757863330206727409643690040674704562773625673750351407421823843524769
2343413749885794559060534554440452259714933826088144904942286437786908878281740064787798852535752504938914394500623282594486129486715982115680619536519
856243291254883688542993662998977328487504850594858202807257104241081525122441923029514231050688977838866012866648750616788396336194665153634584023929
1134043784959131043806611952591220714908683271956755532632850294860359210303264249463383438462273333729410132047854763806725675383536635837815422537040
939324974240269101684091585396687178945212443322109860875056407950332841927238948156679502813899050540545809100209047810724324911379261088544230991076
1253615587764556537508192373559834067514461488232655366092886185529394231212960405090246585592026190515564932591267337738171784623788231850744715290477
1070259264821929318894269649791380395049612922061942622149691245806205499189717483169403929403922085481789438592399392334972722043703845885523335633919
1795333677460035740765272186831978997894159019322348876275335062890720188776043740301022319811042096990584496797350554656078310059647222138491860314230
558410496652686688281904437157861336169419273702612275915824359251499464589137122559409788011621759550756288102928667773621609042500874984908131988708
1065249004526037103318057657613190175513587545036943643631065548501150446244822420963838883814820831782972837194330995317463408159929704163253628750700
1740224784371943512152401968671777856771268052740260373630614105188161563722721122151422453232714275515634945773321877140603959363511984981367252781319
2235762054429406585479086737754324426785155737637454477181028248156070759626813390598934062363540619838255711354765601215974678686108096025645595334979
1170672034378134653367056240681051444659909761471731804078455686871415477487817133260280252240619634959508182012493881776764089298378701988313646920671
1774881708279846507695989454261915862716301532433701067681456430527969747919760524954198453664529031641091235659864213953254629363578319376091392383501
2635249795989702319271088324510949940782076031074356463969622054426395385020807712728955242251570965687315456286031250705916641632117965136348713769870
192693207951930824004922629046870568335259734323274068809483162955796523828409550239740875043142302347935950364651565938755513230854122867727881262183
620635133666946484729813496780873330312615449137230678064602885994927263675287862912537326400573745258812348817819951978480352978054845936553432733829
3219154417725763827606347783069534147309400751855377292924033682929194251532406324326571036983782237647785642380492948704814019861791728288101613803788
2969218765712766566255141430419299638125055718863190828660187018133422677378083668748529160909220835380669327347413402655328856629469483906845479592889
1351886023081231898330533277916362693325872381292192549216622559987310038570998358506193424498017706055568709805988943683793002921632874422099018771754
351238771468696001069614576435441602509714429157535885670548792651495791711280952267573833406668785768602120543585555113680193456265211353447819195928
3081978837009392665807658767748011576067439342064656206236290473356609674140645716745199217066421609371430704315501530447749343953393247163070285383179
1019502441686291958383140483631073969658240024315302389967171160702488134703696237804255624266673428207031213065058587462332830593454360808723897200160
2689880078539704042706639586289148500731304531494600984554670939806956848446577320554985424327645269193083500945861490741462904873166851176943236631867
1006662841396907394032798166887344885867402767602664965099757072754153516036466144940775662707966764859874100236465874210675825580799788415369098854215
1912739988988617594487377785015479806621561620137220828080871073036801397624270526317678533385348696008750761544620417863608311494955537611471883524442
1524036007491552903119992277835152448320214886090726112339977216118360533367897032698920261328463108530550746485086064734356812991049490825314377751923
1466969579339433974458306573261879152458636957551083404995693756452249466713471553999293702550779959708681418644192311802656536778662426644123560475852
1462463731597135526861046634982993940967341825237446338354957512485318725923834501740178143705167032301338221808389917826091152371279444738142912630149
2759022506806392265613340751883824303197673992714557954659073933088464036989005428615574937971258041169081418320083819610494004422300341359801408677101
2293987146413122091602392274578796972186701071862277130436334605260062367642863903464569046633699796279858606149487008172733636186869832009389686592709
3003503750565584245417774229299234909443558836579514057447041706301420482251132562400102907209204563907336128388271946700198752351290567526363431896172
908373542725814856211175876869693277637862575150728402289882060538646045656737661065091520016251827102839839897643695868733519991647082047284020087723
2072026006223650087381339170350812278918166973112433254420697316594420705025630913304173558978148934221423659315286881860686145965757582884249528309560
2080323969446765204906917155384200551306738587218105181799140504693391564613500928550261563463611107850545926904568220382919931237296979954233121172148
3124134947706863171409085832105775145102561034305430652553786084936898155736670199108559147831867659352358919767981810196015925583696465855256450471677
1573922691039467569836329783166505904232724427048925019424515002185001930159345800539523212023937122817624605836544801737646033506938769795972770809387
208653766508156890269458453996147311771852904626603377492685498014022451915417824730154414285470676177737816774806991854637532258858957923472940323502
2239716323309153188270417510453373567779076723586801925883469529401282633475990518290515851153112996711688937074797838483122153775847312858428375679277
161967511657930933868957897849871175603358434161861594616081966378425983025240044404724353764448535562888551323945998512497261928904407606590116841965
229263775798191698345979736307079361132611963906994093474321978760079857503031656081659233881023181839060630574402600524142610553236437161655964221984
1995995427352035070944851318921197832109018394057505824227308567797975718920608839832086075186015148877386473936949941419611303666554657393256054538013
1208439590022232329023982565927993853607683619684102859218235494894580282783206232750020778887115239391410593293165350288962547849394206591429650930268
1733255917553008463784045671830410562363439870516036299289591581162172368850145761082143948583656033480199887473584073581926223904498719508717248197679
137323974126404522762902286865791753149984795396826305761756739551961315057544974440406311006337631844348988254982675988058111493006078633689494263332
3135673202345533421903927724278515656039401178207767031427179599947656197370496313637043872516749100658505266457334121144178427444163864259781708514427
3141489718790509322015909877347992022468825681169195998688462021661600543488279141585670034073921334864340249925983906161913909878080774267275763913924
1016735141657935381238071593013866016896355233928447790589785935408207670110976038682890223085320413645325408959349288067325689354765984743948369932396
674733422375008693448652474532093584724548664268806698859869385190170920051271936903544188503388790967235676949150204936977074748771020451077843968542
3230668057577653861341797256238605741002842861576296312086379313608580486954394129599893191775153427604551958013164485796573583937308839676194307511628
663350654879262681663937482348069237228420912869422623297195266492110999124753147058274166796425399973506776821677412904874504249003881314314990562666
1560959288395357817466504283062840423650048373946995456127132265094395907730060539272870506296409339907672495991208311679142954196633190803100882925657
1148032128334059929619736185892560820545504775393775243947083969928770643271194313300575790305587054362686878425000631666610054119764900772333988282763
1750940084786236092644125002183582879394744206806622850807356478817357110820658170431946146308404002388236123228676091228155927666891684950718696003336
2213090566384733807002025498236083270412853968437267029529664079901317832776496032984595232712249036827687134208508605411176875768845674059203059047076
1922287173742356491544473828874470741628919735774858013457976241708297154918414123407229530438904711026160890284640236297316329419284602056938818116748
1827820517447986183208352211963560675020374216154639482601735254694431562824000041648321751528291283858071240093682166889331530900070833721586431536446
1446371431063871734122074257716378483877203298592942419251490476076514968523222734079089969823675358155220308951759536193238058419810305042957030690920
1499996857257358173639181890867758860347789571674609045553535900920108094231529152774980142649621810031437079121346471491688876779045023998146106086735
3089372566516247889881244144314953726248651270143337016924940548282962378245466632524010345130249934000759165386420828908000373215039060684091583770878
1660505879398214758950803327047191748126499043569333132956114414603202555248789210174723399532826646380347697278384613474555470187880328281727330997698
3206724618192237882136286898157185710442295911618663505308649006287382877359193316067612586918797824481090758649690537651093093323420174774091974617454
2491329052921160798018849424526072467034854768062467854649652342261472486729902656816944053173938316151473862731974274082210291844930551474011780140509
2217966952102006727235921572685222809661905588611096840865013585873184625224835497811338601274266396936209429002820323432076036125761111437235236382222
689247681771968162334830464853237132650679953469949591708878094255777931656593402382898913013597182175214520881141885583223686484699386283138518136403
2618880222556647703088997785540525272160028716695903621140582541518086839854717509784820269099004111627662427984929053212445389879586289615318886211590
2112779673025765626211468741241465670619392739631012682398949684745415958091802080998726185258537121957686001204096044994748197202337729375933334932955
2037711102158133042134519632884118753903850398053309722493834314475310426274266538247938776182202712229260604598776536160035055227711935976595721928774
2842561246243831229233455172674684456744389513088873782970651732611903996217093394471432490862336258449827533334336598893066827663396767094339074352238
2039267769288617936903693376995041948172658446713060631411232093146164078265547729100825981916225558416130580312748050940871360056893836615202460239326
3148276296551961587034180787511930118298188265176930081170496467849601159032786199382401133276506481274602396799791568805351835590323796248828866015700
2730222229344616127281685372497341391371814394746647327632594628945874916236738735826896309321034823351430010201188050412541375291336243559303349653111
2560937245999685181554870447177407364207335284158147131183697712126812993065246865774649704567121825839375701334125761262711999358301271549241238043015
1542407227676731363894226790179784834271497826024519267670121448114030378901325480776910287988053115911453106734905340314539018861316329034172021723967
1940753832525915071919162471825819127426369876347923580526718342861325330276382324769808340827420303198153938696238911042321720196583523096919450336389
757976167097737062254838821579410029547959608334286715801380493880271426354662301349176207613505922028349808888433876516997126774584197230346627166891
1911833153829793926189553019432823457626815157314914222276707729157269800462156906296456218831664497603722621685115207204335745307795869640364273913691
2353790079190433267784550484133676660834773916527169237868081205411074047487403127385508769615514693419190041229797201848480351672300266513556946784980
1373319852767951274930403185062085586750487107224965954388451797812089006988740438605289286637993458284969999776164509870929097914184178376305504392402
469481496717736058740257885861581539831878248251708835448656202521901000845283845705700275300498033445024366474408297678294201059161682998778156435546
3102820194004349820770150786918754910553189027332796765002910531473988587453282628595216642741993984306034092637134734239440869505163448657132016298799
959899630419571950456196015429199098226015363982530300192382200677470051824340130230464748451862854868793854514223809161548799788391764946881150170958
63784114389070537662460141873082976351524716376946965896961170811292793612855460341801163705896076600856961854624512092182719209074458194544628173848
3108683041308478020951529793223371339300147979803925622730779328152404119873710520757838953675192716514219912944102301602464307657469354219573297575634
1286973284231495764475973826958189893874643522774864235417724340614042196441557002318441788999183659694638467646210447597092260072118108207704171789645
2545742181086187198655863433143591718163209405976247200896805844584371742764895534692710983909483145782047231495004023073185286344004755059863716180126
2783904922909206228692431186475187590206458030190969586709189913388012400928707905194230089709511906767553264529624280339542195151281099533419326372267
2529365296882538685957668146633409240321009669596281330909626814634342894446343633354094792828968876429608336266901466206156239272131235314957884767212
1597657455614049209178699271444494171406851157183507935721820727459974335486330658752986483288157644005523345065179446706299488763471507868114883416414
2554653258924138890774235431885587383234121041054824019724806253600771452983051484025618269274295498386319906211001490927401507522871364964156339406027
1821869199221029795315383122735140440454961169889250025818627400522521095158296855207810462262056639671628403021579409176070941872904441492565509731184
1711918384676841568341452763460125972157192383470156978063325836189988074143546765551547620903933185021885849372874958363786587829901949495314763724391
1175685191161050207047993020676931868403322059801010856123965632109858279982561058886691285305371973400364376441488350845144690823395268848607217003957
2014988144680799009710538149215555415394541831095659792245936566113490928055651194604049778585659547673854993124594680343188009018835932353073325669288
1928741506713241110490260283682650333994263052399369754171715020741751539883039872506795732897026120700590991039335905672642997754335816892494377754259
2139340462548455733141172245682190605694324279587385574350709648857272668862883180419219848164243878853438538264764157281832483057399852245972243168550
415371534567758305166546629476622566427947388765679072417474162623667518090795431807066095154997515344131582852505535379881911711237165446572770845724
447517573086295947260785304162390149448881005155018228196811745709483564169027389390698774352230032696238980993597041192746993693152519560887122452839
1358259907888329710007906370185983110184033550528271160987974525989721503219711185561516702353327913445966808661609633251366128229007314717569748556021
1246929600485643601557137831770883730559194674705918179218059305407593312029661062132094945369866213531668004683446027334731135376460398765091253591794
709644588467090991734896768903271824425402781015399696721818359858927037069658314795161875912371339318421197107298333959367529248656993172799153372244
1428483670574282797047764576803050831663568784466921103864980800835488714211800032890264291726089994676861782185890213144807088842782810016420125948068
77599370759684149654348577108095603269699079805469660898966257232559965239972597921186968136041039395805850214335516664955094955430930935298827673082
1640650205265153649934050797680175599050085077528030376162244712563687006533329485409329710289154991770798110196783492495959917103343489227674570950531
184374629391687748745376148491217577218198420884775534738615217387383503823876670466119209618257553888414106616270656121264500988713664917651058556510
2307737753532773701906505447697875680435166802883608957369001681890652665185243517277419942303122514280716334753149367662249001595957115592369556355540
1667869744439107516777083718106383098473674008496012329169579570030054440767287915968136919721953107103681466423620257226804146618973049958419869489102
643919354846695003921379509237924653591192900859874730765912200425956869929385595103844773567915517378986198587354691046149551361408511258623617941646
2887985070607343678059661261022961980186413413595182168541936059787104514724102177194427150746557560093021669486067990688626778258802460146806936601506
1461238292891853082639343187474640840878300253796822794592342037416026455662249638394735531899810006054811772951403887651638402141042771023196938363194
2595163086867442062255465275204304975719881629201388875970386079491264043318448752773316764525247149408592786807066412794684730316972491645069413725034
1463870069944115360552889018176074307690859768509018432824738989503283328775987003674595710572214950290943491069484082879631402522694408072506293194228
2381855085391314984159713106852577116047396287188645337425363869437287999613711702634802729836327293492834081340603858958784201088565632228812663513321
2945653271599567438408980699589516859265590875912355025438879936078407314610291465630694033538676305159753181233069226749887490480029634411005093176192
3144266721535772180049443425229203646099816202404556934460492113999175431780987383746436185389297163312854152726885039087416822692192618687442120133076
2911568724773772812657972213354061573763514536390269306017771426826639767688565130993865318478149309062115356658003921289976852431786875556244525892267
2569484969121332849306709379328693498900452574389083445689047215929251821828964870653785481369851134393195752033081551266116541986009159863856574774766
979702259954923096503581185910650652838591942811524014932129071395253868965136340847890099522838605950683169626365652280309602842198135048019551768654
1978576683601445708449050499939803931866131251621388579496482875048255925651669895298266331355975127598423987688146985031017813516434214048665989807157
880024203274722840690796727718318227306995278756245715245495056607621680927599724882273553333255794827050897126922037193935963342576520347055239448088
1225953344185137026204109320490144889161594090863153421405000904196316728925764738246058513839911706933909940842650337540849283236446613624668768156545
1219825035830343488578629926379862871314786797232329021129723782085149852742916170312301609487283472987215724895536179358424157988832233261752185773335
3078831619010738032653948558051077616525002925932393683612344840003034830419926662131527073916323912750614343380390520668446405690091309225282604163027
2305634087691787804363125836720793739406867080330877920361633352674091223696703427079910726599417136746035836657886797255851703039917930009308547095608
541864320683769563021453514265092702394281133330836575080217823565912608239371856435313342060923823582046363245506593426876814608952909643087119260589
1963243271655395797719287614630594216548219809030579626135597489111445325794240930418358153485492200425777035865310168057120925328409656536211456093278
2723078522284892901163402237410611435296981598490129069544376196176262694760209252943724683535788435261273882483885785330725269737539569500628325760245
2364883580137334408336031611470733735902177920362569535266762029158678322940066949694215152517808246658183128890274729275496241516036322624371652891135
2269849747294382844502437465941433548677271542935262127499323378986289395010590218061758971742266611026502061710304193844778224990204297497742841209024
674252408618099128127674132626986412059415457056362622625780786224627020014707209915522260298497951138558750804162623803026168127417758474133548244743
1545394225470308300512452646639897259905115051099036463980792155294707059276587265894031022761610127606018167134189430046183567473042662941246596408482
430686506032120907596305814067339347491662450169409689873989452636474319086090731722543349250196714401171652375400090195647519559471902959766901953083
2459319460685184899249798696464639178628025548664633614746666068834415133981673708033528950228710460279355807741877990825634942347759453285436996609702
3218267076155281651312448917532350342761626063587205055005179235021692185217291425007585235252634204658006560850333439632454099353540555866872997689110
471150456267450311316068984921867441711693714291779083131857349062233634184929140166858518974151652088711075504618646801412336141855707290389912249749
2083691613851352516032013987405632880884075455003813633884831361979671867291064451294284284408407858272378982185775770203150811057393461434887970558486
1907846910542604332763587002343454574416050955648357873138895519093432352800899797455288572726594114856040596602924618941176537522453971435125312777420
1033728308120468595027258398634604724672435041282494119787259262047986923838354171638516339992049302659163749146060771179820073769881130823850315383154
549226764883711971040524490469015946905018300428267123567523042466652764980695633378731424072773790564354074064047976673048399415232954992633462295093
173760956568525356478110764857211542075743619716509188561855991935318200827136081714408392316745695505007238998445019140457004106550465033903509682552
1089997579616304949792405685133395429741784183928918664483912568462358463718500185075849308581597635697214373201446031332533255783780306021152959893546
142696188792015901608286674567731511423870334543822082597937261285838895785154842683966616567535275303872311051283863085274140537926609641575609730575
611152698432086304361122834214240669192869363643208177738511563913299672819031356433870816260552174000995366247551047260975519991014657531867708543679
2366604856202547635853227061744718439511210226428731310170635731347803709355127846855458842900914216007466776354699320922511694917043870056566027774620
805944473075067631152357403813004861149512792356537708477467228831100330403030473278488415722888547700715858549728340041789134584419109662570862298888
2311835309350766963665271686687816317069794238006669068859366468133268421463781146206026490870260484963196849858210562280023218019303996826722242841312
1266261585576219350285202830881812939624545737707450463453711447265022005511791909787463482729492589949882153749177123031508828209481557265272650342308
1046334988804808121410846646082529734400824167918607626603191404350731830567774031589296003759308944504572425404067527455072366309690255693321825774564
978348842701016284217508413729607770807359794321997778938771601529759498886211044307441136201623337417806833523593705886310686556010163399009231386881
2742217313668977233405104933456749707455269691128472788642567741494245090341258916128877557870776997611037654550906232552580893658303911137115048986456
2309861374092935649796777919821651383618752110718323217445866002958310163105931573520848510057905730936051077688902186056018268115246369114592381283047
1023955812717997367159782595558680208049855213672986612720035454994630309867294437527994685010336636820841262520699046336350811650958107817994478706979
1997977814896128023418212625998057521028953640429122570604076929115677271654435450377643530981407112735356378864535689653625766737811908869976772177173
553147782947718009836104306598136773915582589690334114403248226050542479038556613210958191607997536689922277479016641440107607260727672855793318619294
1042103251252459215963066830878432695646772222211664103603934777582095360489849932255302829329329486920821977400975162684236397057452710342093556192006
2334687171844449104023668591625149010185256196216398604470879493224937169253824446086426061898922230110286648131152923870562533502126600463114225694920
510705749059231485751961704870575790897853339514721667337463594297319711880348620730430012315264885167571995236173521157895783536680946260000651897488
791246879090173336504478504405312745823682467398533399825363063943186784877703735303517686407915312101661083486920714091533360711501585012358996561261
748845096037860583032260906955208115710019367018575002618885272576218283858273514591726055954063582656397893712463036634667916787581532562917166334056
970699437673763737124816121517336453616262222472541829325402868171863910982243306561017441445834036364118271629924169059674381222944764937569996320624
3148031636655709596283239405357030584402426596498742040253497990996285243701928511151692637252373293042510127340512858823657450664359910673547838227012
939416575542547569596754656873611515863450805274758566969911026754517719926316719689036180260193571949796775954766487409021341393412766255625108061895
2720238361744853678265540679668741956305267206525835249656600574775634310392839877636575142858762924020186649298006425121983577071732569757801555902382
841855595716956173009400651055605328828536514878901731349312925481571866316624020423040989298077724695802661838196273299585956998089991577048164040292
2467041564530423306163989136088548784163131510885541665576916804790484468580839969050052217710665035034958067261816569255560676346544859389349441782007
1868568803069830041868224727343725172778342497814367250341898142219965851964029052257343535688496516397048076957944705860312414538572189919072665164519
1884514049038724378802896192478357221162320194406731697193103198448098020683184162427301081990363207146289199183084130157219032939624836351710486242249
2836268713040243873454162642343675275637620021766723790990403066631549381155793288833701677223706325570832024955853587280832412084123721276670177603020
1342219430926378142601751019715556510213078254554098077434307197040842058581673458067478161645507339990297268417796155266746083820755331017934921593329
367002245707407687364458218173137610125951903230544168729350208444186586818315173044624338465897118760683599959726707044045324269051204360764679613084
833148667280204871518931299754981104684621225465610808848556166741292241584597948641024166490785671525610128097333005015494079570765487819009296964743
2190022510715515185214570683329536759391640721112269770984576135172992666857573851888027360799077161070366861012643932171696824599015626289500015562059
432606890706536702641860907193001490740084111410829854973476834146717458552516335030250348713061146714861808916598492261826268920216523462608201125881
1151902312406563137099926667199575571114654361948924180026414422875162282313540097395868685486929112133258123142109365251540541213334977868038338235444
2351492203657472603511696068938684357846583972980807947690706573870114667907651702291199508328593199749362544015835430452914457417059809185903076220479
633827151047731413253582926917385706828133272154841214864566301215337887337035654127956343158192573377169841827671360148497957041015940783999359210621
1014851582990649110259630334128494775750147598752119265215996641559051967866818188342700650012182375909664974888199202117053186075766251819455919357679
1322894065869913075302712966725217571001512353015271244856359400207564416287178938162763862237789608951265257919108502900834731575450135231242355419263
570516110044240058672689395101772595681753323661017942116485855130373988447709934181505153282897534547221570017725401799113371710621607028050412119002
2570521068480153624251283326634212963333462307917198164360954152748245498789938903956398074636243610989838602017022486975054567258667635434247401034405
1855089231948037568854315692123726837604211063530693364861245620273019366185853384973178790927298693179745576670874759398745609106848299368679007552472
1728360383152686030797113061381213626225950175311622331361385608236090299883446219598488607290275611062130755526145064199781131207221210985688932063598
1678702572729081129283177068001174535673686478419433846482497512836982312242896571525787230186877669801545538223128086166883357813693964389964803267995
2544795867388875042404616371053665901850435472279713134181814158351352673789562499160857709403153470222614266642551635921599113838571827326097384949656
944077162051675968130386129426173094008041469396345035083359274055496294944657749009427477777663409906128751360479215863865643455376288932972185588051
1279129631101249768964399941497359072523927439915315013755307748967685589931509174596340123653954441585932875582186476089971154341750757321021193961976
1619437513483770601077069179177830405098963651634012619322480427113011740625787640902891284261737273411192477736637618330607952289718095364105545313804
1184881357415232829209770408380987776229811799916836696511985563381077301357846503808766069193249576849043173567036967836821998505400504768778633019014
3271755156876384833993618033009795094850102920065278173334817645895457044166362761108529216640820196093320719035623064241327621995117753818519581990775
1164139927945972169184793977648096425921685504999381201692469483648577702884412243054873952414974239300935300251240439869191863238678118320786049965941
870904691328250911128502548939805567913873617858303667094372894611703742562009392619288569717628711847936929230864435148715670342996241948703802982576
795173119623654934387011130537760314417690596813712818082301185526777136045587038774927367800147321773069768873209506029759626927227288095644844077318
2946041582766819170407241047710807395055270982932948370335916706398676351788116896443039554492321531413040726909284530681916109801557217210141264568394
244542065430741975536191690970458158367999652779435915059157327827268655265052618851820042510935805566417579711921540578275295696150560269950991195736
2041865007447310634065958390996543261737490468775463118093712309954367354645363716760110788554131612698556156922255526716605323448448718819062138191712
2658298582970833461094606519347002959289453737134343277346481316839551272359972456917286728202252568049501325872290189561065342060717643193331243650151
1761561341097316108546581432969725508082881825741851740271194340523891999927501076929095772692607393357605292920961430058493268929459740778854573535350
1516916992400133281598265425818133865894973632403907354441007775656357240813037225730446369954099121490178069614646111601221905250341271094220285568497
2652703689733141011449908223802425003656036733035699062488363236875942072028916684718472662913022827340717209765679689195418079336678427032611591927527
2414134805384858594122244874999705436784469030972751470522395430556550700442894580011136618178539115191315023796587707369104248304672737425529647006342
862205712812044051570657728906874727430748274685300821425625143656162775150162257652216382741739424946284613705060567455458400941045262973183947242507
622866955006850712987094148312430920960637648278131761112483666460878284490536901496583046250458368297723671006582394069201286767629034824827804000002
2464382435372131813139175957134823813379861493227572555382168620073949097774891691856214390907433603843835326243265475904567557428814817585264086651868
987351661947621722539707283092053587548583556260802723028508897818359688273759404492081260592800984370369556300884008240252342795610247678481088373517
3178441391285761123410060967240329603244172372578549968070388225892817313245446550805427926599187288677673553116111175594852146562457682282309780853389
372809611382840592363748607996559237518306695766674692753203182161837395396770239861261443203665152481834533501536307671911805659618098245487641280547
1677919291063997473281222125641678473586031477170595200585423427702756727387277520271383434227489054974348047236381236096309185004931384937978913429840
3017957124755154284548986682718217004005530657050529285321291127861857555540172784784521047239278802442547485253619353929605492685101266645029011174611
1709040396024912061529901914555566594963775940921561181138659631759599627205109440132057274339936488856777187359829852616269328695432720830464973495973
1631203175945476763793052140955078911603475862892139244511008150687290439005585483763611923343019346683083748375398090209206110939200109132134746711484
859315425836201037343607265703653662194084485948149936898124937149203559363293907767507669996984405834106384119346664447066063328600931322383086809474
98596647306619657524458881681863276789759406559326980841689639504830390920004087378380448424234408125904078654819871692067346507970543332859924721237
2251558027962956043739920574602408759309826574837123130309376694662806168809526505006098792979648324216956540496508157129550175375067337533707662041161
3068181064921902919364160956296413726129523228653258777100609134696344433143742887287650464688894117242397479788160268225156825869008866078731270781357
188639154749880625898163012556693368179891976640384013665396585533760587593501290847136570166039181180786606175832736059014860881958116032808455091060
1134782737211397565637397220245551473567478062501268297689699876590605381402849188389069540444610177470796391559980453514603298088394704306743912051646
2352411106790952388173180395298086684487654068328626812212969966352972379152005444041643682729641705548941151464507262641477577037634440241864058582940
620977889887506636853159146572020687583373254342474631658348462408529382919639509883618965434788618074405093621026589655940886674859812935285969253663
64977174602156940604214866337753832258596367513324292183038580706320469192762787847864377691896115075725937020192423540671193161385366133024895823877
112744080860550004067528168986074542636752626800433542494132553221796966765833253658915305564464973020816307443449815052344229307739320203160328217648
916613114022722684067218273237791679462757361898401321940244727178215758622004976692577677111784212609145257201242909320380274074979233829366536466498
2909082424314460884924291314955462317913298726224920811348768904663163946516035209269370239858157441332782157717652048840574789020856066443094792033449
2947230665528535307248794913256178027053506295270224373942381717350314265377884622266701734559990388954062814963491549430537895245374954691814240337853
2199311267685045530605758708135621603137072340435481191777195154454915162136770027609400112194671392259690665890932318515104463788111813119040991114749
1071798633070759923527264746623105124590650463483529982145814971748241575641350142134910635089612437956933913479045845381976469233683949423365097929941
1847701642182273045136691632039260038750353559497604273391694030738931982291506731636737241483009326535673106495888688914755841856315902973529357155484
916435298875888167209396335489207844314438596506624876172512801143240417262375178417924123934925779188304996626431588899395997254906907081388550537116
2195488435156729866379969814685406076537828756065629621398086519848710106982610897075471741036022865899682358135779968956836118189569560479313693257373
2386992408918482886187885343324892474950865979585357162725194503684647796161290676954829527146244143997366662908878079161431095422195181551459270031011
2430697627195232889724730158958837175714622383300382576679905315923705026037281856814763017478487298069689498400684247933238915006702387745590033710506
1932673413279579825980966160324982040513305428366858684140497890478583740318411615447374941864643693508662390045169374687020587562264590011059317172690
2769108094742202645166373387125651041278781159491790601852600789006183117841035786895385033906540490696393818161360088423507705845522618450612873354039
1167785936621118277960536812544481762757059415084151695626049546655149404765100679167368565416181340833186358342056183957546821713525151392329521741648
1026602332815438081348154056805239511286030862176197165939688004815590673067467580665040826454211274332488164812443361779129787742840318604162905264341
3210723842478712527897501696425192378011277168538692938454394432183811479372801408121952596067670121056198577986544367905648477237604485976827875224801
2326505619842966732314230906623921625400657524414532233798989133223871921656842670043719555780835656400363115760488213785904943688146577521754306803866
3267149063877676063088304564918028790674183530775393200486586748349076485892139184165386079001654158233348938960176669851571392356287957051738841484752
3251936816766201365555556471988921223137567338574226557529694617386529104234199646214885519594228367022317788407052009024408533701346000947506872800763
275224246085573068060930582443967482628994015985008613256713646533610560933255964021527055267127128382139970796161994960251150420133676364861709574448
43826295327056204541693691637977548119147605088951069711147804033716137527174099208985831861883156932402799111810955170304891379722500697652747014444
3243614864489130497753003461061144795400885522846712226978931977197981479607363897796520169070005406032898892111410055614442587978660599589911045750484
1726489043774980039690610767244394335169557548890840562645866550002152505499563038854771440833897776154785454804147618338808377224732618793299862124044
2683129515844540356531833521138226067536026220804497123497242582927880024708536282650684751601994244094226538717322077720174652549390050806326780652143
3217527925410352358808702124418935064691876622907793048586515154586903738036157276321247642767504744261094938517145381745030773529117151614222398020601
2438943923133150301964024933945999707108931129368270652228448281279327074991876314350862722915536388626523619960605346851403052137682201271051885880159
1699370897178502881079516532400301325184948892720291883183347016237373193378891201889885250921826134097876694786692869787431709914637235746718361532697
1711308597415145333007845841887586673066527825234236327343959722122093313846112019488034801127037404469279405299247908455487886779834977729966738186736
973429698731584341797291876002475488779340329756388206274734248006925239318989041588711941249241597541621054280291848802298707402747539527809670675473
2550826645459669768282997207290145387613456649041931133780768643108944241921305274700241906645957811088159078448567065569417674518301983691576623013987
89463758086155709774770560887604787457738872133854399652480569618044941662946647900369548085382549503071330058952161785054078619409468469489867068100
2942461510867848208561120514138749856229024895990656030177533509205370453193061283387387836552046692608350281075234450462707948898309246393521607761632
1677088815060016142634407864017846492453946169196523440816170801720043129913204872827235197715216138484063253332838219321449159676305038442969129236851
1622914564179672763652334743009290463359094116333220254988624219990237745073583596630204436284419281596256227044772780697466239753233948312155331744900
990301303287193004249830107638990559248177699928891657053813216579371427439553199968981130253946556432762817967933707574668833906332637662876088711019
3165587040033275543572475427181531735078455625338029160025658587606090026732588317368025018616710533851189233248153588877633180615704824804907931931524
960863652425690428335519538248611195163194680160957343829556364484447758831502535121918544359378216062900311696706420234190988549260731968733916418091
2065932924500374471663264975418829674950781323041083256079796385383288768459855954344745208979856743397115179124141480163793250124196740935953381569418
2564319326348204434129191884820214868854733077003940578212579823700553394222805072540805670287229333272054483550662796007836944624362210655208019376658
1075856598815142796038616768013637319789307076598886615139033686446209584643306666752400911215340425375930270895304101982809564294035691991365470979753
1804157815581870806373510166534474484365251440501447812090396932361315350212298412374602475033914748233830342212545547849470067857256944653274136653929
1425807644178431127357076762108169541900005743942354539378472396696749516471266917316425651618529149056541842255221774160178633193572670368230032259643
1042243965171555329829607026005106991009558243194358968883118253630553899000198568212885918901542435883193309264641506352276419186678188375307014532969
378669716288159251687452431726419003613537629473569868211708202585334727035288557966746017082093562393968454617233647686653349670164873271373674328736
3032372056314156470558215288680432288723344728511773885395361156086541935011759196981074917998060773026734162571560989432275988161198674621695803775884
1335415092079855334637209957452952448704286803797238369289439503123720571378717446511179480858577876139046611401061963385301625514706080689493289688827
2135182300761906032934042468836871675328066521259781727390359282845338114917718746333848102384543089309223718073871102986093915122593603055336904114754
1906423062749478027834718631996158299667667701944526489615467229215944133187902583875776045473924651172589874442246625148087142620470324999080584831707
448309472225792780639375024050995626243729329301078424434159488906571329031721819885065897263411932571217947590918779032795044741672247647489535222525
355282177620165279897831398286310485496451851433187643025568336003999768684284605652155326714102705963318984824734226801555387579761488704119200862222
1806439482086938156429190179662052424947021671706276372222927988498690633619741299464794042843104951873585537398496290526620948399659402880437776375668
2037204576377951401400433630278631787576476704612105034630105154864765325057863017056150841754099459603245865616248189332600025769353179757960179208219
910575792501210918919402319997171911290250142121407008275047762112331394672882438409003025550132888101243541872809980726765750001351630606655883433347
872103038629051268039955335350375014898688249522221394692222077600524673123106823544295327120540324300695412047769595439802049679180009923127284244387
1119021926413847564278921316204412895333107703175677209260921384829762182700336252323570077465192323179242281307394038302191389786053484534434519292140
568767654514879775317679222546687628214644485916462000605105084895648217996075905746543827028773141091020521793114417806277754674535149975977692641375
311439500264483240269516167031464893689350000524942662269033902010808235687789360832213263170298811867901158465376828735139682692569350895836097494917
1625705209510504966463026600978967599413370296171421727541932155419834915158348035741586966617035976447303016865303547415524153421942625161068257985264
1354660577483389967010659682730598475373801592113781162246316658679439067131792312351330661069052589781281411454152599092327870515095307801951896717206
2762456291862764926383986059890441910948810335335086381826946946368047049704244833290857248745356445287288485443218691339404540889488177223310668743867
2625167750373255070828724010663318846135638104461315650209659595927229392632931755203422030720284617795555661625949244876452310209481486026578084105303
1773809932195719285832697305434741927264743598465915879146996305407447961487475010754199723042201319845882342967461855787085622077775282263358354782733
1778525128062160957318014102086562958126074065541954043014879887523855649716515164304354310474675142429249031482838452004976488491930710081198489262235
1686947351032838158782855956820935708311927748745216098649253383344355920940429395283898494229133238956044333638610904349621746122628267002608286012760
2850155789913195531353431125534060097352965110051436553735719167297724700547326591204712424129570476515595532141352687600841096356312417748643747676154
2198201769623219913346764834107104469350606025809507469067501888158207446037187499147628986357217742547352796294379256789873913124165408936053885617528
2935264258258460133963634466106611717649738134890539295180275910288895887442429569270722303643519897831802579844269987494344197632432924053387126354945
1072816176352170107249860747612261514476731017992692421027962095025353967566750553284159365598938055380593400042644102512537826548965898950186184370027
2787881026960694371791300943104912721220916150894526187852971906061899101980906483631969167672849129932897889680561517280178590418146633946872822249941
1632954774344948122951457718334055588480863392911326411573178818177762554761796451706565658418831887092001111996035586459908303957643402968892625953987
1029633990969981812024229054569633803738893185799272908131272598587549446230566519975632608388208565016291047378699841710627763970579040789627593824116
2539091403685035065820184596967400802871885605427405910568802993300359293160797505176823717165506551232264309241847530171608861873151872808573163500467
205544636989851335586112030956135395588960777023381933464626340944980691132387378528457886239977404717949598310151286765698810703281693264140093759458
1246654906329721914141909193949086608569608384984230875007060625830779638983035531148217848798150692865452410292927127115456849829198571666734858184991
1884335121190569674293543544327255954520944000596220642579207235647209281378176990192678945953190052831928984686796333070496981637481855764213623582346
1907104492489793785503298906455655178773343038949959229868766789592382420661731564338644951558078810919073459438217997713376781188589792086201356433763
2372838988896725750638912517295896217119216844081119751898748513563455637422795208573550474253761918699231824771163662496090394187573493924991046522437
2704301870540958125644411013636663051890489661317363495745004654465599416859983908782522326385241252964728069525277684071069135048875760781352147615908
1436097735633518592972709405493139308665260107099096497363873196302375600765961650357112476014782268795933474978041809540367345675722601105208189030531
3059923769854812425117133337310609580679481087014885354287260820255319745183653521340039939485448510008563361342612872801367066378564458385303145330979
360775052085309911060453689977808940643974869101758807470948930183206537250357494204967590447865257162448510275191237580196527514135353708541909353336
1858251217951445689356714244460451094042053640291094368626376343775572431217172227424971577539251649245230251341365664254719926157989585198298714268719
639968315522841876433080348545760905857576305245234282155450945567884516362594024886797556868598003150668171620107333187138056499562728206407481006851
2827254694158638496138417457416914328435827502199740573834267282740632205205028323179159486720599615604379628786422439558360635198067342862444134918505
1246436383320865721719368337100929397738218238481529649283486573225613581398739350848225759760781817734550564901412011354689868055982168864523995257062
2438691822980328365699635784733401044486519806212779513434853412093046310963929620704840105966794184760674328898512388889750770663661515320324476605510
2528472735379874462820974150640115063781092780544662502662634056636325724098830037685635537001527655148118665105930723780263952267238904425266231060603
2588801576207026259083117761640103613292502844089995658601136303983032360556792363551446795089465073787822893891656789102527805358967069357118695488055
2027999605930648382866655772220619429355904475760210052227973491265183851323892982881671310209618121954764909795921472426723229841545834068990461873207
1862201809884459662916355764577701721963489376701695535445871900285405959464192563113014332479586329677219667114611900530787526188462404345597075477479
1993636263311988173441433665961121404149666280753000997585225622202945477837325513601686234873586111427691038870943302654735248639357361596170824382110
1528596577601262317049479828512169544668383884100711218380547022402114485021470947199576739124466287367891904784411402552501078693081871623289271508821
1721103790631683822784809252845810740344852761049125173548169597138117981894933242947972043100186287579669677982114224140648558958989556434015320828977
2928036984098106325383067920700317807680262748622151238940049650763139256550272832587229853768093159340602588914296390462266808082148424099425728973041
462314270817076092834475681610567846488434612504864708563679517192221715044500554930105873215064583357768439910984552660325454827314965924281911667883
3069186889284766864165007693830542326744990558906828798880163873671747056804804855021762015813125318307849261819797385039930435924013296124177539180999
3102609001829343483770876070178799621272069922116011650180548088799201849060871038560577347264618284864990713970415588758760167190997713257949411127232
2785350075345822034746678288540520947995041864912984515996848777598114066267618687900790289472650439764160124656399473810599548919861536040715751520531
1058741820170685201798798856696776385337071576307751391966480843076049217228841664618745289648425096427815138983622190135027399503105818429208589757741
371407396008897078113922940044716563995478591170702509781743221034366230369793366198821531166909666206118637901156525239956821017670466369525771271780
206924000418615820004279683476612619467102450297771769389002561473460444206727878647414342844332192660702007832615125923986798560624641310883480816278
2052578146258923848920724474284749010704442652217945634436572194841286943671497111216381304798807947795618890469551097930506728732470004286637784108880
2696960661507633412338462873313197317043892995336096032801063774735178705363515713261851448086028456436603273079207394358582441764563096774021672435005
2937902408156569030802025771440139012635062857390899607363891798700724219917707205846006473698631031251862992344523541536824017429905387313703656102566
1025963413237437268941550206424371865750573329880902396974753441371389986840255216659617161238584944900006804184523791583282076664442871316652020484538
73783481718705052317465157622108834095416512187527154454238558783165367608253000928275754363189419735719019833754327882300356797688882221277366154504
1444665371630294312291071882291505539274650643203798319198792635812875401373543339481974346122419258318930108099714370071802738751099263502379034569511
3253627245239179775340753635563978585757759586934872499744909728797644145885064352646225309500684165015382630897523028427034301960550390559886439343866
3015741121195601505133375963789202537399956653974221020520159719313683916237900627207379520600920911597931795158157387800631173273667693934320681354120
2690824705387487901175453348929934371540095157433504599340337584033940485784033444764496274300620519923749828281371185854346674478697515779080455933527
2196200026143141642581351583460874077877700430556486606532780262211497840922810773290706771249627828481655632935777655147161094696368099756139629158020
265905017767969584552786937807748269825089780925314242164407399038055611490129176353809671456151975510950101461971554410729209187236466686801404675463
1769945645167669696536363646335368664573488982519705490032413582469561330227456769647602935955882589255683684416177128900857640153177050311320054172267
751927389537210132132258999370212777363486935155177863403522606215204545698312107304547884716331517239455378984240685106162878429729226905246843946774
2632358890921941277086779350592160779405571927138644353537418805049653329064326907775351651662257721697085336001430202981081121612468250617469011109139
2946781239291184654521315281070279462707133352590687050234888750046355441378013107234141787154791940374350908017407271846498440754979341287361968922571
942949630832403478263551302655039705740317919363782540894652700598995899482277915468407977339652696736515435675173584301332965067566393461531450547609
328979259110176592590856387120585403718834755424827358435244745985015333232209694829583484131777968658997956317550821194400693828385791570697932552226
3052774836217135969678085751970884223611789086906288450279655566885923597429831098769387110673139638828534390156278399092718519762669311390017393367546
427493108485857050384451968292525760662197036852508743768133885981587661660839814268074375032121966076951651884175930334963546581808459829279339944125
650197330937457752409107363135041335570605450293647477767979085676312331940603052045817711223540165708917703982130590766293713627412343158687576715910
821247021352029913873839423535430073818099138418938590691133404775828299666323988026758404207860607718519528655341029125003666177736201957125325300233
247296992145662296039067407661977908948673192081932565398173434190138119344705374006145198030119241588156622076913374528971841651730657646813117359863
2168945315543027348531141721139488672675320986381419679103173112003320209607885803718064944055598332692130683940324243504734335463547647677959414456732
2698365242897626642430908114828987114636512898307277599154668065293067342582238531585360097855682542180854646560286120610788419034344791721719612312531
1011558043811294957005527453317499167429713342649734036893514478434091773236305582038728406408577540783774922138740296141839634119158218192610326609872
934529562616184589894683703649175654186276072755267144374892220223553983001944968204067841418533773068732239674663901671566339910773753416397183508647
1093872522086982918734693850388932628804015729333002895629367856746596967045502350957671462461866781559246398678756451213036086073787864865855889735667
2812558319344834376010314055069154763482878073824477162904427109191901289868885538737279712515905801489905772192110267018964689633097223441846806426853
2276935750589969677341907074765283253549316006522256020668194178832455286472125970028893809088147676643939149889897865702006604033137353810220789097154
23826540847794044795344239168432236416941126765724646631685747821979397026407227124769295105671991444584761161586780696675648559973011083788299703779
617790553695084861470282084715237810607122632655668532480070712667275795934538970727176934132710753279805491325335498349998828125708974954991854424346
3229668085102009751150691606813387224337606823542807203787190374498393302089941513803116437760089875889145873183813540069830965915554655887985392543334
3265407708768505126084728303491825600119422450639836347869932491952426618675811667967570919344906721337863916220868285340882290559108006526756745735956
1355817167648493651455560260484078268508535715230478048208969744996414740926266159371366467872748296549841161803105834961276888882530023774214608482712
1359308024675487866567348298250819399764634591975500293435242699454931773749958517952685412669855950866217906131137321197394230407572153131930727385697
2582057261489031644310274943132559809666667522051247692564376273176122295234148179628765814700774961337074506254715006862140919107559561195239602985249
1840784570874719386177314983603938315078128299623979859637598175387887436826575070876388723082775525173193856379306941706243083735004642622798634420989
1650295999645778011994627433097407018164305204868576381709245540569873188927619354149292269747675160514638623461233228774845051937589283429589077318875
2126159688344004994910343922052017570665128499617324758579642735660558859069164921612846101649957606168000573977905880153677227265420995951200235673032
2187444364664807093177810279624448102948618539350246515906338885289521259854989134119573098225808227263089908644014596597252347613106474796088732821066
1911964028384438225577581738833805909372025684755429198299048515104788969424437374846418405229543030645900047446184075360190640603918839161986160290881
53757747651810132681417237118882829077941759183338426023318885472295989722010896470926350885266461834230664027626247671076983383444837109652119874670
3105987078488808486041308161990915423239708226299733980817378513755573024518606938556924296137892508621132495496375360696430447743451001865854747451414
1981641305810493333583684398317123146047735127187286885196311771034686155717300392536950570505208248916600127370393039957292559145463782984282536939817
2753046844565305537724910475111551032167031037740483472996389224624111529309008486824356311797625698880006439319310974810635766458413121547579363081965
1992134138646155234911386355792348195638843127032231586497489372846415215654169006172451501203169836881960250063157683569041979277419735635552706533504
2277355064887381013326139244054295865920839743753130895210191910755023661703110258920350141181708468372024306154151118614752550171464160766126996857193
250284155866048768427805276593888434008660128157744743226455386788237644414688687933280082834687683718163772711086976045068011941506670430270279763452
2785247731036557492655189484701895871899375449075403379869142210797459810793092740381417335469235705804234662577718633979490060386470239037626892043069
2833565846465027963204196586296890827281073858075044014450118110811526257687819551812995396860363233874090669904276715789010873763784101418323140181879
2879416559960471987185656598002955685050997521996414332290470869012244267246597025940660724729997203384705468206761810428199291497972756583155475215113
43591563698048561176656843911816268184130767019458779849550105409277316451552275600411533742722617325174730130139216816700197075929875572048582814830
799110369349648535798462072072681608908811116521398296222021782922824274186141834341735279671790462747969512545593829540556972518786363299373342510432
2979692095526054832814750609733828653163492905362655697092577407249832229195809276735698818837964890575867523002832515166150225435563543217065728860031
1220315892493628034458509854617005198885153913228995920066189977291035165508897999446769864345765005912611549671167415877864423003786595744555752512618
266597118364935949909981507880990492573685891679176437573294345068842552694453734449948061277383365868750708485753411838122874906763091140905513247126
2035601071553553298415243469795520843952922139782267411974546953404179414285423946010948854437443338912084460253704421884346641580864223303650000757318
1836772683197923478543278482571615107077335567763342035268745636073885402774227861829709730905270424702036996517419344604912869819053308349627238897877
1316431664261540209581761625807797978591024091175286189075138038648073295332658935513503781800283972231872079663138936437858077316077213525316171442963
3229777671988274558189609874893552710932619220809031742672062312028614566184094414707412808678596603897285158506404348302171802135760928978125582219125
2129631015404751839743847240600133351617177277360945821100503829884329941931865928865948350748401760354211799820510126506268264236247294225147841129171
2189112657956318556737585430068942778172315959145305516445647291711928093198150259014505694010500417652680718661080972517488040168645487505421608110757
1377144735411596382042466078354961111533851887781848706523811379369446664224584971340778652921771980761330803772679652444104039294471228719502250739257
1303638989293514056619703745668820779924849591797595504881255854873775154743855104327798751824891501792758186604223381737644467734135941718495879091442
2918015945173185247094982049441101884552326061318528962757880931968806365316510309961409752547357058490625771879320440899760272440517191128343087128171
1179697363074229421613149002555433581785288087105993332917208203489707510004039818318735841035422501963508544178852023895216743471625370666396919628604
2532330637089306753631282470112631713139173289269012669903760034341169188107837324717918024316198224598415514836534049601311793355268446899583415433507
2053805654876343284854326909568224751937854950657927024884166965924148192963467117683351556099382785008773740116855452340612093751879590277280491703373
69966353988831336615334869440636481596977660378546541245973537007907149180015363433558619078410398526344410885615100286222918351122984449870508452226
1866131116481340764388463869097622815959697774609605677864303618210668751532822543897939608583636476667472481678066190548886224527157568579824024657136
2050358459811363507456700114635248339113132332231946373716038603153163383579029274955727622753025656579746996300687156378613291759068067420257267506069
284589165652820994043110972049347176408474005380725370005265872950513215618484973465853759627236087320235755807915253352519397321594322149223845522357
2267028978466787774770675491438720496781605467885897272382543320717450114481094572199026461203866163852776365014223654668030806372104156710108592723646
1181033591545486553625533595998360200126625283887370465081820259142193378915249426396612474347129263483741952260224926065914437947505953367813329658887
2250746481324654305542267894993801482602076365688641979884583421034870425979752943016043151697127166650321620265293609069092701392415206187558953521884
2707300470973664302212987302017731663374251069633987961820617613774483323569680307171800861912796748903325300597779683080379813014964350979206040072726
1359874449349660780608090106036492071978187997090357712629543021392833299859252909489884466773944914730581119815194575431405303986597541728591314123713
2963907210525348873671408618593777483541210968914566382882657973997525034234012168295725969026483097787469250036512355644670979197828929834542764226416
1972650133606969245577229882211582414767097974808080753857408169252877862259690784396542795016564019651621401066085755770570881166226562413120877900614
2977756235139188837462701191357253669082648217081613933105421255499049343605606401311117136403711035278348488113433227041783327153011958133138172632363
2827032897264836854655583919697152570262504144440630936312326926724809249773558173918292258531005134869629856329183556192686926344494972124155921776438
2943849263203322168901646572635098755953910941603580447735619200745244506909305307407496465930307298708734347270485990110247012241388199268276295697349
344152080131792606714238116164837494952935706373333389133871111581313347635723007945772989785080179267001972773108129402136311487596669987712080841901
2235329485770660524239151932004772119476194081039187073969683612584835642354505671793976563522321978308143820906381179850376705603892085367010209850211
856454662808265638573793918568113123010161412196412948704548963108485903230819483753888585226113918800345795135353950343340468165501889266954839914164
210735686943777846415603882557951260213127954596623839892133093815503284057052739881980322528295716153631253190650908109323901014017263548171307765211
1869845059361728343370773424911251551009627373807809742414270386237740556798661108527847152940115180470562265917353166408560964342723659840816188532182
1078162120366715792789767514564031280305685954669051959727214649622460280040643469418432609058315962721346147569256018439848710696495558576931308249993
1592217231109031874598505436344337166144196485156281892167041351124484299161867306008247516084988545613043570483241032614256702663555044939949321261175
2159112563555757800790906353111782622754830892506687507989695927015331536043292141138027293775831606830656572658278143851978559636234407980014895754206
998501132587878073286306431934223307835109010699995642819251833583226787754431904553686677498622968260266296730793177411593682104646894524295004867743
1400389111676885700135606244726973068916860507711613717208478773570426859598386482090246523410837145111250954607616363683905323456570812620614423621422
2996276528194398360426353426161600894744758356375913198860308649115430750775894605785671940407203399747636768154587137478520143797747875079569301164451
346879748964121679488828058768412306818935786300442779902189888833291618757933160524235768169321267744885116450933762315059067656542417999703204484415
918235419556442029885478380934976586128787733007940696307599664379478629397776412614200237179477004374782587827060024475503826045338875477686255582063
961741332354312207129536282247419458551472331231137818885820356623529849422007124996856485848595878129356624557399205291967964722148126602331850951071
1483306282986158924840539825408865243818519787213817303314316622747528087822098616319665261641560441808135450206673361913826738535162126760557831096856
729341522644969515581510340090752400520176519961239825533174598882969186191905669021303392790297322054995309008732951104380015499072689228979704640797
2877961570383245226860369578914887540449496234550245716875297021581462298101892955659273813473930105674335969063153464019839971038010456608969591551800
659845921568312106453669823626525797248097871243166401012239580963735992401503260240410412920754061703036114910564522307892468439928852310008081596864
2792631345975810195774444237630264825859405838603491790679832829981593664436464427770949405287213286540064109221244212152618967258380488499854695637962
2614223060603268973194450188816005036783711921887185852480912289209975304669931008051008774951608018050555239236716254222625522023169691377099257110653
2405693841812030496040544226562560874163320858995136862657901715708555470504394719442023741897339273976835622657218065693061816055752460983331397579744
1261080161335986181937644364249768343902694502375191210621231566506212113865465112464568548692001219559678941254356329107953188617582040433158630263711
1500310112209241208820656006690667324071053387261555250697111528082571338187093714019914133639164002097632904293377815990184761328671517410800822751905
412995563735231591894137379474584426286738557060988684742813614752365729789473723771257893840692951492103461860992994048192261351413052598330206756362
990639190234625676317930742482586596148175335900335875338860700214400336888417324382031081373728420290755361934471726564197758766203737499255765020481
2130120858017548984948135304910532893706241583845266451879633712121924463915933334595744433617595223423898983881022897583346115157728246874107066195401
464746601462199763310681540690051024990873643434905604227306681364425598997904334600917420972984684817962297657277431345752680137785787676747711827052
1050938655653883032717227099947537125188750074650473527338427613719790188554553475669189812690856487403473896599677075615405422048196243537139585599258
2651932684905852873639063617582565014298491971120202542310741823596023205538490222953820430934962673819695471946513760640325933090776511918949483149808
1323885979694179137349913562925128919119854861136977576138089842067897575541780267691804100171560573433238302654952547153648821394837537420653876356407
2241338793873315643288468494521325732344637831091082686389318682552263923949407608974997456499479713817540499772536961083627522488338821046228176530732
2458554786690127532596801919156729118824586568148476263093679841924221811834883257045780234924110709698076483460962816098201917903085706078524650223874
1907723726703256870849100104681154121026131101880429572531141431247541079062813029806518787636666031422649794312788063976108131534031672760074142305867
1711411265418331513097008399515361846770313265449125487823053748898341004276206095680029140667648969899145565704576874052286175006113121102762444366818
622519706166940747987953327631320637233905611411646857847797388736212625699238880156920442220820718041319639835984087570645127616495934607784732140955
723934217582455212528474765408590488548593789882301318332149831113786609960269980023176194397223798175145778752872855826710882614051300652088608446538
3059087989126683990013353175957948638019968297594909281685182099956190424551630038396963943178004625463685363702962888652085102711254436331505262685269
1525102675047892705725787097117163165665459382230669413172985182144773480674768558403789554929669774603574029952168487702667158531920097781014438502449
1366531498172844033854905208287617819841036856835710217854971582105091432349703052971895064113578824137073477314178010853345347589119035826281902052252
2752616872855250779401760770709667004145587492809811818807856850254661312486654915323727538075380227070398095248721407046347884562145424814600606793247
1681876331842016409457422288063422160055809898868123013013572837544543765987699894996842810284555287326811111920246527967586684748477958477833039283728
2953786865181965513074642216779354666593812106214364800206446901539884737671497791400049956200107311788286468512801806186425926853027402993868429419514
2927735420724995139584373790287018599260404618913766254954454713149820034884718024443280027321944355040103756474879597378306167459037347174994119909338
2484140440185298604922113255436536149714295105140828629348472461409338731942704978723492831526158046592864093341769184008228436855803947377806419757905
2995516853454051217954581107572255892223864070913068331929809399666975027114631479136877080708600807716539345183877083548295634358378947608713428977131
2938108108017268929386177261972608217500163409125857012935420554596478654054917518996103748353216724821128441180189351083960759929105214785798851538946
2055509743465716590967577833822127124393019431644058584153924933756391956288101496657359241866085486026747339759362981488639110271611709822044931815399
316634057113997591554430698828284172633112162414177273638245263787316003127643118467871242952373199932759177331523290486627889962881273711592461256127
91618288677730083992375515960475161373499140288290972393813823557465361639621452330030977333093162629449213096372887427076667621304768891934182477616
862293541031438279040247601183501211074333633697402329560828212327608583658427153155161730972147776146314172766639501394371416459458345613399306106862
993719601543394336498008948535402767350432401727780831454624539711223699933382659315729134915867537358261483581838510431991920259725454080080897921846
2298281643363921650844460658197826584630554179118801064999313409939120035112413715879275733755831158600223108849602038146583232441167758991984843758167
2434059389963250135991173088415588523106870045006797390188992160349054161709708150347635401618370232439745702650628349543253549867209864856614158895515
209755351139432758687223513909640672499337533340414546870897392287069635439003068545337361048285061066786623559647614642299650064439173276937000986484
90895215711992615172698836892634159740775540825529409996937842717395367374078084614823521798245362984922586757093441669617791146053505885092226337630
2033884153745354250914850259757478580319977815989810596288736548551211991118522449433833838837266746697767273720577872814342452537066981499124682983726
3002295815738754985740007114534449960538150119376759150661644974340904350171381235726280791649062869232274224972925483764491894803599401199345634751877
491831899800014636619572758974580786930941209696571817901162423377294324670297598919298747299363128180665580003113613167891188619075872593041047922429
1318817979093785525272520816222389259694414427283017866466287142457894006823364100032955119094304429917772440251235342514561637204454696984124749992309
1924500953003210759651578783025154631361999219859099048916452516480266479260967832729125953552480069738382750869079203801707688087893454492968561132269
2921986793167118194259358839329245862927821075971197961911632059741361475436804908537208150325087965756847998624773307177489357941798386751435802217272
2446809954035419359733832920609546529159991617432954989406650919722727232667879288382795546571032378232175130744052861976079007767172069656640993455057
1819087403303603349906417839758680420370133458238493897017101304528594397111158679693513291065678915886891129301793820970440354995655274723354157189789
914013346252181026523204084311485203648256777059944193864821899826358820845723639765758177030315515438510929171521521281610575883309319365385345970289
1452921572058842653153869032560522027529315139998926886621542564178370633182956820756425602129396991130642891896439435491821392967429235338702625187563
1333362444128761794996980366488779284063309200279994087953450073599276249876078119900604696630331942706865724447476639259558454766978032545293869459400
1040675299172113048120663858922370839439266709468067306278422056189188106452953704107067687217262081742836630742049799210595542078366288684333902731475
3042005515527896819242043517293736905430730864160919247641314430943808096620795876767279828657756666894592017677289974869014147560059276556679835309583
1508020114482165679293228900409809039937331893639186599741705053315730946392875508842902490829841607933187667071482413265656107706836006216575494680516
787018811805562800087424301368524395474744481010482036084585817548001112549581032664475414423337138885360485731315160599079560421479166568959847266114
2674392567525479308748894078384708587458740106566793378659167651838780605581112008506016547615727151626101789339103523849834894513102472026362317337280
1315483145996082882462791256468441775314286025739623217573105334086534653706482658340918841268500617177491876003080669682995097893622921998767340072403
564334456160992325521946248652719582987683348485364135769820018710369115801037987591830399823728547393539828759996405397273129903103793410188536062147
2162786557542965960080481438301494798328818555595493583601697616860603331754919891840118959166809125452343243188239569606075478414074889852232120871457
532333497689448699392192687682108495096319817840821741261184926523207819155712312498697276360952887401257771977940334526970265236770523905477914637124
186420530505249685796108538991543202701233570448056288035807855676243917436025982863440867650240018418547498299288152125963094280474487301379786635256
2291890248501862319085321428722335694376076392015502392485288301672382943802344008569214252465830566880237800240643369986705110420347056404800221195975
2473565247242147029745631446683264238556832922782558103382843724367778678902797165096337015026411304308788833612056436223545765807558857079426302601843
2078283510897799398556993405489465959455389342503275958560196063222217142450423566401613561176304326482902692354567453498286961106810994044122161542154
542645418519502407745007316457658100024394074231311863519579713419226626250197768524667101183676913423864741522130099666020687986284648562747504786849
1422243285030823016180292688214541007623742214704081073199389426049860441979586486793684466004241671851717225168046484806388554170648859095839247440297
2947436129506737773399797792822642158255046722537743568302067054427398341271985292272993322335993312030530461426891224009173158133269833058412727164549
2235597062462696886377122669585463460605619055529057906112463548903268798005094986685217135197460448794510998122067132082417455372130403311361277266599
1994553301255128813583807757589624829058349006881709948343701562868883475586732075724141530168958959750804870028617185375926416852752022088226859863673
2708710697456733133005145635441484825535106391331784196433983109192195830252781192109864501317002118243387988742113241177420583810602987563011617639945
1319812530314560904412786970601165972098361948247793187432308284587844142988265184226392772201438256721463682820729679355576653118363511477004907694688
2294784982453343975892831952385033160124694103513286619230349086925975473275477946909797454776557899133280352375099514363036745377456345732642173575817
3269938905808343719629494291551528669588414329257309053772833883749734312715582800225466040719888960355278979661835626383106889440636665049268417257512
3252694306532252555310398415176992497727255600846716674518121406849940155339217166395947061142675998616388381384110651496723233355302995888249673062274
42640885474151298035800652866743406546953223718015708263932978324162203618575850599478023563764263087036191508882865883941688663245907968619979095459
1596851791423043457193393783173514047710291475250168469965518496895326120737117916323108868557273735453905760181338705781929855124717151503827967576639
1281528709699035051238394123836418788932079210050578287343826332004149966708878289636131618372774698826645529766476973204593607214057841959100433554482
1301710133772126032298796714640186875206193554874556080337083526743131722072964713016636186572262655429391115427858739727489192452917994958091989807586
198543649840181904220995590999956626573026328270138147125620605232074214827806788179838603385136177647034830284437381254229409597157033112684299727990
