3600
~
80
~
2
~
425632909461230300164708
418718479741446916734571
1089972153709408233166014
271459081229917436822812
400215320824790376459794
252565135159696818823941
167764766502712639752407
286433479976533944956522
603713928658108021992123
1025502485572434115128499
1056485722058948218895392
724305400729479248149620
1043656089425319012885350
1170121282183170585199432
460585986437198135022901
532685555983256215484992
118163768479941460080452
654494838347664440183139
478754038248314723343454
356527759491862281935145
85322585467039892225344
391384834365054495290180
5866371024064012786108
30520871882785164920836
119712926508077075215464
564267616592638551906574
1197384067121990638173329
803836744745611425473954
908140949042678141400935
1012406794658523254603207
378249548683093405675040
1140165497772670812389282
374977524028132605071382
700540665415973072848489
908687591818165294600416
1040222288391845557123697
1201006162402630357143868
506090513849027233452715
776086753214799779367994
735859404441274128031825
582386106021740492305283
96344033712996359538733
340573679157163831007505
250167979564488362914018
937648214085079000396108
195342859481895326017815
510282716402716448524010
637476683836744322708360
1079944714630441934343903
529691231612924208978361
868011646433148668560873
1110368213109340955732063
990164800990665318669283
452444252360626915017256
636824489368931646901525
910250103761027763388492
247976343320689301520652
144594271315523306253015
708135522025210316618144
901760142172714356023138
156505827303827136388001
601737402259726660221752
183858015734923528619274
489944490159477417061330
801868972789467225131843
8905292954869407405365
656309442198873717705166
751334772172835385037151
870169532155064622637664
1098035223742322247284326
943337235975405922610452
649609453348526744681447
554491620027186351969865
678414992578590308145127
471001567779695838361441
277536583366990148054274
984143546590362890796699
673423147725317445070039
373412564479383288552338
1047990772885017180326380
