3600
~
90
~
2
~
411305000262068840648479589
361837778173210300901782670
64318656279276262220680932
158882356872091608042117079
473311143659947533121099921
916114930998902245878688757
497682597629484872506422574
453274832493687641553053141
41471235782238155719742316
757916718966055943967232608
990753848774767061104686546
966199204674185982669402555
444095595146646513709621911
307590178023248004156756178
952955788711456032718704913
734504054734037847261525294
353808042640091111304394650
405846495059626179383031568
436928555159637458518755930
1190732835847666560370485371
1205257706034343574405965926
304266116395089311869441492
1157529224411009516650979661
906346189739531531927111353
1210991975787852622720961831
817866332529487851129784172
834737117325250025897206773
250995434246075699698294929
258981130645017168950497912
635567247898862591620321759
882316311114233113886530810
893884982939047497607726017
414054790009172414149175149
476419296855725899959071222
280030754860049689662578431
465926723128934107254187272
728485133571694246988276418
618688480484685872741432687
146437356586301119432339136
1021243964433495591880173546
541411569151599467454323530
1001812699589535611099840810
854952824104244324642514812
870158399381860792780544526
28885113716982660459616053
715854455954679109298747222
789837157401592686874893434
67942642057312530714567431
366510380220243208451003279
995450126888317689445587504
777374722377608753033720779
155047578631475553324652149
76985904477743479320932233
585802971201690769929361998
270440351009439696312744163
99550711663796600333387313
833068313568114707643599806
303130262225751770942412322
962021496535360618650695962
1194480063245557052274640623
52594374012087965194621836
589331802184076658043593903
335584786575346561628131768
386894242247339455707444358
940110407410952061683117602
369559265161105998908534540
706724605591935717140342461
314068215937285552706024487
1225463474244172742950794421
1075290280663334925478993204
393675674985352634505196202
147039043483150412666593901
58585596610223622341440116
1200593751630642400879849976
996207311460431923477534523
1167009996736687493940787767
749753642850462736222269733
952835360254391752202100078
669634383906818834626981117
9444108184153982932857894
755472860936803617494974462
28430069876320048781994712
254872270067813051825793441
1016117424562657677659635738
762988386502203754149220839
368168825233465576666403772
554720247587407822315178166
808801750790188425471403500
957784081245997479850107840
777624095394648881352090096
