3600
~
60
~
2
~
667872436658824609
389142454957784444
985913091571017597
675199259823986392
348681825387671520
108943885599244590
177104251680490219
284941637408432374
12444569048873638
992974193827069148
633392026068343624
6364489824941146
758994253452862378
793261366168977451
793883186840828182
980120340719063240
55258098863294528
543641275263660244
124654633845532007
104698878844755481
575143995142535872
606579364590526118
1001782758070570832
993577341518934085
887867329230166204
265461355074548973
554217658983587671
197108881890860703
112838480761414721
178653646240866916
95739953579306839
995549208547133405
690545756943559219
520580031547856108
42167798232242119
212461646939330219
1074688713125587458
782948607404209670
631235039293870511
433812465597949272
573519863200118630
107811421068477872
687039812938497071
484188816943325896
1059303441812190347
750792172448175240
510791637206794014
1098497541080048233
336112964333191590
699877258995338235
1024367834993973498
4558714667930727
753980407319351951
225397172867040389
231515222812218421
372753070883820006
189508418063675505
601950578481234100
264110127941165156
1056006489155154576
