3600
~
60
~
2
~
994337464229359689
911118495738122104
453185771880523235
19074490015261558
138351616407503406
734663893765148753
1079169173459261211
571562215610960968
236895774427757565
42180042607392675
20936441305650647
119420676915317987
729916850498411307
917522924375858514
1140806324540885449
361620651007022227
1045373803549380967
594258615668213256
250889807923593795
299237665590421600
379080327369470079
646513893462391829
996070766254482932
30087057134839635
732470554788477733
1067055617608065410
22747806722848162
1008075897361188571
1019031530674310695
1111431065098050075
610428571043102346
773024846872244249
740991164333928762
144243535518630726
813864596604357208
163667377276163256
824666436215952201
338676244920652633
855725477694496568
147344121855888347
449296129279984363
308986766248183635
430574783272514987
1144810594489803481
866702858472110517
33960166831087578
1044094502378030433
263524047147515694
52857118422258147
892847744957910823
638221963275725060
395411605559827490
593475129113004642
708749008787237441
1127648566814706920
450626530712217701
1029164235915550920
231643035588816589
1043727097023088314
367331506036172454
