3600
~
50
~
2
~
488577345216007
308199713514474
237199080240381
320762522488212
134823409413081
714352445023388
1114123982708987
1063765941189388
1091810151758702
211201927274533
812983584286577
227437365675230
212198234381143
873220333408321
1119364343138728
746837776644582
524090308303466
704248731456347
1093722893466519
898817446824754
982773899672114
974008634149131
83434797938558
97830732028060
460437010277733
235150862945449
611106130702697
444986817516164
839664779307550
268712397128048
1058616581502563
683723204717075
919649987110365
254137727936220
588970144736632
231096533362768
132598369189448
761155059193732
450238455849507
212227924891199
5541451788997
821590337772834
253152185063912
989495406119304
182482269077922
609510983800462
723839024480405
183310592426490
753103035550170
685781846543973
