3600
~
40
~
2
~
61790037572
952258782939
289065037367
541877437617
301694978616
1012555619125
255768619323
535848684905
339513052915
667043347346
159935933742
537980004437
978247829510
1038585113159
298031820428
49271631552
151034145654
193773136219
50512088480
704605758158
865659729429
761930577412
917397347635
15547122106
1082135220404
117259416226
222929267464
507505005564
1078456576788
985202272731
356524898936
361781830620
1067178739931
1078230745483
303273940387
830570696577
705107539782
370069004054
29312248347
382933093495
