3600
~
70
~
2
~
538789889795640643882
32342634623308785962
44667963168835629279
437312375498261173179
387542287178114458093
310009750463291322967
362163481349113755211
876460302418770274517
1121716112421010008995
105933849894455109180
1179091652849590248584
893433903824967793639
551617916227878967967
426807783451671792690
799369524538252873245
274402696448212891800
999535996517464297382
616815188605488721690
261691742077755657901
401036249944614174749
748074702593983667737
198962326416977835885
442443266253367473817
264371095591597291114
920568757069569176339
611181584917400226302
808709830605458410058
1161010863463057806565
1007547201025181868084
1065238460321675079064
756553505931977292162
413714594519916479434
993048154072138431060
1150456013008685520043
687033077058277601700
362020908835870916193
387347733641776698818
192492676650969544453
462440042010288296168
558986448419279510640
764047795924847276897
980703647302357107497
484790701886725221011
71005402521228600855
687625646703174143380
777144376761409146915
1135156725021793434222
850988683275920137032
150071968639585037251
419069028547068370635
236529728032833605336
974782107932793011302
936643045884011607111
329624949603091615404
551711152911433465710
235870185487343780935
561469634481788867321
392530523434589647680
352329063354062512337
811871894733064522867
588865049464481912972
458131959759607353987
669265960929474548020
509074366359532580088
470142131570359187285
93409324860998234913
229559887635426428658
225620599324427820546
382711365494710271385
259871112897287577817
