3600
~
500
~
2
~
3034652959249864641468153468626391563632566975923814754803737378721898045844732055779991802815117140008625133306015406437647436172990839506611202142663
342951010889455694741254532660285466567791923288821030545596045887673586684270000947859160699536239134894350622502092889799264406659795023263723492516
2828277734335451913002459027315545192802033792839074058596141864689394778897122646318479008418635102136462650526724327877599255829288148488749414761887
1481033837090121511064277791502691417263557450632952984294054147338437202474483610748450403689067356980315328060589675615876872536978663792846263167370
2999897898807089311969591565177083021036902553042544212833063362345950397234229584408734696492562186426713701511389007844467703486484905381220566941412
1708628414299739917731516892851919501347376061004149172348101773438537932990584333391881519394182718135148303683512669937279922766369755621789371932295
414693963136409187257681555499638891086187304602532109410683550009051856887175535408045885769646599404072657468434745126280210862763423453770344719448
2212159680642029883144875709967424609221709903446088179641779564420459110493950957462391889049236188515400837046631838839988250780768819437815201678046
2165609037146844513245595977916647222715286609744049064340639509707573118097790444750777611184753815176329283705826938001075455152319090013056547883936
968710502834707580988350081285720948689282958875919803393880599977253460001220346066266306027780181872063942494910095643539931372079882511503672387241
2695475068265151886727277211966678205949487921633127091886675452559154372735548506919464373939641009074904360896931628283749807473167393929774903729715
2037410048199397950669662647319243297650188086581864529395244017209164610554701244260788839058698953254480871637027337542553195811856881808196607903710
1519609206796143745348115654532470851435841839368247284570226353214102938158640921265214944915438390843587252447544277658118398173026151858029856960302
1495739178978328577753922424085192481048647605703521723622594443591301988600935196437299251989901062457717053895499123866966631971898850079217630788498
1618297835948147615110036307345744029005858882074376252135336014118434220981532251900188362389917440348568001242679483027463855290143712045130293554498
3181060264669078125870765690227235212402712628529935988806089082464953217363977546536231171396378496802350764846928928946922229116538605938547405384244
1028903056368955514497618569562527450226650414494684564067744241018631671377816765527704364454010240345712459425972958196941986253736180803054329835686
727285594467839937727324151863536376599241886687918052958969306352678949653663103548880215947895445073141960565498475467395150907603609878149514953344
3097584975133230554967203920184679059884792639206309234840961417041596835847415118787741318366434347811633187166639822401910790643676738571965015221165
2920894541548132564242351636639797444085768444180991314360548749103228636182948056676190542018210253481578667272252437303575498404229616569654649526065
746450952689099041500596447574890308001447211333239628377436787245196633700197621705065217063552895191176816611207349647648466597165008725680398503582
1426758809896556669565487260237278363913213501236104145147183671597811276999105976245930796161633695197730586073507890597604505433396736540969061033005
1934998724921676368443487913907965603946931399799135904885160536791729961778536500587523106818583891139123601298169097777184470538742011908387294200235
2543139921943435498541109188992550724310005075831938624786553686966830258299853082253994074131442912911460812978909250214229212000907450312198747746599
2083992161169458365522919085712089092427072566520950789576677064330036733430893475921614493937968056728298980401452820513325788976730688049171107408874
2350345864164952034779425259497117776144382704626454606082517171739347610624737211292432109668566923141717787551709449286156870828611494719072172298077
993352732994001471607570124993364370558582112832575551732358453489779050848659877032798934084447937204860418653725349878273719001472717424273058151205
2131880507204493671172473237012525232266514657731525116281425365323806823843005825709183738638884105702158209520085540587206121312600220095729087314658
2464497592678046220024098405460142946441022862414123082544818692509020592508988835802523755322629324393248194928657051574631142679817206766021186433346
2597819526371402235492408817361991323614364038104084340461607415199063095049309658554687320338852723989336499240629080843602887884114968696663360166278
1012511347237739964810498360719000452864481836482372730552983390438368070753595706435928646416416523803338313935612062537629579456110258490874806090847
2614806942434629805147172428241860986189187899948447372398503181632162179651347338824270491296207037202694094359152178699422632767817985931579674818287
1814637491485923966208000220229306131580306549580429171743721794071716911698779537073757081157449643353462725874886726263691623120770882078095359467793
1795728755521142382304244020751818119648534265292385050580047673664650107520596328872250625371876107960706117700252301469137924840907635729963099159653
1809989472215619571851753994288719985319343735001784652228633646064934488906235568492142186659526993841984239957791115430977127791235874744972838910559
2027318632385715914171509145413374405673926139206325123325954223227348208414729482370157977774044115339567738239766898043711161092132393518533826617170
3122018584714137951539469580202496016386269952626197953996963593670176157097418337286888991861445305177495175431183470436007779461640112334297768966412
2000388070214384238954601022138162999958559130866945610405081783001649351308781794361826742860744574071475760456657473562768418328801439676850883861081
1122823689487546685345433650205286873187947912960542662496122642669713297045846261058276267621175605480603299231435207131694368220379667233548437972497
316619746234321148401944347033605899270184899326807900500212182889203490915028146615424942613411207295441352411761731894885817705282512778930147463806
221860789728330463760965989735664330074489626443079365759233699128915245704746802804163385735001362685493439579796662196279364227058698564656720733786
1124586018507807789931122646878716916515438116503902510435063415189286487365746114586805603147793391828760707915617651361480714618005445760443587183288
547798882799174517290029734704085113874465022054739921090928102253152243571322937922541401666806545755871699214364672357296072665908568874258451091450
2861948340572759309516125899602078799189686470370934246915390906307055440346081347110526372289120533733401390142062168049041580234204530627895952389559
1573874826899422266524615139672966170841915815943933386740959952293859672067174132700404194415270578188764683888689952330224013287059985881869206504334
895667417961548510466145787778643191547836774354226408771387617400595418101268463831663654451064152254062941852620858560621952151305600627260690517385
823136073854782094435904513460306292691759789377205703428920431964125112602539179273457055500987620363727892725483457525615784693824848548728023678194
1428346773273452454010070197207409328272570743847415094953694862850813070276886184913123822255323248589251539898965973895308254408758142523559138144627
1616121258802737119882005184453721127565869862880531972169296671186578101346822834481331713365089954105843553157513491088311641658932696242818217645822
1770537701730990855301328730453758314116633689376916501107164696173228400889221377460979623787945899917611560922164344803645350922636014268063059621517
262965971022208812290502570129077997031631921846783085377027856708929968347789663952726410100707487456132560411096666277730553147659826469967208904063
805424379809887506864725714947262673516613378842916197861806518692967670034168642377825160243072287315207192409573790973231298565235996722188495461212
2571188046124366386799322746563703562993794356583914153146757748258076971674319820181549782910423230705659834935392875295899104234160580089005602952762
2196874586004261054657945374081406472372154160846969048320309784719233791517733268788930328226943749710521371626955540779188454379851039614568993668636
95018311017013410437979806790093693132741875643893917415190764622033392344684354691838899986123652179761820205777662576547300829446635789791278863118
1910276579473739126281561210429590001019733926931119154853225721071207355477455503595428237589193711107748759619791194372081846184264151733104341581375
1392588057544154937269108447804412813823525665672121366876070047474512180182146575226432925316453024223129941912745674931346905557903763463221722095664
582198561687987382280933923661292954259428801778860797444414831965248409430026795324817145415110759948399568199326366748212359535358375655788519262948
1484013115307021154389191428428856772744754468855214159154827317909891452905731933869671234867538382424887427113802986100462871743661046373231991988874
1842933771973141884329255956518883021509078451567545176440355119697841544587596089356999003944058199686851066855035623339790724202339546376827737154540
2935923963872299405520830597887741970007691795044687772709060173653362113775587982246437555273617628193983389402495563006789196086879140868119254855077
2779629735884340751906384322801364139663890803923919621620641341833044534335773267838902896019886362253478230836097890113493277899954258773120346352988
1104421072579807508528916746637476057841202598724371437923672397353685400410619923360294146325224048194412785540045437176798827123815301798914055942660
2094973637941482520422377576979598055182073375282860045017134798210091877727204776857762894338778013121445951190428447850541318477393696503814388796947
2509932301017873812292850159421318562892223971427402565766265630736614119567216744000891991291288897468573511029322525702807294882798819743779477589770
1163721796292617890698518406507858309577831995900331786982059515017726174900948395055543149126934645298145329327775969159420447598529395336928942375299
3260277350044441477587176377458281956368723030481972506005832758435931773566390259527135363890684923289295235592529626309137805989162773081333181112136
2391814585565937199783625037390534311184936727888608498288338132304011159975539443877677489449025365552337926531970441316716005969087022761783163210457
203847899637087067389541178341503535365331995131450643571970139512847659155083873292382671629374316759029959611130412621327832961716353472381137617376
5523455322112693659639107727884928535317312018851210258061416965056029016211997582298600685517895112137007241102321478019168460035714447561368661690
952074375896573352235412533213765701607664446228414884292427074474812793548505051320559577236942929181002658639643844369368451065606337759706492216147
1137460307258887432431911251032913655389505178091111648169845747014115853166723281251941702711338744620895704215583686076603396613760280263753225918681
2047417547408085580367018241739244419018604818558012171106717868327941011406517227454386393270843345384982201469533366263287400959638307247721476533207
2782570162706416211457440243734619585986465923598898500660655947625378649999076208797458662819424551194106691977579494306342267851869117458764611981216
2992397481932915397088222270733145418392493652006013614096338825233117018610034443366565785322497900521282838705578896576467262475767557122879027883657
1689468314099279776684338613025110820833697569122296372516551529000599098871049018416782293360688098465220239972092597232255498724175844334625490702639
2940344669099823680359539474448655490867014536121691123882135077280199295951165402532299146275187394572958572394601872623022396713734396116829620698598
2197125826689519694921780627809256728099237366204694237188375747677414587511730818255197385506409970036135818548368315429441244450785843199946465215706
889194936428565206126758823215259479271237423369588738553325411393102427160393851323434312157591048808531371801288296238163525042910609226733563794043
1692399891128783835070289186686799374583855151060983102159400293108324376617465570712551258967875800794947449896180207164022716850548752237071436115812
123986613576753680923896583007043217921711313878817468059524813374870258198041385475820901395355666399984949659948322777817881460578234843479043404653
2492413091985847694440652687785239717652290124907574367327586761005013873266917307934600462257841709255436330978316625075936033958973737876856689457093
1114879606579378847359124616858964265577540494703973874155215651722773835864725157471951086004334443876000922618006026527306936613979487470551822549117
2795624239015531371460468267896990339655602205244782153628516263945555553024686935034327264943345432042727936505607277518596917416960160034237512081289
2560173073088261328192139201674701964180228433501265816372941868339907354811162322442401210891275039116762926250468049497164797921728033675467482345079
182915785608784788685053985838902700400334310442882829074942717470160885392105236920946542539617121346548337236147850855339706993147817204266344434898
141266522748836464580783417146913383813584780509634483380408946563320227161413270550905171623359833335057804417459847395488018864240723374668653555027
1190904442895911191284660375885891641118199603263993142428769394979937626752411762158041966588236593655529169180970998115428395185582930714518794789952
2720946015915226420892844929437634571747868547007785901894468728492356619971265258854162631002786990431299953466144480072058282159118672054542082952702
585310433181235237446318485441919289231243957888550883491867952325266617701674002951590403149951392295558506768387163771317975604984184794394584447432
74682765702560131438031880109253561104331278858267964574852804508520717575959632704397247999474369570174056757371920207670996935823344808049414422757
39298581565816051285761907361066053850506386984069173668315116040520638030407338106813795426774502757762601536548280356105291926553324287193874853254
216931498999615122065814113395404002504902608719674419171122905901750940033278960208480097649448857538319901385390683663166687220758754537076457534798
2625985441096616489051890180530424691719282552678777086345659886999211068449336747099018630296996383871277024344297743944759974917056197435992823416022
2873945580080407266967836730635896558931963435898493866875037277796741586157176639098787878972876815887617179770103259354562135319800962940114961495091
2432841392085380894778569137380912155948445566357663522165232550003890437155586429463214747878251148204772064148044901751583843909278132174739858632506
750386885265475143206479359031848084419569371022934711224919563088686114089835796759491560757600680541291412435285701435742884212113780364793584493514
294901255258716618732327603086661063535327823668474378568276915343568549026719335852237590318715014864441362745227794633852827365711216095928613345153
2857867958289052713060185730278148281513290995895806220165922512440679465755918442000589007428474908803445873254842076002457705156986917650115682169806
945454100947519763060938476595963602287875375624100470968430695131716203231280617556765079349182341984507761101590960712923333638579532295831736331393
2173280098219018704592466298584032844006194024528041681107768269436785809117860968238439197574994792242488596148466982607319530716992954392731138377289
2180561601569823884588474114007750916040513480865284928238958717698192698935929380244241975298023803797347024673760711831037801949405292248806034074109
280691051194527758597736463673070544687320439451431109569322974277166668488573549225448168825060909179052676167451178541995735012110084036569064315729
493601520762610740158601726604024838761554482388650271304124008375420794537157184755234053979524021845830399459558489700802106660484246706397767686745
1023590362507060268586100317274555130660792883037480759425724653637301094033511944085987370743574427725889086971760072541355647358821694828982807195616
2038450264303735588018640648779761287182347164339733267039333069974395593623677195165530176966127146123633438524198936950381757783465812287242552008121
2639294172798774926229693307507615914994222631500353370358609046583323783699304813780291253661819560117024855071501226991087566153266359147186929743473
763613067121125370887885660657133175037704456734904379368826197448022826964975991328073257121685561149272526228879109752686817300776641951798385380270
1750446062732615065344514604580119746334609176775318831506378973793857420828085945320287264192781098184668610776308626317249319906408369357155152308793
3272302817169053643596588543979308376000626012073538092705214865368868262497925615525691515356480567942609378040577966865529377827558962150433353892802
3173669479900957063708109520475905419856695676822213485972381338565291468117028034189103206149154432919229843703370842079157650189072241231162401684175
1518719672916347558866891495795221194721019366165632639928107255029375079236086011521893202772447995467336760234928382646499045147587607314669537463673
699868908178424416376453385474232221846752304934956540305096238764658830786009105028922204388793048730803868990501601143518877289752538041751347466867
1283476556582345924925761943208323133717023364852580090520969456692500955691570472263020798696849975110729103379809690294688883442303421017595071680406
298605514333834727459452327000570421712099392254174814510314029017602510226621885251380037969921117850158897026989870943719341634220149597007080783813
1801349566729884291569794044593397558851518338041089469302173175275543339121959038331552987450433034631100465810703248834784532188785260741550748827145
3269306203734299179129635536376511742643952976858366546615284117503282750820162018869548417353404051537355859374595641355892963113175929535366350698753
1185911015757528765862567947507826158444038516901036595411808599738674910953847178807848502421495999514219382318849319397690622039311202458057826803807
2475598681311486672495857655036633922909214190077453129061896269166448478318460742220713251616476961170104952177889194039107177484299834746800892304781
546731244303761319996505827989696168471317620912875524233084829013672473132257017656410647063708539654716151547379795407981494273353799790294460160633
928805672661522720685359350986284816434667562295519231720696000519411674237131788099140275002112608752364115323034501811525326666169155435568667285852
980255371998277345920889201365976555784988475120468425042361631044192853913809128518968392559491467614610087426637603559808946969676068679804534245931
2382734558605302344665622785231728314646764689566167829920831575987184700109746303761469406535027026405971551671634493923189338542498666426615357669367
517778946949209281770533040275280990118213838787207850394724434415961326073238432855986183234350846084913121022747579463869942678924747536624403367809
3078679967220113329924437813145139347760763236666864178595329827090052836830819901312163509585980417952145694420877389660930989477988444329957226870124
2907131437559513995227796440164688895064665919615536414875700173470746619109653855134490404954201030527873536590279392045926956440830622516896873605810
3197962906744792626926076569158666462597364350721486379497274130911128185162183944410275778503114667530559126091521890513776736400922109869836605107205
2653021581729079256272500657789506676080239421648493941270711494675929997789309858715568869853686397351854854775407906398651741589230490013318024387103
3265394310234165418208140557472375701258403853721603921577393147811818869692325059777122072483402062997124475872822709159533052331408984281798763642106
992165119012868306793042699699572781682271421269732823973226726755618930682936147074615809014089197922395413961045815437855406619271096789700212596807
1065388130341718195703932492463928609460857278217819873521866067196825679005860129483703224956888689165311581785404236895470868315455124834361862785873
2041918538434831994899828221697513246059118385800082535263168285651250492362094068281792305162283295256641106634314141778601080132652448898583717400159
3030751583079117876443156390278272291623985324474397577491317974165158228718464210200897010542359699804109889497589956950181195935525265316344343775459
1429405265955443194541315825170014328796245221790839855412229468835599988085097959745642432341256587266294528142943974747118969824405571955003303081824
1828766913481596074126916594208578128226447366039161269535462483084003808014468301116680738194307727401736572018585902782040770147472511863855200578494
2200331503517024307466435965265898381597765180385913308260973096112477844457310011139834467871502785560261275646351659168963351242027230774264421233723
2568176247495325936716180443512683126442932057030905321187276449047776977998572418462100704978000362167135904359156165675836322005162655565450482566919
3170968863984026903387000760314793102880190217066078933410652370841348440546713451727611407710656297849362156173415907657700189441624882761264041640542
2952614608940014830285838644070483272588240816813909247399437749741193560182190535084344089514564002083876343570373670607471262222682884154132967238901
1195787862738472941007989368017007706446598792430851684877480760069234725292156745829947456986315856676306196345421312251253869020481745631338161187412
2080220509010480860225475050990996543377566017149479999666152392721869368460747371458196733458470604079060405171454188159558528131739544562566637731284
1004218464942440083175618342485765848527571305639769062233302236516501549629477664947621921004356945045191386560647739608104476203734192744334430215461
2663682820679598498775600782930150632816689511574225767871897466381331016968299224652843691969272828542372770562935872913634386499191015747723265200435
1022521304358847161927311813458377734860574078615428145853955809803590401970475885924066276104088718812228316834151535006963535708440665142573782439713
2675974311347031840914284985842912106266503705078172542345570022815264061459716272918006856170146880421911565255042471509280078196693688384980444896908
1055889884340048639072291694333580144504572096141374177191020225385563348998438968043839192182775703852690203821693530403573110384855349657247286471238
687266570082770973184659947503580303003661427286646823333799470372930953786983040232149310687041665194679269569897616229716234259885584363717716276795
2099389394911233365704015347349332487153856347670687999085971248718474258022267924621822164034060670262682266435813916900521550737821727199070250261246
1209184090316897376504932951678998589636900539242634868481777339326944751623430883284449278905724452740005924007361756673934664654519227486681957875250
1579616533925349112418804481368906311140871546454054149884866413955862908809251426439613373853718258989101201562854938226005812953408886637667918681881
3257311952435056650926011999318437886056921797505294439467821689814414651997772167957163279340482042211475961788156158875708506267644872144626963814358
1064336930960804284669792835937836634713912761320508037098978146135291457274400093578830834222342383487809874110117370322760677545593831475247924397643
1946433896419670955334505332731579287550047369629049667906664785489185027009333788833369776196225814552600046456390209348066634554225394827263577983814
3268115052809803018594612542486279153634321341611191290605441560430216490451299480759600857473353437982142579263591346515657984977960285809946638680368
1315155223296852962962101733230041981978613959596245671388766026114345154371763510294036520477126394623982719852263383862165218188720283317099044258968
497968054953575843039190386824959416469753263707718640430755701168036026990671387651265537173876444788850849031674866066484218090537077923355640575695
3073079860523971913159376632172768651108924263828834429293345456985400153577931665161039596654415546251568050942109450794427328967956152488115270882563
1966074030768538151991141443675788172358734572470734580507454345262963147640662699387057434381489537472910745700888216207793593535688573044968749280239
3210802309850956481771403650289885136938215823991300885321632838449351010135681472159402223564196020291404904967357210101207937134812959658275402180039
383735362207337073745524209914746080403495608063780962052786294359680693698319797014464465340877275039181914034623505406161321079608308584558738986285
41444063343555425211222337348443055215781091633015957115849573701053673073513934396687315047377726526468770561097866060988114022903743173674192718438
882793247256278399803877663498149056576542942559320330799374350569198009493699654483299346374634407608264491563699316371931718857531504073134140788503
784410370378804126957705090596747236964775923301339607482678789511558837093050046350292372594890289087392173934871189000793598034758060761527876969816
1948422220321808787154245587762874848295847593241827100301642691684468905446704826525956157823012251067187762085956484488702598218796944489515178892584
432880276071582601115925101430737480100280534091522470909830104842456022832245247816588528513209300796324032435829867990829956041930045359512932091928
1116882048071353100977387638207650610602803810432377464551951924403730550458630416815886257434711930504581954002846439157951652502138362404896285735361
165213558835330298417439468337073968159985855537752087129092703323864341189454312344257416276867227345251497764842966171138085228735692948638159348322
671170036201580572541221578132708510141100969189757470335045801418514048144197806337638562255535418944426339030760061219792218772367657919899047453336
2007383535560831874235878174996707758370024708642907636916549011769895555969685051762518149128026509886146350634044596493989596080448496025878449829036
1565464031257673981223022111893980962961953213433129697391171189041205601477364521280920207425222569647191264734417169855076447414280885984686595037623
648260969780108286862362597581389377426277541374659549965215050844916721093420405623013761887865960613785957269529611374787453215577809750546571855433
3064814874621143855600956712133803967668512433419939208513282694519629740867006511106232517451467286090927796653281254922592521324195007368376184908766
2055014932818289581847943822391935396812691206412688382590656006632210773351799613770017701958151651422926322641435876187508233502111846645796102864766
622570404639864023614210774459055677110228943871332127408174050391005674454120268619107466506572102529331162197070881546388319353195440080697409180837
205709821290046305267613269533550893723311615803664749705008329711364975626505824525610129467082806749903193652089670154084422275343452556694267879560
1439283654124043230924335303291067110668707764010131473523198867615669853138255074117506401420053545368859656636383920713150123900716423992692551039093
1756686328411472143241961129683502986008728680856649818802503734735098744740887344876954898467223186785257977387984918595210950814186906134929581433527
238659272880728147784281365673324147355128632692963899632831348634488040182100295314427524846005147084286109187124948699717027493379338721040975396714
936334328031886529037893832331234284447937292258814054345204591310677659806514113118331233006659092222951564193618402217408275632500406799534476793965
1224451991681255480457109098658440059694259241914837722351876298219635061147449524064829175196262205220267127992641596274703809239427106708646866102453
3124831174159790663960257494655716538870689058454235582482286918482785011408728198590877899113360595736331729219477656581668614277371973326472061956495
1917144716085230706441951354533258484643813339378839047052700076386057914751842375865278278812693835947451722525360193679873037004722383219989956202404
2596662173154853628750597250655442370809866665548413415510009970736094792417921341506849484234297013408693488130233057223893020345179487406579718500963
1625422655644614290720555974499976547229504359723122093362852234162428310218925849856209159654804839116285219532979906361080166698208882491769166727891
191912908811227747326854466192469174539755323003353703871633261416489246556166310264489806457567139623294912143984743675427700087522953824509178515591
2603077520545668805230169143567199469864851938980949251470708980436037362180043018005607233340464297513018067259054823208818513024137150818077097319180
2398015396952564967964127241798491396243105051483226056980010591022173463260069725618260449720626018971531436830007168266118827156063726903858507725843
730786923979383397993400972759084098822306820715634277746667351545419688656835335522827075191092726521908946066174177591294544791140982599350304403510
778861238808313460342352327273562594716244446493089888978595710942739938221737513135049677733855662644930548429221058940038817858418964813542848676416
1558523577079484709221319994813856223759451860765136643158645478936543019115056774425166281561755583716384021725193285151785030925879198776692638833923
266651234899889047766304481153728542284542312410052349318144349932702065015148160214815158693604463744311538173606929069890324069422458142126657168968
1843507010760478584701431246463683903302488762350382750518531768040067948975432543126388872792079695754362471750050540262654162258389426766828264670564
135537932201791973917845212077499826913143021750045310443375849421157987826091153771817098884153101539679845155289994717202744426477267234553495656165
643042858791561002137980096643063942241404200102938162146672616748233296595145543745392416533346032544747876018016147633933346393804645095343255481263
1602328474440471704200067952762393029137732560106254953188898861756010194349200200568142990873767683629397610138695323752560407434457069563081078424391
1816882427977205564841686032902056595671847069739673407505942389294734816912361213345928805111410502396330969121815487529408768994447986040383638557681
1832489849524094776841803438939089721326505101402887670519765124103811433737529682379952740445017651929829512757638508117919795551949227100325653477706
2569912660084906325486177820286598568396129566651111150160773332340488410209511768711782015279528514142207453189355876939675128489279109304854161378461
1970783080290581125398755156269070155944071477046793082784073492357491092324276422548740340019076682540164803042357724643826426766632401754192683572535
2865162236082322102528036020603065069976578575147294624616968373146742188124430362048295510221262330812585482770788453519732984962858919092379990871568
3000470222231585737040202477830781288695351898676062444568340137413267843915371840517648955456309015860243382972234707446964068477554201192880757097733
2527432149964923319363442412586701887014510479827880043587260034533731216291213806813533565984468044084226049434867922939180613983522768407543882934254
1152049158837549726187655365574188380286999686550652384877367178162483047025903030105655508664891181610608968353428770390603178618592008629611293967650
2404834930890490009072330468247578319997504182419568960556642641379677779741360715155399919022605370324724892757150244149627180617280497005172130406665
2290034496347698412618104372944035035803801687260251118337924389171332702058898916658981884210682315322364441665485833677070156841084748728382176065081
2554305018241683865818890675996231426801820108225838861973329923451076359832365116657571836332784393275892050105481994008690568311106329041698748872758
2893814824142467201505914743441052883105243427079960650623575424847626477881759266790616798146977221074377708089578413084802422234426188158151103168734
1256826783833484014249224922670269943313929160968726247972562321623057248745269436951880063533656159641544210269286797785837928749972569681350825880107
2684523226233245353543644532514673650234150910983153662749521545674122765992750968732660317757943376784958699385991455465170011094493891800493934776079
3008733670757753692046049804734035845489717446528325944644830982959452906364797205750018803520732367436457692873992225983240886875128812354375485939864
693812137465650301822541686834434145458254626300114742596412047688880969356694749199541032149228057530143667248327421412210348232920425872198749744005
2076552756853805001889240052676602236847504260171504591701416425393776074490841883193841044802733676086737521213948179720051033488714643042842282321429
113914887248066956764254199791617670445388172094741914586070807779359514657446960706985590064108400865110976129282264954592535193658614499884176614027
999604997665265721409489679628444131397065989002083527178633872630162451715801886233660656273066552825259097335367959962089209075358674499544468486797
30277688632526209472882238284559625137917121953834257271227422066062008705277377936910844273020089245918137685067888607443280082509781496351415345600
1223133910302988220484856303037451911869774598573128911668145726582215730992992252764512287265686392056941910781229093217618168417709888368547992115890
2406463916924867140949502317828622179659304468879599175645651444577643816924373954176382990815095771211815581783830246910346830906598210222911661819375
197530528903633885249608977781015659350951215972789490256068940134617435590839194568164563746832378460897263152440977418018018379565321306609472838781
2415440130611714848127971700152228388187389549898305213081781811637113348163589672630876288424813344897464891335966068956794489134234326933217937105017
2832014300165894521977420342265736729139203982461184810379019103032926343136424820987175572917559330599785734825626984868330198395452932681232660170016
2217747941804712952212536849985000076161551651030091068029162940329421600847886450361038036526628298545201044148329206538478701114353921515449662906885
2404892155891592019423099399441109373219035004203210276797064313416179797247394579056234280052104652443471240984944399237035740343338546614874227191780
3240340083204889520851996040239179458412437712999517510818099848347823026129955984881782219945933938516611350924500469512701237166558457287102854176546
3032174961861535703194748922786774649869999461468404989826244941648626746272451381143653284932493416749107617891340607293442448319556597367964835016263
3010490664386417244641093130487676046483578391279769930548734566167580892205117300352403113193784533445123022983615924731054598786399337829998247960047
1918981178701617963892088780408586080624631108209957137360816121705719086635802597523735177814485600774495415679214919187805725558881602936661042854397
1342809455467934387701609132025976511314418011537079770045737872844052526301203818468895036945173059425135599364621851283637498360950923567499603945132
693109377078357087403951473161187577574278380685634458794929413154867375348512137047905008962206830890032423004493672829619890695770541142178208620477
417692212874106617938141104744766450912778284499587995684585833458287049905580515471872475280785852361060002522336969195743100940739806921051721851391
1828533522227271458666773228248750794869600941898631315050762042973325174967468662894583706941312865036969898982456062469248190533449259810376008868927
2280006717876325209557459240022485042371051845633257184556471610848000466280894892480783443982300871947877800959291226591872934679267984104203639162774
190256667054610017688924947667391569064403767997749350243849312046027742596186697320476815554285592441977615160308684092538846182260693179461005067311
636229584819243819475728471820893371318296240775098263082545694239083313549311886088679458265107366759802873811689607221289536047316208975506875873856
1096907431061761551448601964166286417561622457602121143495254547747076072426276137602404353598032774279110483749612866300750321604851114718346363299725
3194422286782089703025369140730920630332509069011246874634049682010337447088635144611149186966568617591728143317025527764758231331302991087822936541344
2846180896778729334563368614068038562281156589124849486950982347593748372242893037921045021505842883182867179766336880866930622868348012662694250249470
987157208323846756156289039754604318220563785833679507129680193549957302111450714917854927405624067480625111106830789065405681511379264746243171512479
3194104107983567969265960163010926120693665699090233155339196263543079636890908968443202218626217078654182630115087390629443708389349736670762065076072
1569449070707984885992187056817067677117487532443420834572947967519537825242400145090691118285308973082170211316316927826235816124063882918025328654490
1886206237309562306999935306767350113567440385871641676041759652957105050689615404722247142321421503211117309205746476626407163555286958020673412611600
1267250422888066074287898936728720511083123310450068339066356707110547141843421660721291599894782127554873777298020488628388984286936772109969101645660
1731918274873295709586576655084828739236876973740448016699498556294995943424599857034273859897480934330829776211075577706035952197207029288057601251638
1829188247928248620469103364724757430975400199368207171286346184507369419733597644267712747597711706737189912620507032802980091549234103522730015658003
2493042092732265458720047373973896805219043400580984850358178847928346740773863384471212335089889970794167997381341225075677438283676445338521163915691
1311075486857896226577484176149153507818886880865286196718453479278379663149958527514518940382362138165818655985964870993087820917732967780328872925387
1719591869504500970369908383448566467699203531286625834033391936855025876609950734055861655792415990653547260397240455443200507290645079080722269916941
18592695243281343980264421025690124378995521743164689287678130532340637354329529550178316342894828021039719465872570601723772825664447449612594648183
2970633271835540390473913693793692687166961980793148129898444864689627354362032741791113019833854999444670926989793701963590917056337106201585173915686
353148926299812840449718668679669943040871703744784093683362838101942338469765368396009720310383449719258873314241395075541356789839354406444854443273
1084553749718160110910930292509239499074431946498020493081551556084679371012865164898291654218330359977190817372428942699634658188785125051825056364894
894471048160952804504135168026482487074876962717491916403732391640284200845937748188250475094454347895140043055033632771644122543948616995740374755343
521102236554166038011273215301880866167538733621316906139125973885453840139845366251212160711662018177858796930878509615603061581992227236202127485873
904949011188034187320681271525399945287019825040944012758625774822958430027851856835628844698665065851558177438270369449750761866759049386797026106259
999219044096022435684736462822643854424257941111362236637867357951105274875894901060119012781328729563058335756214759390582008116098160456722134144875
855250150457394185070902813536188324811807365429637438709488323190279724251074652459192452904343627692125203944200168003058140157301539614423657298700
935776548416294631464462290652504794510353720465264698997081982038447369183889036731086607622769444336586847763647406332330287116768842715458695188984
40040951983543478845356941000944028960646060680409167253951504574224049437888580140304823526945600593795679040299534312653102193562192057830134172472
875184874124175215431860860169918430431551598191914558946678789646290006621213899856295986657917107401438431610713687103141530673996971770693463954328
1201201924007448669560506292777230077006939107610852084506700972354639198394566748488557179037696478164211947392855995675555243666695772021291253861631
2193554133895991395959348509620033171961340031555383353799371875130962345609515589375958883165922439266988549985494406568962134910728910421657264224492
1508809374446891944724225335913261815313843595034737968168391841981874030786650445625004890097596677565821966290590439720952506294160281499945958837872
65285716223064675418552999002447739232659163286865592749561331177394316135117124196401583741558696406519388998838174856792805771264282471032911657011
924639141100374723694811232315699723140611907935660817099660039633682718988586835373381091752044619098409187185537906214881338501184233908647077428343
1656105676810673788213450361914050078406827002898003693291546220372343162854951392797019580540084000947061651934041130446866614995614301910396076001935
2678823606292597168748195873240005279302119702870312165089240145593684433630623879355687125278641448506181040305613188906132824997689399205373250770855
1173833855869516040342083972980116533818270731708039207184519136866496423111948662191134502295583148884209628895220969226030468314852009239316035813130
2101967742832148784321311004168543984173185685375471108592063506589590080993653371247384455128753875863641997006511162181308306559047779971983218109464
1358206323030946698587994394167319498510061195802471685078819664159876713794028049299291392930204912184828492898650376296402566604893461810733927005901
236977202575655889980240466495861878610214879945313733262136978055854743159524554711668243688542885778560802554915991035448570124016143797784017434770
1970290170738940245229640994014601139941971469039643755555405791498189198086390525224712611125701172915369137601838748976777913139562884941026826229215
1987759237325176169488002043588443100289448177448984612344091620873812177727906445313220532159678926257703215629174821520946817565060749396186560549709
2602634910302755165581295316426561869501313073088681931494631104664787374271367649731742281806783863908411673109385662967186767887786918840360164200094
756676973913746969280447151611880636642082522730243371596393598790496650436574701184582574657032899950279237071777445514982731516773600352291204259120
2279398189039374703219956701665184748224299123603919155318714430559843733158241134288365833982806916778084488280185769034704104157472402379118499220172
1205809126048542612492111912460815505902411915615060961118942431063205263402731922890046937252535450427606840579235493366952647847198471748736889464241
2350280914960517597479804031962358783392232064809073754942101732718132170325505380032999192133455113723901789839253600643723561093322852586173974237156
1208764679120027762816780108665680688646220131231917465192074547374981435494763870753482435341859119402820606790747430846757783394166642595953061142839
2029530883475888260667745393549292311109984076640615854045284752979735078529148559030353887090569957616218450450397853935839206624754628857474712035265
1486688206405341741932791482202258747250329780101373826548466659023989427210897993343398962030632948664002839654502097348024971006913020199717150293789
460966985641807602400178840815114305938282851208938288087491554117866345792520549458428463782793506801716466283540615809341695126082962662172187989746
1351666625028200040424437908746461442226019513822247051571404430210629058379218105994664568112919228389015781690350023763202152851749616024287114780442
635078317722641733923672983235843587829757379894284577489624269715947784646668162391756799249644005258608343736384947693663081519267620818682584650255
1083060629237335719633266958107067264179791494736563438788539567961286984772404822399158969144654072264665913592707469176060724584145452581221595629389
799696954343326192153220144371693518660156662805467258880736142846109469383729001906898781058994640824523400019691557772118938249236815648526210284394
2313423073787161191520552171260143875744862906712820794652817690535717006674497801956271910034739189186644698050681284575516157934684828053898241981116
2930694031031375848747858691112653562355810943612912136213641739164322115068404592974880339074123047935923569418535214306757283450604723659735619005346
2866503598300416395936175908744941474964353142994832159435918083673181787688110803551461488540234001885850683631031853663919215724469737232759198302546
167711192703286213146404342726121375314184080282437939466932642375645252996442889003089493758391971355026078039484715999713222006430730633324670363984
119238541840525912978459737001568861880215968613305637561504861559569852819314777416024742399942709451694503420413542155949461866468856273519530825726
1009722298117487655187716139658872745089271688019058237024944271722317626585344864619450940087936142101165104128745815449647071593594412049602117775006
1248249846105505418900029233224831838162051367609542696933244528867252554774559477377134731876901460100853521504657901161141956148466808702304910889683
651816051385740562828428797904099511258838098879033543120797794488869537318303524876834252799538626814168879373186052155490636770979541390261055561447
2459259724683797671919291481098611445536096913126144838441225542698648461483996152583097233787944501833409287943836575649904810055725647866465684576450
1181048313282328219571175949156847566696734171629939169728949801531839027859312378054863174397780451119891085038757051293712915897884709063064224900558
898991756135881066206729003291161555108602210582469440729383839280922959378425152870212845373246598665430520176138334285085976906403740718581319069092
87495217232451834162366988711026168565942142694257018636850953314918461675598978781469773719523633818188144874989313922317198644622311826439189623234
1478364006550868501250595331281755449515349516714307388270245570960965948650441396691508815948812484182497216491371156357723758433201354144049537791236
1908350805944781202629515907454000100960402950760028744849375778343586218934063160451510523081022939250796143173094712553122559061671729936900174614419
644981440573679301291832275559865860442622905974874790726642237933949112666260027818685584355503741883843721686592939798883903453448123286707290421458
2714319412655152426762857952809103419034825412877814047908130500662348808697422664229979461301820043339778630637546357999397581729426633063373478641035
296350587071954633551681867942623631600283789352786660837522528873024158546957441097457339738448567630080765004378506628454422970366975099742345530068
676791610618656934583291543777907145717960918717640983556282169087328647996026974546030472280037022694108039374446426268164119050536518637069310052952
1914290610456749963043814506628745931946972116207555492653701042186169440443674143442440005476309700330239797120534463893485521672731547223083806791590
2134092899407954752842332956381414910173738793679684412051600226926584202026761679366179833745821101458703485154132920968893462654274970831341839331619
571815641320827085689332969764666255855170536338375569357602326278942716930648853031252405251280637915634079995805424085847502831984348734783238029591
1196827189360376693167697206707091910975912339689692766814569291792585115588181307649541564032014941730919408342561680090262607031386124115153131140916
1353061896062623550525789578310330264452934415689894114401940646154860697816284461838858459330602442428843043145496733286558984715117676497020666810161
2811916972293423618781197505392234222321060247163972486289620685723386184234376995491762665513061550932913400281885144924783950344335374526759372707676
967079258434677056089780973261731213635292549383230222074557286250082909619233203652372384961193307210556455391048764640942670097752468551710592902219
2219929810249906451817256365265733865146594011115369425204795175199717433351045104467000387312137064017647428287126566130214446738438159310736204003314
265646892642530690356240336504043571254242519515727915312329998973968607997157421328361481465246560259373939048401377268787538157502843100323260518207
1484331085165200598007453701662050919965074100820044105302725267353419124978722128211681989235348685787841681402786593267570712059335861448305021917555
263358387708590780552473040635633115708666494930760947294630986029653860651114190170917929244149766125843687177948805238612876022948786092320102345896
3238972964144854052529762136306223800344342152433312512253632818249284363023791044029989239678725191092926136811347852286370865469029128523210429436233
681345222665770430522858439620125026933403550568930640775676704791149730445242134282000124214110577450307270997567108915646139525080095862760632012414
2863435236733766666979495598342422749677934043328520147628921837917567238388045137025600259950804453226805054603862535183653183989340666818123311180307
3155997197896767592979026485836455761769889575323386607039856932217027326800392033706388630731892709943976264872312110275962181020660950867088330381187
673299999932563465473740530559505821750969615201269001598519693400958425546128135579714893175036955106117543552085030490095958788373027029919717742983
1437415879694910976141235010657393102022311761275728697953205551002139966580090318201031821614247094458985521413393832074260667555984860194734482379290
2465615021277772919212019860370108549951477813789312505899726822971086443152244684648621096754097489960327703698117856040279158378041485920296144221835
2045635836873943999657774264743051210246366992758783231200253436318489196489052695561928687330052462508190135433827948380004011611979144251038098399441
2923313892814679423779965096009326264041540531230563475672652349860490781760389961698080606181271465474773492725646208896806626034295079442120889901086
2058447839069543430662129512064616384244199311014026498639101516132336061620223826000014569832660594751861053428136038395930749059578813238108256074178
579150866819254945722469419114112591913479708858371006724849289260182427238181980633622631323908321146819679391739614987580298193665588974945853926755
1224363325040442208093244167183674860721280334080537387641410193913049303395424330714890170202140621053762465103410517418070757794185904564108147386919
2903310201515817561494969662515194516453039774723089932412756010699481997026376874987873444534970106378447751357821342549574313152877855235832042183237
2895485213919004423937428487928372342520818767067304221899421950635518981955327510989383299403978080571697174918240170584622292140862854907022532737711
1258287599013341774219154072524944294638560331593340285325859074375084247622738665210049142498872924446134529864501635756040864873900174556382334970238
2223315846193788091837484025631156033720723352550638225201788867106472789156790481129618545037268232482092390796122555046014039850542521631882116498920
737846864770968284611987354420136894466595809670868413101223934877268534263267917136620485116086888613894502202216686599924339112541448101834613276259
2734473616984079521731196565637172886359815193039656973808355779371829618431376977550178333227343879939870200976566593296949986403187948721698044736705
2707685163814232731997250966904688388201071297766254620403971826443495715520487240029528732445473164266854251820888652586914078586321231390882811943533
2883091704443999083069138210705101811579292398467839148740341844452821690179058708795484475459232986894941637203018480467971967960099778471088422839821
1088382890106556046049011281194315778045994076662639391829117232810660164575843734070744984375455246532265935226495095977936273179137158342624740112114
1914916157316525149069401698072855861440174075563827188273998876174093729305984171244955487030042858412265630088039213467641647258559424148789178999694
985983334532373972987258138372253561315342296804440734995342080757633729056850403544433258795671211193444631147246737270131135551594843875361344958566
2451686752251355707775868786940313055417654713535600182635374190654263309847782950999309742435187896783115452112580017346715627059144015965349213530795
1340055247264556628958197025688235956227308738073712706160328739153943416019627786550315312604005351093578172624277640494843429394312109252998257080348
3125068608773540154493642639102603288178271760895388887598484987684384450529077007309692582955157396903570763223080536877339746554000405085739154366905
1960533006421211964153979578806768078569900912200161123371063096856781012100823466303694933375478833852867984680705616004558063803084411252597631678238
2579662681453624903062492979001031951516811261450041625943323772361198801697572626876791194397405043184406748950887724732158832236005372762379179746938
894540524194281391098370634760713646363665283019466503637119753239445446022968128536362786075583433997204092587800903094140798392147103272490483539551
3271697017384501795246534634769110882188696193254559824936546732143651380881276546723248033652517741662584350787938346265815973707989700194664573309421
2973757161289233527408321912822174797923560468368520806238474542200951705545185775001001930922264018475513014469364377674906650074776708344810360082503
2645673434680456877092142765785118628818556522758447363968375571220859404907019432089707559223557528425535126967470412140104374840285099987581508211971
407280215580342160276731435526538797312566278813274223617772254385583709679195248642964498846508834562430858885485450035470384380250819155944079693953
1668898883113060240206635315693502339931619252067592836505949963466920007028026155110444054897106037923339428712984373985066542533604023316428005028860
1330761333601177372067963349743378783063701900262533472423730012527807083320048023077193970205002022451759044953727950630056281699909967828222346364135
424261089713704594974785894869820242254402697397900731312547212483534998760087282133380773158730801635449177968837214408067605387523174515169665813255
2455324025351000310953741801528983970760557828419548661478923930492100814423749196801377344235526456040656838591014239138573122476693875326230054699097
131957855024450346984167689455424899916510049947413475050880428501527343752658090459442584837674915151379785837090553965857616667189708806166834463487
215266252852474322257452927449008494989089941151789761557487867883600082065360130111976259417137934860720412655261205308888069459545182753074789307964
2686208539717771067645724412190756077214988237883724222100630698953595732657980711242205593756485542451459947329697990752845863400058854669789064713635
3168398298633522353103133935758211496435436399735608827285274164426043557693107734625060884915197155524274770937431352804680777384199715452047972378385
889395376597924797372639135983736061385490032810658486432838941981149433566374035455690831647733637301096469544433677946790115903707327597994991597956
1023842668683902852794885686064369847529538922078727387807425784808091179115120370066972495052541822329492670677452327554067691621064914481645638468344
3179323020117319112123841862223736454897044648904267204268230573953564677740307543755252096634569092194063096934893649734031015017807932271640150528481
1695455522956337778971911379278018664948498921977647320383457076506925522513737377701009231369607942027640197587456730568754141111981175045682683352038
3080291621774089640410873047150010414668460188276057559018144894748356513811325560014750019056557156429042045559228989691276718452075130824321199504889
1525608650055596707779133445601728489210885229694566697455248671861812635161888381137398465275294010752103866384651450671142977026126832482686131250820
3018447078250703387539849731460356030141401035210691581198998688904762180933512378480429902246145432412347238562983201239211912394154150905386527047050
1198527767733461231043564280386069911991945407608610381289905485338275649732871890216294475419833136206232108827485105427269095192689066829779783961539
1223348992117367249487329902258858901634977195596393591507655098551090989205070871301824017647506978140383296696937670820946693690239573087976392037787
2961895783291562450466057755513492462102971733503559023014529831195415485373709344356350780741955513106550779860070594030960353966685951035411932763447
725745240377210964328144315577279633800339996213943380857716833649146224580356096474854416882243131508952275728042302783704895902432092077062084779624
2210819043899229875224499520645531211708372934041851944719032918463693589451637805214696679549106206171258023717088423460224975569047601837562192633460
1896226365644834549699640978767117670297651651469744346988852944709057824244718362395450236908837775158681775832425632336387958618045756612580931807042
2440780350157428319905201764748351592857759656022636720744694600792252537097545537551271123996448809066416524790101108941376057214453626886271024750889
2412001566288171211790398611294608909437623768236570021681836672974944179515913879443778859649185940214126767382644759921571819540194312398860515250375
1691379550747594210214059011294202431460155602388724535771383832854226220854631891936240392930336477515122516502782118443027579822644442236073754933550
2945279806111179696679080244174122475223579934904337466603203689065128794694802921221360276908152692764964162248376079717296403413002826741184981473765
60616503029264107883175552474843268770300547727325919919726039568978186575739567428353451325860236657627101863877035332108070098396976573697459822121
2138997206235415988380889535010307210372933303886277145650952489690328901782069288608249944966915021161494983056921561852923226328434339150566793964997
880351668435975211825168966218353115992532735313951836528177263808667078414322114845999269254472933990882301319753942990496437412291496333490359010296
1532733684170470805890842031921141324404367578757709126375312179642986568253231062403335148023791250445128651471859344518230092922076839975928042722426
196043348683525776646870634037890822779982899735776177659774070071806732869844355592951499301759477373368122069000183088153020571131503407004151201338
2414700841375887459610348621697577142230161083146593707500437502708854357375097492095664048739858713103825605408630066832148905785274107365218806462232
1490563214579356284261074214661033709216028948621143504377781902775122490402681730351289934676202245696462493435607109552021427673570947441570438060526
953014668265564523795825582323642048765107401983780979808267750898328478469507256034179033169740581412110714455542504655826974904189311229409784440850
2625799404987035399371165659976677776075216768978696620723773595784235321533801575584261899219037400504100275562540160099029712449644423421057741478158
1653722549658466105129985642488274771181200438986856915178790969123263416331765586024017716994777247730181379916757297656002335025484095894060421629445
1390266478983233567405718008896345094009227196149153915713483458188805771661562355987910368634204469552749393155965884817017352277356862148354101203217
1370183101875703352546064768312878337346781472459390162361761239226121417839423166068653181761585106536737650862659150763334334270761666323783642959753
1563408442074801658233851166472366088497679373257350039788560029090851963892579771542360447098586088456965685016798088123415931591905472611498488783550
2465745038548454274346800030332459942854445651520197914219296410431792962300194714195737316222154735218633973154225754465621095427468972322877823493778
2650054033450313677626525561533222370835017515020927885862700490138015536848713525929611873118607283750208831930284154313503783613030431489804687259127
1682118274322749285895803433514289113476623069695431991262614157975306601567121459549300870120479860818356727177079325190122277581131948544381418474103
3084328443263859894725411868378213463038201769266000486481634255989361895398566879797666229554265145142551023454656663380231289056783538758868618557602
2833480250463803635728891714145449241804678327392064659897553889391063276548604231285936438987012148509117914367059828771579342767377109653270278402353
2646135981788837925988552662702175496270639260673683468067753889187867061072545082251412163107183046827431363299064025669355972758212922103207990677400
2921936214346790992629410029206989360387666505182540812778249614785591139296756846246897624799137762737051090786151862937965562236383455306041968572720
675482381134494710421216333653437554632112598080136688907974222440743748020218695748642405019768572800305674527086520923202553217919878488845622471845
1161716378562754116444753102015033047840964065258659997157332728166148002148632448021843330043329718864203843081947527090948397810749893395325561151168
1605026675818685134474886762925974957041846373485179057282638058245272266675388819305022853151417738700097522445566093151786301928314511937152455925034
644159813903017271682547958404809091613897872541220082406092056332810349053833121033905198020718992436629379348338740917170770252760080064727402820176
669844191874357888383379986864881824960498045295648273553256164882595498780639926899299970564884717851745761909048178583071266030003523302842343913261
1531869592845447117728137697734807632939120325308696768623099193827508661810352872457275474593217760004636142265031601954587508247015779626883305669053
2503935101651358481964915241995433957459899149281213350176686544577116498687289350968143128237944122143802734422262806941838301287330694115885352443519
710151168559067623629931676585761687936943886486293996844240628554471397431009235709575385973027351154372613505110284727406028680273752114443385899313
3074051611004953775181615704291785510683649683947262768237522600644087621163578314178287008194374513834718615196286928997574404453084271979125231389473
3106064995001395033501265654104902516876939147209033493327715683399188494798387622590398346905756670470376139831071440569111457206828817190733732610064
2810050259832160118292841740040583230649170442082906051917981842544429419117937921677528301044671306898607150156257567482845152099534024965214429345034
2922238185494547777798029835643389147843472087056727331257098644594041192842668279355900890120193649127155556303862531121534097599071894520022104566027
92560532451214556345235385639688113730881321259498193824901838185452176566567646302437864204328510045952688505140794119080956193693711149920964692779
1603573735438769504322233235235402493256328019111098649010386922534091236045353473866469870712876949250290465270021323679169616975323711516476483844659
1598742897911446378827537682171210281005235461797247888672200377357521767936159763232812655050701374833491407093021237917649312527562398958605680117579
1292197342672267523457940155570227431749463616040607697410438206243339568139846208794175318650997806086892123004700057438512395488929003923505729894478
23998967231461083876764239107016395488037935903910423114470940461820849046817814154582652679169031262634758685649851660973069901543391763290203802910
2014113654853071280331542778640905313067565752663369233088108776595482610313784923454339015937028909638449286002540184704384625224797833839120893019942
3060782319158410768676579605433664183990195809050877592136035657902792570602154288343385860800982527703155423860135682238669502988123733143669031031253
845501333581993168650294530105359611324911310638639294578730886554170793793535074662914274264858777251652523719828381826103450189554989619696337450567
1674237878709769914317002210466300294619537965450161175078245267427032013170858141797949118021974795137961043955210972626858848636618246535108330797055
484780796117747695217281142893603689193859132419531136942663101365213305827255773294668753601793405437094018000080399450370400217532931494050802563578
3171731589501954255485248807527236937374969509515421258146650502742683692292129751771738848211855463424032344550826331874640261137540110095449874778072
95422040325455550546365753986632920034569984000689978680787647522360263066368589278354217629170348811544430348251973407908621414947286075850066346989
2752988590765144685530617530988131692649433561110491143826320670677157378712951239243054673259667686625764306205326290199022814520787595007673202825049
2164416411602287530997792339347172068402260798660507832146885397331917077903169916215460131774119256513515779520868852189274440730682149832423266360090
719562705117989854016699347044731941590544051647673913948213887776038212349710495246242127170943055495992262412958300045832785568360596567967411876690
1255504414876498503051499100928039725938633559098418752913609615752201483928317903890749739730910049809517507258102309852510283709092265283677622865672
2915414975619967450852768415199058589310036107952737209092836460843964676187543450247757398852485049418739616106378425131327204407047632023495478684759
2153107935635091320200696779198760057192627306010915744504629490930259567996313921172627309447290355309086090265884473875953458673119346673665926417388
1770513087321116729349830517856649380314746427931612441151326237988261952652203803668751012385827658648587437280304118880931413500192397578505891862814
2799105835927053304342009713248225740223720176099735445573704979529087707847037311914974626177625589970918518304964811175756088792767908081212386219903
354384170735242857643285285803701419617512511571789920474318698437426644429768963448950580130348824927362711495111398748142726416357965763403366427285
2412761838789732283936114621117600877282338627878197972705805450898715274733784523284891528093471326944462744314316969710024122384059454858627754921733
132652474209993151593366422031529886810028861812042968668983299179405829784003150831967732994581467402334646790300151398809646081553336103878553060487
3239911883824661884881446320357609552768549436727948117672377444083609652968053588684527558567973964592895939581293444976006516803457126445551829033888
3265626824069952032961290988762170068129545515462729403477537465963050718697529629066846751125924797022818900680965754676989167387679939438210384988602
2798122234246598986480914914580069777186509398341202394288631993782486892118321732755971985587353525747113721703963484323772892460895737426409449990781
2136787710939530794667223051695044794957951041342236719740977687828687480169276252235147365543000410461177474087891890315237237014274277220162471791204
2681234596157090706888073733819346160230485497662534927332332399418839074359065180428526204816028167247414062612273465054556361496992523059179020362390
2076351566440020504760301331834362240296693415332257697564689173930090017150579149188825786375490834932581645975501719195318198765795385187463541938132
109132683670520879029959686347241341509665779222804756585176800166150408189457780852997349184057984129915263184060350567042392123104211121771796963445
182893562175001150481676645945331246724403094732340003893286165185184739260014695868749738845107903448386527636597290535807578962390890343942897414926
2753862090256999282791598350915431865230889176365060683055016773764230160800685204028202842803395464303265092224746771071703329478954038749378345688038
71778797554893274254780013549456303695188929912413719510118781993838906837389287438098142079347809194158422953161606861884391616677924935563418218844
627361755192380074865634605104599301507118846952005643176657819390058702386145406951029053613744094395007219498659996517682897929690836340417069861937
801782851960071856090874359138373562948194219431340583676773216211980092951238102654060875512366982614848220424052293079987541707517779808841758631707
2988607458755582317338360010874447546418659371207578642210862767758806199529965410685397694585125444587804381029366104790878238602208564664807869255770
1329051375562619886321851139004421469975327867160011466877605239911496905206042636417355746800075656834702762015024282039910790680979204321895999307271
3259835183954695967228076421940773261199001132929557354141410559484253510856749790463925040624769704369643276859832751910045233311478718384388729815309
241754767723216563501464086302374679159748477168636766098877815572113897291446426911610229808376554450543111284227809910544678016571618122878435254796
1637756775956323810407613908610702189010590375347646495612400948997256019008989199055576336301677057561476381672864456183184503116044454990892576148120
2673892804983023026149874059758702684798882893392892446652314467955455523513906188360296211723645249090722831991028217361473163640025193349718854702955
826454944854844357309250609270882905463121464088648583822298930622637151464514661626573044381827628385205314892464339307201208485146997360211275245842
3133410564216136756665693875062441869206979989661606263928057412671315673029524780422405926828430612871470182366827286636236970978963907059633516207428
769501525541471830016073038282969096542125625174175224788189926388061765627135805210551677736155945247802949649776696879125538719239348145074752498736
1901090581737481242603071020066335309659960266363591265420233330018625573892402807153857526185084093152740482819881533703337174035903736879489038281437
1414906646756705885924945884830162098425810712227454720813349003012219666346028336607786539601968926057321090168238449525874100644307577433720112496268
736578784644326254054993189502688412213961166511168181139945296597504227956741836372133270320018621027160937987792482336117320477770429084516382329765
1691586511643729764898234755402855769581871809704112012451528744738470994890583994813068697881633808895714533051640207722228648729957074213322459920793
1703759994277254885701321474317372264394978939220796294312911902789890527332444166061101457532549914898288767856912743206710171736066750750666399942476
3058813128679981961977715612791152034695272360751971093294610095224426583735339927070771774961553819233562754980787715370963129116437704920990977773836
1734086325300963188259378428271149026481644355355928857707443973704546344671963816302592562865947339680787499774207421992267198597416874393902259051068
525857017808672225607956081949094954572873736479098722106309175343507226091654992210983354573701140197746424920577659015357170193420903043943911662745
1820420737805620025397619273037715558074659405030098406991971937436623515910476173376260199313148447675986560649695923163324970106891476878611576745711
617720906683524714864294351799845706828322832093131408042190719613159690543793453897986680211319625027670579115303109646774568690211048858460109658958
2224379458450054404952775707736242298386804913798617649002323362945805509459296811037486690983916391432657757977667149468086256151002569999103329702746
273883443891228084542063018063449867730498580903685740969118507721851822972219597836561277815015767688918561237397884777190412975147511094718779612330
334647322629808066826602934028368409208035517377740868997512854490429977757896395771400954175029972710786425535154304773237674470495376497204062084328
1177690214212426529644723698862415603841792584799984578529316321491703127489743027918228980483491315981175519404905159189531942410035585279151069847232
2431655759348730551866278174149744211497061634557507192274129104023269831882575942987003660643624523469968208546419891509276408366488260543529370447495
10548074610581350773293692695145807854856040993597642384906156814692583031082990603911876406863143711438629062318360179538731875036740583319103462913
2639205750995413178088284652592065229316828788096538327693762823896143896213874051806229765416978382607434896820200484917414064681132852733020817156603
653724223422734337224043972197847202662180683750229054723231298633753189493341276441444043067860119976195278390777424051448487628733743990913674309901
3019570129861235101094179324323473814432402278406877486868810068202010936007409785258721053926369088943447214856678701659900973462432353713876653084363
2628019929289580702666291647414303952089626389574009836430581524706271836035393966506177556789504545777071354372220623598968711129008431810597243017812
910934848254471850405855245564900579820852377170311084424561110012244533557607831108918536547793465907244518175017412206604312419801609567459637867148
1984351196866606510046312026322381873815997697746441003009042613190300320011198936117253859395619167948332544105527387366644048870988818384638467493870
963592393138456301610744074193756289966122962868954881743919345702847191422297093163585748014469636992092143000599059661989197802782358529943561863588
283438485331839583700628822531490355846910182211922166699436449453936335916459851810494888369577326675245367667623864542150890588210088254804338995946
1054739341358554759513908373167446880816932663908078708038846514695880642314265760476545979357576691612110356315397247746017083808414668279988543005075
1397433345070098550062481517131900487306840382131088605400272908185647113168877429584948386445467463836012739976911364628095108590724697198071664857330
1752804608686363212149801896956052408965495777674869758543147364526359054216345207060402531763468863794223703542056400091941338576789794065997606599098
10581706212104053944564642601500435116790932799818764081573307162744540259016842229702408298524569248011218318525237209677271692397962289972801300037
2679054674774066291997837648101896601047197286313410056850024802910927533857928807341325772487601818220067610120893711057293269902957339972682607741220
3073731378063347337081230717215138573469336911540267822994862215797780092063910411636051512931708023955642106495235589590747101258522693438887196581328
763516502224056926192435316586621404097929617702555061837003914069717771297095478506476604252778570000138752235344758972944395067750677415747807003360
215926397585094289247670650399529462462536214781214273043457042694693250735984678253967828627288947599039060511442315907900065868145404762343141113842
2428915526073567201147673598254591522581189217642623017179884391030353632455803742953635770857566118557001163415661563458781904157825101631458717367415
1839941742025099285277271284197549776871714521450154551069016638695206066344527984295103781392413648693932663578666936511397442894136336567907586908214
2810997734895149072804750750703800882334986517330333437774233504499270905269528829783502097711603485713802848004449272072646684443776850734925784597270
1310099173761461556515202962979498907550173419912642127784514009304578866879102977325302247138040473699288068469178234871269808109711565945693707074813
2503609515063805743757561802777288594331588544744562927326035165715808528112015971298251397340494952729987361571394477637393597034670587685064675228907
2375537869169380869271904996235397083121942439311701196830524464629479264876249008374782657447590412227519001667436860005004006269939967445319787899457
418361582472772365740561945419946168416699790064731333737898121796034156958589992990339078968472496818330944655146879503999279869931390272614151084699
1887340309397201008913451189914016434962904149480088454472269674129381616265695808295100492154823521794609371836190369255118523646551319362344218697998
2963326354614437861090683864156013283771138569359475941589685162827880323700237341985897378482258734051183226580525862708582546081347461384090920839914
3234840101726263530807058937049009758520965460238988847291699609752677840940420406048010069051490224637527224041776828099384290522833482909216672603608
628317424160076226423454184057325371851025759998076023460568837277418645925424896498725555861427279988508841157122175261286090091426396402669560214051
3149752622295949253388599463749002473169169912548579109769079045053660906905602110626581479029944467428886842264108707359084653680935863765666145995057
1015781837499283798919765546858420854994275682629420573898639660600226985553854946096140910598922847221236716143080468739291196727633476991671088230150
1813367631234154597300869558343885199695343175749021643098031042263068780576515110377248894711633059977154646146411506122781343773925043244458517655849
676284828728312350066495012773507781474941287476866382183982832935770502066669441023993811013327700274947880436937806045462865859298644174507706576596
1541768441777239262079136377187381672504959738903338499078981653938714837621439033291541686388555542604782647752595139397535621701490092683663152898919
465036574379775787827191472756867432267978182493579385563863473111964986638437852442534383547571100595989079817519511616054355780664618305891733217560
2880281874050451235042003873382818761129980653059434627461502080574790351889494754338018202520566634195376105631670590169158603337577309071078503130728
2826093470802162196561720892963688097547335837528505609760524947662029434873908381463548924553939817297461729222877255561980874604550234750177789522026
2063535962814515129345308815567721793113778060783600722562057407890846826063485832491547816832455975931423410217090439097607946507809333727739530495094
2557718133718799876175498624715089006210683943248826786570623567261769662204537188067359275048812511350582944098950749522794071112720296957414106450787
