3600
~
70
~
2
~
1132682622103333435266
77211669495475466040
976876062392815455511
839286829038131488934
172905320946531221554
496233515084994011303
888653009491063652171
1020637945577849106253
291089716809793159283
119651768160922828658
620945157667489116751
1010830280697002963152
621234610260591552904
84152506223509993335
498614214445031046754
933190829342268494229
1040734951387925998969
658020831872244825287
412787342219565091933
397648985534997486526
444308781831202715177
338639093968773982659
1073113509881285054795
250214141207789586608
1112087791337196784731
474194465124526434648
38465034898634766366
392198971385965627622
278903694320284325031
872123474785758202279
923797513233612757451
111793853065686463251
942844277103379071523
1041594902452328580927
763327706714819748420
1167117481693358878296
1110968551047489921325
443979230228187225684
645085870806335042792
501573909195062010504
953811023389135154401
174558931727045090412
486452707657106681593
908650152631672018903
537203223645025635746
744068738029515151788
405586579453436751136
592767537209557542224
499421350707450150769
1113213391361668495934
246425463455720283706
887285603325175520405
1049541390902293010844
441453508637272957963
1150864088587106991659
887913617647143987725
870955414552513172390
287827590086374972537
802884735031432337739
765103511442657856828
1088689820281255430038
922636360448743458954
102496054747094622038
364327439927026554937
984155652022223106183
468578359226926679548
1159349060380343760939
966890120064089453028
360964569019603223479
988348293854092273571
