3600
~
100
~
2
~
211974634674254330272096627883
933502836474629724613754836630
1037319417697585684317582429884
837574101234212321081489443985
500202020435310877526895558952
1204892872594890816044803496017
740292216485228035312042258997
1034069920758383464080275363791
450747560556623534674444537184
217195395035879577769507995437
464686885856330571710983312613
597059039421508662786522435292
254919527660774354271820313322
918741674357802316628646098543
1220698083912142128150859969901
37451013344910584027617113440
1022514478526402286518639410142
1197267576407836460373087758257
987760439094593085357254810
1096876548706877575776881771354
1089233286374050226973444970731
807655969274806786179695728984
356331161297762295148401376288
125358308201034510494004964655
72392268188735854035614985103
14031730953864710397815889686
918227640035319538110082734606
378675217702422309862379690617
10416827228735675845648723738
1118756763408710389085123018379
1017751283631077357923084882639
1227694818814855907903671229643
827339737601610652337374830977
899391101915056343044414843259
306020979180665130795796304991
984799882244025218972242967525
576436725826855203308548604142
666624412512020346733354929939
834497004873288000706310210714
1092742063883829239193880324337
1030127385691756706164677857706
358413549557535146721185525632
1043351964348522292806246760491
609444581236236832289023369799
441976566600804107135930890479
1148182608859470358743938982528
319308431062137438337188451743
757155529465027445085265555354
1111717526697449962691383250617
1236069941052744461093831071848
366270456412830047061613252930
652127369579562883688169865622
5788940247361220977726709239
228040372147687572834589235219
203918589025713068076589257362
91213096155087439522529527892
1102467991084618519166581535282
410565892452017127661194449517
1155313261898156612345837053281
837690151508401310359127530643
755646075871259424673306191607
701197243699092052587647214907
729847336035832395049634926698
419004415128775871406506327600
253541133234241937920573136350
203595679750925175465238802384
987799643337812987349829831730
138794156407066136447351442654
104003552424373308734572704266
1051887907359647583627957857584
897364350527875183140372610536
868691372571699592274016993582
1190679265711344090098786761574
157727720516967223479545563692
634595100852298797111614498330
932022787765782099617772670085
512742531963199513090891452267
81730997694473812654495707956
1115822659264060620685629703704
828989072618551428386314636490
134664120177636624225826902282
370042939968349664405596883634
583952039473826173456522195786
1133624894199372866480997922767
756035104009196934747339995150
446015531892394175213964316266
563794357261892373306350734805
590803659935953012488593464762
1262500239231006056228391269789
725503895699170633241921093392
150636035968715076714098304161
1018744167503610728718207450482
131408469024367408189395527680
1246088305420331543222834310527
994695125303561206777350075680
1002621511330253457838564701147
317733569052928131843939595543
1220170995101371019746243894819
447113261271803978173621929885
1002411429869630596595555680471
