3600
~
90
~
2
~
280112826397785430759136115
89972896538638933648554942
170095355568135173280177047
1098886699427579638709205111
1066954115507352127379598964
884582678722805308146809226
16362722017911373185351511
364674566295400745412242670
510477867330263817146168932
434843711420388932744240660
931804910197486314960412567
1069186504293454362369733801
122484719686143811875685128
1194509278249928974464996459
135654026345109357209359301
879430840761418191362908657
537621621698458297493546286
21268524679238455296012740
1212672425692929284538818193
336740816206420743597983614
999283838990403207020029947
486074664473156929421401235
1182868353972023828386565937
455460755498494147527942943
240625827580518504028783691
986702537633140047968947894
962674184125419983304034493
33508699552489625623812215
973414664060034950897022911
49231122570358974702765878
379820327277932611928344818
295449207793712704629993722
1197898995841495953740650529
904078066240871333251511649
357950325974855589081412278
436392959585248963082538308
502122006868709307207830383
574723168767021594413630660
171915220191085011578080400
512709225330794865424278055
1037811564912175141457120375
283012471190530169724396318
185837285158875739196256251
135863924216709150301905372
1057868018448430055548969786
1036646261631727519855850083
187152032994100003198260085
179625315978282609710821766
299560215336827927226016127
494943624751141475073570710
306127837959461996052239853
270722542127405224644594586
1046706826236767395585469280
293131541042375872427014038
260042069890762160939124124
837661853950717083518371947
656074106325223844231339340
151963956154738971820139017
1188816651353847960929255464
820790262630833734229979859
34458014950490969470318613
1143316433423543973704438109
563739134000254336508682062
840260105259732751267701228
460620001709841668696045830
885965461138048075223895194
855575156052099483089822092
709256641638377667279087138
554932222173256338320174546
75174843594840687850459625
45058773023906137179408041
499347184077289637552265502
182627389224890102436154164
1000787202546688735103225333
826647943103158962016286445
788298028405993804494537425
29083432749931339465835228
497790476187939140098384996
522050486071499605974469478
1025281023606510884549043486
394242850573626815734493071
828998928521355562817343717
653676128365445516362467406
397756110848738340875593112
516868138220981676766741519
1130217904100501735061531073
180195681365942750889587137
817232865811786028085840816
198249533912159597914077474
187437475306456544043037343
