3600
~
50
~
2
~
1100570737479667
892742301698483
992254952653214
214469656830671
440616333687687
69567673338459
1049236559010760
67442949937712
340898033810414
945614438968881
31920275133553
824873090082166
236025380249611
189361482831698
201245496057749
312680921946375
97374154351284
349439377254508
121045631365958
783043019895300
369735883376897
679555053487526
790284922635327
188887434977526
825219350744457
378822585420548
869548572023781
909766732065869
949634505382978
770570982176309
950652816100901
41798189170981
815653247532044
800217139225396
244735876951788
702506777024286
1042201651526044
540818085651754
220815692307239
335356825415532
507351945640092
1115816662941573
618667907808129
144042919449400
620506576448263
763172126898291
225543713149610
1118603473417596
1000527202857396
1022591616897953
