3600
~
500
~
2
~
1590536929174034756668000040394263873177522401636880400086642298983508259712415808488845261977144161704796358037251727629031448239882859140159632675460
676936571277767175094835456248578590518849227508716679872106786085020467021522660620667230317362094024604685331019260823326570971105666468239044931510
2150900098184593764440000099580944492272114667250318541076716716599685042867551305555909722654429824614597230343570392012768405144360036162014510640606
2787762915359335408472466924625003002774761082092455556538909449797461999781691550832942905374457794237787569833643102223816224682033876763274743723230
2999373839868138024742513854065793954373500581638343169911346793543079472345898659329673746664299258991809807422079966573861487296756412104055211416863
2356426260008096801647038151990550513049522824111162993297454229004914143797829942511314914990519286814704311558250857132095174237728173609156849350600
1581991740502399992579227341561242675722072129532162334454131754592244056575515984968086232873160857435235320394906150111230194005017731763256121038728
375680050439680947850937554988965602775855211465043303252237368984557754893881462438939702799337243725932726244425725127688526770434261201189458566748
2535049168278645501287443371835446227139721429840256829559051191626512371923789440571127485485589871116904110836600665518103599160056192146590188784234
500266584904679939564769170957107819208222976059629814947001141364636294033118803520188089506227160171330346692957148816797101059859366922954229934886
2443368189493363166027492797335807644721725591546101178487489626861976943882822130009137544865046899817726938747184129251790583610328043678427316373685
1908956232510732338507734954581711376961768818819511982119034198589042240918765737847820492637034225973752256706452066352469387379274905697483296686608
1986388170846136179842544722561869240156737681756863111903460106985366452023362516135686837596349106151788802373263141393016384425956384184955328400893
1909023442984591949055125359498579151588571396042917565034454695228718989217636963491974937752899904376622023468564688707965622924525243092482676054434
1193296347671449344339579883022531153304523494783846401082882518732526680913786825556934496732900762496587191737103389777160374641091526074822534561169
1274181361008438781027261912345013843623780056381926499351218912822868297056560926609348021716165912833084855296967019641504807135195364490882657719941
2419716858155521079978968711281392075448898813330579163319217067452357613450823338645242370791045987414627656997756158474541877387230046886771118200925
1792409970742052676733757639348714117798533275136731099811592271110322579390949281150552420031083264736959640486981279438235102308019957672918189578267
1053013883158369052208286114212888508378393824556228120918173760291094743826048283275063521705998560807148343134357044507833065021070476778402581863084
1469969354181932976939937799817818495549446657878364056392380877312675039853635484435433143797649722910660695697105509866105337920029570782979074501736
1325722237414037989629277634287397408959221679560441571255178068109572566700643910998658885105609590954071416795232053237045197894601668760665837171731
2693724462590628731606977801307042598908162065325593661843067720930521352024610273593055811028228643152471323600649237522004026256830597117480300300974
1147917600536380945379473161367166245583811151389283819505779739997169616224228388879407496043794856131978904109574629272737685187325356928904937548332
1767683984500243718472906083411596403356359963130419106446473197861289168538930132789701836210749214476102134910751462611831047352514607305384171087162
399384442759038814033793119644743086149879329077360320784533026375585457782491612422517081583110839200072391090841760688954341298372398464662516123931
1263351213791149262839506910429327822476965360014191902267443805575042279603950651110037520728944537073872912981668487662060914749387915575380871861812
2397607990884947688925785009554852022883141708085988945006975487644247759178931248434482486815317838455836996218278475764247811384881249175878342104151
2855132030688177593868443329600814627606375471359152646282721658193622676956573196418380159062936631777455536803098854141532691427877224055088945041235
3054975885870278770901058168957170670184542977281254767998756627811398767315147330242379994042045680223716748184945590638260038526772066862666332342239
1428274205743356744989784312808986886558196844288494058112778926159071840998415740474165968243456013596741192785522064245376273375790925973317986793528
3101767634159056361477867674073371886364406086585450067106422857292662428188636837123013605028105745831198368115889714246212992083755128429641233220812
1553304943733344222559749228452226259681909673760690598169733921716628228261272207535953387250922435693161868065492944496443064323693664948933511491212
2645231361583259034219088156738597152642469139404699912177359579687640483715280209728520757089223875308307131961424779104865140799673525450161705333756
2031257226023459718460082721297623259406447522527474150073715539522695469345584320993930928305618048762374450977683576951419877906964557630846689102078
2332464577398500763238336943653315123549626123946844403336560323467064484813661246629900153683903151666210687876480862009094965561609304595943414535637
1198964425186716512960797548886863516057737859759102457383404715022297123895023828198956061781900848126672878982569812284933286624200938084025497283934
1871950205458498776097135011427821708784949301451656816183100561892212525094995848324023827766021468633131953914926708645280220541545958342148404882122
2089383432891636834983004497094597200813868936243954240234406722237393877809689781051553088046347215997565053351637281505420057890379258052810412495080
1756733285352320989008256245292548943866299387963776220433020348955035944057662222275030542591893679149814192723447019517607603623790622906043375492164
2536489601962137674032117232155259031388793583844340724606607904045604258605976179413886033649368531553840056706954318818342487574111183282400545225571
111866442303097385407865035616156702777981067345723071746430101036958644558693936783572121170559267049723861010084378431523875024428909399158171825592
3167327766184131752811286420985932644868220017975911732393373958347614754831118119797480725369623918233103728202572754104084943559924801475881413022896
188977662544553389248827909365726585609572859863479925665173525927544455553497066668871073385782500480143267013678732519859037392082137834024538833517
121235095883081270150643072916414074009491151308991025757371690575564767940520532418719194855967249748432432976500018519233026256027706159649689569657
427279404665091205131435952406109823022643604475846237220929583555026635048029169182327805664679744923887599325177576237113116047829774109024071702218
2950543062796388187888590419030927225284358681306380957173410057290833242555342199749564410860118675592083457514827377273064711928903209008172809741359
1092742134816492560314232856775528612005075599266108800100734474903052793825345616315723871769106542171856400451183701771281865295946764997307447163839
2865918446635617426216373602548045816592707075163143422231647762457077028885607987075809959763547535874104118281050286280071467665529719932753944762760
2373247373996473328968589090190544069938221318699689599816308800655938900556337486867951705066992629040730689796853616162546661092968214965757948189270
2640858234002104809052291192602409450353947745936249213284782046394052605431837028780920750468278853966024438318396175908239753501791496559524655067937
2762217882177335308020941742848579138358278768345189750473307931157568431346610687008887683572636678348025075346599726894177396231440472144883760225875
312964013276288551537679097759936846560771671483704711950091909880011273116221565315680995547982796702811776663034241062956951971822680915874586949100
3121357709516019072731702057590108055362692343134315694651054829650889762656912933507350693312345828184840617929719807043198853695182290933420003966058
2497458240542970108964130485095105424600058413297064794646913342105930141298286162818663482932168618814484720145834948752986723003627028241191231054010
2926439876124051970426531823966414380539152288398564157197842696097840647067051454842816819337885509388420673507125181781692627256365936262730924069391
527100061860357346351869804567298599993728321156745639785117018941884585540765602625564888353725246023657353649621681866421268004878610165012397464719
930509214083779956831273728501287460058074751777850986818942262267205068147684038682051244989835948857059047460248645489075693658062705966782347671423
2780625399754439748572085777941940227338732476242160458996727778226530943500188758549747710587070887045442709642876781799662973124679602677567711317357
2992510903511967607982160470071966483873655352211527944270992946137877672623181395581215175655264743021753242762465637923212887924545789382724799931839
680451363164608759625252386352891180215850219298745457414582789523063793986288648161286984286960314126456245282978165321066471395512281591382500585498
385284693854414215937216671642642166890430079241669246483653343929241339280479550048551924467145071912468273173067084720026357836157232426243805654375
2707999691495930628160983010455654828217474689210498219817019661823621263019225820841949159838697165559002170954376909298749759334433549328047467583823
2494513300409697799504192767542994600074900757056890375117881893670267258657173907558863813329702923262843996594107666716817595259266523010224469447106
1095308547393495537613257609224279470392111449163681370395860084754756098210576372339514056361771113693147649821513555279906407911144870372542847518233
3152702152261440373970879905430622677989501267373013993321888471084401114308700246042678779655122759806273695529559284271374032015350535168090288886860
835645445640470229451186916051327077737270951322334900531164197296495874525627422797886301674529358207119024913984639063802202502156642182444449427185
2143456257609671620329379875659381332356894004254262475977815295803130899656890717330361959138399046364403164990971259107457375306688594817093226202106
959991373398629589723024545284272944878152154476149420061449075893059279267671685218002954545854902870027094529051269832921852271014875534814415143057
3051547410595842162979562959979708629081154683049459393188955930254187920056487763691956580123747561158411315722036282315802172720945888248777112052277
2572649832382485563891451142113417449030590427962615564789252665151567662243218227352620938293304951323771324393741812678610230241656238042319500635350
1858244493601578184747730322601105134018954185793223216102752125614644157848822917212684893076106577157305403867761827251024978946696616953116791501074
843907933349156383395882950210932229580405278649893733826179089138253974747943032387869239332305709135821304137481720461842059972556798750222412133180
2410118596879849403981956820468661411864139525069928248549388338260024804978916543307311312120177771031584668697392693334918846900333569711654351466612
2707778106986502484478822687385771246465186923484817973637139949305623768970339727759702809145033286413554882879680040437444922710321216984253237668753
120175182743943079020928150995141703445116295662670968617786633175497520113883923900239461578554660392175754534585234455264406959226152658385914308327
528510712038906998506332938705338389336687618092647665417547376719171984868351311180325994991295699231480294450417698340758068473407766108018342536217
3131495473956992823082058775369946481211880260522606589817640600994191462378980736423461732236171249356414306607484380813786993847866548428212935429677
1481992939903341927327231525521645385529882485503359655633139349868373915465797269472788970456465228059246290576445282044731435653094842925119668645514
2788494333925809302340147087699881760945831749405823791721794654685628305955753308340561075544134571595783912410152836892901058915159290226581655411664
1526718361045662014764172293007401843195019628131380691690308336872777771948194608409024264230694762339678263005562027681833406373580324288008674116316
191460684031144227187277751799620438990233895652921166732237726985363407139903693976429575309833866451375905469178216992527609866580209004518426325975
1435119296089423825632910791193995721972372600604171443889429660104795585676217125116546452707172690873777608622262621098558489420057612725076448182927
2854951407573988703798682181591074146571965395983054623869441202753940600925987926403599000528195831733487530562546503629487880405919710378925670862685
1709929142723029851039863895796033223239629769707903983645872644863326245895195650325619312644548541290597706250867916608075352142791509618872922663492
1375574650203110500467419206495112663322189342835560964287732432959687586072752537810299674432506567308712827384054380442888454646396485065514691954132
2122566781086176464746394230130393012469643109746195157581246167854786028594001210332940514460235203789275157116672567020522638977968156383066895582899
803660520338495785057942154772668122412775646349748507278207032261630911793102213743345221794595894063536936738941675645811503323026701063723043813391
2236855401130990073187558617479863204862137483134044587168507225857364531842153244879894948303057113522095160321539815564001765813904324608219627531493
144668528369888551805424710305143723460029205284327944170227993144037907109566359719775385087335074979419423731653843432349405104913056069243899891919
1697128037904734072765382147311979250974334402963713620445702148829917562542643142653896563435440851532506785897306343304877829472564526300860245379264
172237854270796769083110104342979970932553275533493224697194866671806776839136374417894248949928875542473360643069627609043423883070070885243431139612
2161305719621707298836209383135326683950712444972764188773167653196060679497100639579753254793602615849470149427705502017067223382217194492142087583087
1186581893262495988478997649816388557897798862874734840756389330214415846720590530130878677919229032404444317677025068537621224371738874390785694264108
2035476821425196743536832807544283640662973529853138782124193751381632016539342165109489466371651467522247931575853842372018681830837045600334543784520
215714075397830758764795972106235893028901471157709804522168194645412375870355104055233276435443686657458209528187497695428464742602666358473908927730
463594666552938732884478960107230716032542761795120691169015092985994136525323562665534453255687965428690960855425012329487516727205597102341540362342
425395027056917080439429741113144794326978601486774476660430819768985716620038066829985498816511781107165721238384113222352468180658410482682681020354
3108874163074700765646582813254634791466923797222553716970687520724459542381061782005164691074254956423856917697175407737238346808984955303084524624251
2356877970367190524757884444879663798636782498436143293423651510685943020589516693913484941507006148732419576935084515674406046300207692825219658047581
329693679923065384966007997298600735863081651582497488803050796066712541702741630856270978610582141336167271125503541583162301053579489321910387966352
370236388932650635837758918898916231048450320959468324496304481512839312651146525458402307214066351627676567254540979679956378865379993519424685263499
2128202608855860880078583744750034649076523466811082617273465309968895588174510301403781196772677788832752850763669770840080716813718713687159752227463
2054299476657734218787772643006108500590965654277575282452060517752055096854237530532911058327060956297524104629471923209547806048323914340930607548300
1396997567916675972995712755781580499303269870085487993244060216519803546581083770107354171872307503103135239239794775966895865513856007199120291057209
746188619067244951662613723590785152431936340413961423620503236264836527943694953377147611082686890748888992358974942435395438438149522260491884211507
68737178992995541521648578766384295580916098899129922352134697310294071560683381911274605380592638881192064710773845640743695034528129949298476205824
2801180107410677706680142398624863889284496097941557085961792519398207579466074900209630649131050747944630853632714345791142414486155601915469957559410
1060483015183817383674037713691789527881984021361798405233873977212364750723348646573144333149269770482085220994459659344247343971591614117533657607879
576360401124105542482436645674545968760176750284795667474813194832938766378467793927973357702604103597943347813396172794802144525371486851077632021100
581203538111864697560640470916793911509703036891072137212512773541164407275876563093453382901168895157847625909060501659770622521764571785241577893844
43079103081847296291692014899802271041932611176084820326996053149532290482070665049474876375276935796747328072431263866678315118015644902941732917018
2617500806269302104041288062554755264648961028678373272301141209549850871178175556605612607337513255521188847519160711286988265167716495908197035938785
2353243326757328819969502447177729303165675584061703533862532589848919068887540620021292136136839015545894810977680974761649168949338379039580062270553
2317011719509328913259016929354770910635061186930465543890581124631347150541544709370754043628706896395920857211957350589897698196524829911314958364298
784169682972981061630239093575060026328478732702175671540042893325009212930579460796271302180866002619142883861843680691122834982602204948089443703136
2878278870732946086290779551624851386481889444703613295121743679933285833918396919189416656750228900625645964672760492802020567659052989824408015143707
2562753503128417604673718512378776933837842773854315068089278560478203373391546009877450316272143429091222701582917678338433832425552997406139516684529
1959542403020056468084889751562927088748931181133123878640115489963397251479696727162811272579358168173195358287682036131256686886400768439350917864009
1575239259902316542684452194962956193557596316083988646102325477601660014757689616028965011961551537805802718717966769709331890490366730154181298071577
31680091018057558357368003792121214775599967980223393818843706467924875112326296483631411683074159352194841911981119816672820738192274940336736761841
578840677302964510620917074611317895797152251778450128751641384748810460054048802640410055754339853130246086110618041957418355358471117596141712763729
696179923302335336339640994779772897064403781058505873374888837856006741932476702072147221447384687618926120344584542484364913888550407599076447632238
2848496999213628490935721599784725069705218031635755981318922946591443151314382907325859867721012990063927717757787817377156656604829721643200517786845
819599119286425508501119025977785681515395173896289088029193533263006603223228026489475591176248522916305077140252779939001825257877432983289351936157
1759644756030373732941934611129079448861966608712224963524293514928451830212977602102524473335648419147626375148625633184680112316848929679309411493750
2676069504120705262309447247513028459916909068498860957976555054432086336311370104038150553513479554252021143695688841348094926271901863059466766663659
1199881137045704104395970579995390779093018483151568629574819370541583530915110653494201911896933317858676183816302123444808753967623692153716167189845
1664049196890665288956125171364939935847281488539321641720602326235919983433640856413531469757425272376486849883645975129144080560634472989282451005885
1203341625478521702531166383142408873805724518741745202169874996889132173955555964902764506418279165380599332153201264329025224730126349303853930517571
2946224851954860079248734413583658135444587005391842589700992381482007440307764796982216675016227059897442857654170111354156580500077451513026350874787
403155218219517580114104739328762327828933651870886049585687131081092305490879197196164299013793291026050153155367478809087606335510963605843534557501
1515513140978618640193420210797944976779443217784575122857281556310854218452891364781262922163351488206705555574740373770335679150699591328808855352361
1523416108499334341836234470214705831867078543702489773386968337120569727619874398485731048341115459521890532426533535480101493466912194821834435514121
232018546435042330732744993770244816494970360499610307659196378081156296501742537314766987055740209133452439746423115864287061378536245959676398492253
1924250021340687290883805566810732271056574168151133113655276968693493268753167816758695404187207888880296874606259742068801441678768924742487235651023
3213096920448061909017522145419630685164160165842124317364016078733582871499111389654076572805051698348371980987241332505057011310872851220684605904388
2359632668259845833101801965455737690611713341660694849268346429563753074554680661252550000940603048630739282010566001321483251779076041314665029002094
1883925919663184266006402187296860862747212583726992096978153675489306245263679696282769634670709016739569509903935352330868840149110902945298555687196
860248530286541204636690134644156276853764390871271526808301907224103009447778698373515255720130830223692199697459406439262048111127848009406792106770
308594727568369323002110874003052797010456360865094565588241908956958236650095150451314211896832712547662666195855622145991933017130938587237018212368
1410275862493429383109585890656090076939209430715103219288579265782629567453043074993907956295656549840737573525667387171276900267075804287560428490938
715220197675819639894572713028605820942276335432371153895769953984994471904719686857347672921375968420942127686967456743534471047399793700051872777664
2608242487455833371876964726745036959287790344931607364312987810403077950852592294518782247708314856007521188501021132269403071999163608869712672681003
314598469721950183357318196245370909094077260513908167447594702273519990895739743648847886815786922091120680948186798386489179229592703037115526482700
2369490510524114968834707415835484680580623681089874385681126743051731726019248702178471091221478892996717752988592047546278827811748120543980409370915
1477139420007039041406954091870953080730473505911213059642984731629800452361463690453337806465849725833377002758380767183340524421824639143090060579686
867608224718877678643169539267477729119411193551379672293800238807093749266811112487167442906588544692624916600940090610145974965133364233495236225914
2867819408145744323265855036736469961751234810869020093101580562699608836401107958265224831411568743526440326080624007436798775938572841620948454303806
769080284615234859899059304443407637860766932614602929694051585412876135417810834204302774159461369509864235888661362099330273960101825466274316378771
1882782323859266362924440473446603339271806698084525904996951762497385603092458196371533795603384774517914957280766870000317980151763090144279202703327
1332493724936359330326127417897644829224462929562909472866969577265266162467183318814033347043167205632386948952298398635739409296475897979364435965612
310975110955358912846693418860079276906188443367115273110274528810628664031060573995616504585917398442258148773901732750256478818760953002321072580370
1162950736939967310300521692783048613583321213627261056845490529751931692865595810428027905687438901921271201602733911545873913142715816850854434344951
1478693978901191613645701544834539409205707387397929098771659152793766039699359999316930290848840725950786769475504277647806391682290681502180422796276
828791886113146241235970005167945415201995667068403501274422273447604083914495278628464791204243501817223949915151625117593830564441030339215655807562
2642859111378669584014081161823097886816527313774658717892195164532027643250424110317146913117830014935978134432090499553401987960219496808388037733171
266705337209269423509641940024986588874225144770519329594336221901267034954549977014159387464074722218565927464116502145439693517384559960546000683458
175386544249544901161947930684603151939168427474065941149342079623928819150860387054093660781605562411639028789919086865518111994585524551009097992200
1252245531337920054249748804998938150876423889178921763977453341539941807418089004457965683009227589453004511720673452392456989277655149021810251614835
2225097171653125075536236041950330208318140982299777600561815024308440090466758775622452047713571590860644344074464144092700569887191801035080360105531
1183170267197889911063273276780915615701524634371266644418737182201898993416816248169606303327075572814642334316098742330967724412535472692307011466963
1605334957586290331577982491267716002107745648152507567513311398801833868190466521544817163626015587591729793434900650772052170263054819587013549636741
1677487491189658598059039939566801418551382015159454777397430390715329364355367098542919880758683634166882313492698452202456627450322131173443003525566
455265485100604624187828515589346606362475504502313669350541435048410486323378418294519103850609871915835227437378533567655232461651939294474249145525
737929456139114205216560587596313807781976133673213777961384565827547075187928721400283999723832463402716091076462026004397435957511190522413209242687
106638918627773101833209082976285135754984495558655866472096728586811157833875971507406698188785851580833870857271360773782125532492037444676161787232
375478273594927631101518692321822675864665696684240524567135836292131140389102356035306068892430231388068216755226765597325698051322293399703407223757
3029372660272133601743577286850581859582213763741906364655024776282505805645289492658553702787307078618429110589950417452912251275101443837313496532522
1118537095036370585077139528024142018794166433431960002309956568362263450782877730537138250852218599484060415482085863106853791743067192252163371266330
1474009533839263719481108585653288177184072992791078268752861302932141392201639237737884875844341259108519580602689384494647247658715410336264004719619
2305791585729305322978959036489044662001905873736339579536747565698645268623752108289638120822721861290596495627661440766541054517285575094587859248015
2422646925326601233833654484094202774979006686623033603735667932881759862432095475073652540923724032048237569759666857830550995886605768578327322572405
2838247417531897643133129399095761980176088215194130553942180266080030054571271533564890746360300532277064140560331444109578375408364202217306496192932
2446121944089623650944416249683540445217440274129576735282359631409854793259048128056207920835279723711986471475920001696708374755868854099549448103638
2189254797432218742328918295908734238503079795789834045647219937287460009064938076702790922877722257818987730408148366277032844924492218305941822998467
750618693729691322541899277040944972522114926272381208321118244993612458585398558261295859061119030316214961801206383859015469815282476868004282396659
1220001480712876208725817204947999676774919759325089926340031120748189554409121376583028109841911690723684632177032312832908467475002132477590089500515
455788202998234440287506294617907552217369769411223317109810072467550695833695604206296030172960211354889905316781509421585141386667554336781400535223
396579602685409145072160774921219121785499978912590542263608029286072661643393973554979384160811308601643655273067636555536381256933374796363635100918
1118178615260753678679778232168558137394693576126585962399152913392839983660484504801872482746841839317606336764705431201627525336926651336882978468924
506025021184625952109190386452883702630617007058974739986727967043728302473205028622304878348680448862185964137444860162290482404111554288959101451793
2821098430054932931166980914920639549535602735138038642724561440691663141010786541184084922923107396469705192775344158015730262249669106184319102292310
513338110401087916893302537950177217212216874073003497606923639810880053208485623463632213120487924919136911796365927431456168693377847273625102293853
3174589688482244654343918598048983865851560915251499026597387819861375598149890957900688572328593542701288264228120345348812408682067730396236981884019
3026159017449631127264869810715248403627597296389917400351325538351034962406895190066839381038853137752215334772252672829443324468320497433511838298811
1096752328599960105852341896223269009827503446861940938281149099260206118648836287939189222926125382790903614875692339994040778667162656286891709431515
1134996047320096960432934544101802548794511400418124469931312342973465447004938032363557482924538898159611302953380204027161853456927816338482658303484
81745579750144763282118984372149046841617957597951080942190213067103624006440776802176464390298783339652251751515439116206268129091288209686731882833
3260038938140786351225734315532135394303139648481696905026676038224111689538780560486142943761006580804969010405183740075747695874334456206311275601332
1696281132490711684129831626694866490779494895951829449719511180332535712140229161966255361593395088621079757233054371828260759441337757900146749669446
1026958182133742842509187067158622138417393067583199145493279767215501775365803517175243188020131839325120006497579777226044114673367130202773244493396
2681573425328382420234795975300023236535871799086906871468702092901099177965938171231671895344309246060150820741835946120177389920208613551846329754914
1274970176111010280721316508454480979093323197696146387227210389085731430538071764382931384474446910566257394637474739938470387751353821312696452096941
2100922712703525277778403468852280950768753051988546552396809771231876508344467316191657697410596501419005076335795611564974330047788769605553162021246
750667400309000634201108752799249395828809148382713446513234305732524407711374329833850813073908949152031562839965156374874274738673685561232628325843
2502667083736164889494428319017268039689619019897996239499342684759258858769110319079600253108616125739061309605682563066123433776006712712588735993256
939499562353439789213703924980180064386816548294919354274172807606847806793137994880614123553818676616419450980010103291726944467006798593592298173843
1501788476184851929167683355377284819683640739707628370636825480553817449106665396572361642991154812941216706507700548750334240939956709716560962681674
1575749993298821065564512876551757770194486030249384133909276677897687900817996771446051359353336119700478925658942746587372822007468753372050735991643
2386875215127039840970282585016419032263090255737099806143915005309026046209193748426112738715079667948411170914481277212570721892624458412539415786257
1035261157840302397517845588316719863885593812138357738818468072354281175711953771759153117521778852176912395586452393350213227378886795681684956664447
971503719394807857115833339754338744277833171853180997865098749194843816376911837471671907191972277642146560389148832208172727684707379815970339987895
1483700032588202037883483785581507701167967754482874678699598623418511182286239085375428606879998807497301962974115389369748343191002600256873093726743
1751189837921546037885695679242529634639858454282919919282436194824436085195507292992583769967984567724949540564866939148012923143612505694239101141584
2008178812737161623950483887812755605079686273866354727950335281668959876353828794616322950596874061070256875570737932329567637432966820888227660628614
1473164390702802361131073239513228836569586191332231181252058936198535416153435582309163269582259942302316832382404147835206113185472778246914600045001
252065601422803066258021014505928261622233202056539553882146513751039263822866126977179342550454662523125529147302050957648251560401455930943865337656
2643952619100649027330860603922156400707089117854563894849826033710265715017001721262784447814325833183797547911307691676204275532062986032836485358555
522038542637447275893767674392325717362909689612432420458247069583368261304687270454702226660024828239166076205755539009099935434525708747599816058378
2920051423810793839449757748001157475679751076418946610580275200351836093693759220679234474005988390023027130057007503429927412337179740753879641448270
993466255460736669230394362224242642494693342263557626856856128141951248252196441040005371120569020646749706962231708004320958629410926889679612863396
3161180917295569311147724909569865217825869056621217202710555536369574511206975218305433934091747066968546321380980422158816742202339587522547310062700
842693033850158768689944979223448059949877591337659123128411746370551567360880009230839587716916362922356417458994238532722302279535997366748741503476
902747203214980793513910615324716063474111095978116883816679703947354276337642182847481547260072949030326251907515642795689139717672009887254154937987
999479917700884663426189104985303722189930652074462073394054507001471400492833122409105972852196598206546369455875349590811479738567760215910232203442
407416998732948200648634464359707440826761784506377604623629246505119769976949592461916289437926478529341168178119623459189687462809641662213713105394
1212196693956970700039737926814323247021057148660797828933661439804561765533589989020893756855644734223958211675824856806220738160229484441097169795794
399685407486602619230086606767481355041163986927304489312806995344489730657441958665390992425973180990381554474874474239797295378965015149308503460193
2043666249101582978999644367716638471349933346738495070530491059176854099704142024444392700914903278266035376309904157435558915308749116134064936142109
2329277490597519649035501989351380312753692359885140402054096968712942731858490260939272889649890502901679632881278752808527460794948639802187970637935
476825150097748192514981259130632015733667675561047978880064328773445901732080420876677408602825596655453756040725516645570832129799833425700650299392
2535451761683842865573004146735345232254471168098879778939228864784634739665714784855257978777799634509564595790392198966758117546674010992321314581345
1530918889758357471395125932307768608334255539992978688291545498588410782511414362594332309888225218778718261424044798851056150630694046313587175894007
642596694625921176276715446731321889916201764490945740527245215210015788365539851500079535975450398272088950444746194394343704157337249408468746148653
440571379909152812787284607779305975222367038216569840178032902629312933446788590474724753720974064473321337454021119602146924534192614289537677274157
2477976574005431230513970868361659760461733669752602126107803642597331418739963573555303665866126516505383598396513396049088189669977072803674021023959
2178970229861345738278095442278595528290579478818190858649501570380116209280725273202616178180515587000616752825619599538723959509054627692359066637296
2986876759880249169918297642499335793199364059734881421710026129071594686008123341167201614310118284071623035490795986306388685571059574691036115823255
252076512058968052024622669511184635907024509702523371807282140901390576876958017811511246574467858171677968036203324075057850765025093185497426690689
3269989712604691244650175612727421458912442756365010317074726643896048984433571808922852595142105517560910924918417109533437117137256592654202597877187
2186876174445272814407774902360486348840064671918356432941767937935624170781952794773925404729794046374708291388549898341752413298578750773222969269154
2015794707781207046331546164117241091887413205922173400412934088588388317714962531401095737039194303892126375079793062895302024531607932151508688228231
1460731930995907899954845341864535978452533162758350680145825722471599214505987115275039043855238606814116810316681168222511800358842243380532878765581
1072616067773949761368990638127957036071332369665104700114541866059170463747822406120889295493337427775460585709681637106869433200723920691793421643252
2838322882901278313083314149615320165865539213611795494800618710043364411465870473707246159462263448054076183740230495075943875991270057727879703622518
2117845783466253912977299334038514150985096079728950940117824931529156381101075315386987986151549873936812541161339329781796443083088173470042058001021
1448199396030496305989510343424736603680443781563635128220070809988271798951446331614222835748536941177571943662003015659549240694592659086197590424253
1125642001347509747955607937769101524220698494707144608464119904649136124573133910255763489154760591280081266904561860640237316997007984506524511123101
1218085154541559023104783607778780856915146016371843101556795704978830491101365454494395261825198761500927669893588000127846889842829091341403916925250
632360813983120820348868556304534558481017150091854333681587869588424306745871180686351959931313110664299684775252024548734155591042559389927029222506
1281640311803992696852658318947486906400425619923916942359389256043311448977923152916909926415461674525366005711302718167214240676343556102657162925545
1843553452913747755064118513298615449589783887461942320203101732123996942832007379400406914289298665112180908341088794569921439332998248496391037572299
1151130151590660598693155019018127034168851062176245344421332727964533831802422113433772571757048457488015399226583694580525197181343546204100044053202
494275688559269983639630976184439593728488183479603835322354030982215361916505850681522893477660494186210677808152277230641348866140159316290642409602
2026300013829080871766743807032053623011745906557582362506675964132951184972512643495468552573049224688209574219874522327299912213660260631902458556650
21184605252576117112137815112907939097099194234788770052052277566607939629384619883412919372764147950853675112619504438438066708499114637683853362014
2628648980343502239806316057830342072829371542387594553219853596567313154818939982656379648985228484658782629871168966239151108410836819091893961618597
1587776775897683202978287043835448963292412081300869642591935247665577231738303660883307367584661019888402973938457856681431287057932408191990930331109
1973474492270419584394685549359624849102033773716957338281344025540238242609803887478027676894905780973172522586604998613999962797257720738093786097062
1905847633532310344341358223697861687466938423104387172397997518543305786394147158643832783201860519662739370442020478174075349215049628928675145245355
461931689865261129576088105434729686258059049460045239919083843392797115759289112499680706413670324644378725602282155436596815123740087413256213522518
2914714353715207370274269807158105385836725685047005750088908864368810397363178459097343429078504362122018211772935035097724926401149272912190199623204
2879450093770188823335342840606350913193706078635516340786339781055207532996418177290142847277568372111339242737284528161807666689975203819213518608955
814067079964047601098528989490295704064710406722078279963181581889130957044879486098167562864405717537556468861322463196129391314439790649301828108144
1119444839104545343413445128445685914141852176719714934236474003492600557125140785406429928822922883350875859874517138362496433586341224872524190192326
2237895257537814612324205155189299421669013885374653260409570585221582127011589972674163236701666280801103102562434534154240960069018468474070088411033
71884300089044176144639676054070310219282394748434465405199320929847436900955277284899454480162316401946832569362023859092768396718410927674133775908
1584027466745038341275411649551139634976069741416622844829815491253299716582395618193692062306432355801543539087787298806146001026245694481780156360503
1435749396279384154115487725023387204418164830858088169773369676574348645157873134671340773564594236954382960727533149588705373140943638510470652648520
1459916304472139843360567561663383509320248394722373157721213519552812915296308851526955351946556039680907067994779032726530852725675876179608463776432
1174226785722832259787451446103714099646391964672766548517915674147435456563012531303345336676265584157957806305082740005721738516143134253137638325301
369807328431974459372471807143113651291645989077238639083981056621567241465476305465378197163851007419350464298977064072920480628415082112417883692789
1475518901460095749826369857056485051891388157852299362182641504530255864063978003740306180954218726179740237618658544569737479406147942175255162647373
2310307773129823246703623263861120449483565768353757642577474566976291476179939074795901345501135204765955963643981249813163191450443966163262009817040
2835793308240395512812109156563841327056195831984545675107615612588479428899733141143744143843144096533911714407838803752336040819659986027870001082345
2332386940985056940701135870920819806088567130901965021910862304323945119698235599678157119381299978673526569760144258334710418674374870190083697673669
3084973855670749501542156655422540645766236259072674787883196386587824337858799560383368288480429857583169281315340236873578326176759302252073294515859
3075103489572993486267199110603455938897702105022361438585510603004101247924845946411773198142754224130672947740793658780040804162168674436913912280699
2735303211304843640513023853893461839645242853363314462888116134023448067757377666077969062102817897030570048565190503867798812555067485691424291328341
2100458462438806970929267935396281114986065284819745513076995663779940195527144700023239142985011819238602848104069004049132322055729939700859492976481
555220668582307836629166676053458003808706334003462701623966489044753999443926098221891479642537130132290167866417441864515233193076278922296254123557
170882201383088460785588309939899113480876503656402331601336863357285121506464006415740069698028454874233034372127812918680394100351088089262729176512
512200402298754463690908148830660263072259692924929649801395136829324397656605564516433740417318425691237193201881742120743131468843892221935527678295
1531320997541907736904714283901489903855721433309357977825207181442425171709614398991265895169750938819024475882644077697855260277498325212708712055336
1107555099380284084151783327599563754045437255932670857440547294600796858703176701965944006244312041023993661361203322965318245514689575530001927197024
1145461974623126788286978240672329020091411798127766200060873793881134521144080707132254340250219450263153195189204190188657965085606171144704716088234
1871983099025467229278500535626962247556765922706502300023827963637005462322830509320604456540869857659025816782294250277088109280897176533700240560601
2920213232667690446420201879778072572903712858312487037358773304439717979883197091299093574361313203339954993964517398162052246632103572093894814429837
1001366025671330824975936072216122033066968413165466944884445015051236209072075900257713540053266899949330514726278518602628053456230893978085803114199
65879947101169062063320394033741489281323020566337141269198566568406711129054644393538442027792091538237507106603648041252438398996733251265391793481
65678190680504360332477269569947222908055102573999238714778105771129813090557270017142511590791709234453883306982989515943053965030026597171249714479
1053789139751622464645381214556866442334129031152703034727887693708180921809808920086231638916324256776781399478082265650137562827666577442805885884088
2323555769811247453429829372189835636171490413184553660689391921919221093215837719818861578257459843517463021086750078341510605846832835691110899545189
2510057526503578291191079379800718142973152153985022489860288298651900212264363316662302344345399789962896827998566957666874592439110401767858013927098
1942557564461887866473216644506587903935758023813539340101871968487558966121930422628877145550030587098749639095751983120022872886156859469026991363100
1735965393506925792051434645601227009726981539410994649453468863434094725410360406067424966723944152374141483486949374669171913534517171611670633492242
3015754860349156749181415495719576219375006271612022854509514210637984331395305723806436234088430798505590143225162803128469996929516920877613086993621
2516508021256164013267818560624694246071000536548230031763472552802442741767070237320446515156972162105637963830570757642089142194032677106736444625351
1580034170626347757553066687725265798874965398249934766187605166018346535894025196328410290866627266119638210368842157082081514967770478913596672241914
577335539348899451011641903485792818416007070106383962592984308853922248627368409318139328489374941903892962201353963455639498117822298670643373378319
563083645228985803634866593557981670415286303671821311332475661802664778115509029725550235521368604928610085957140595204922109962591651138614028361680
1372690909134047990272844986668046408215808789559832208854586168169569978472402145616101641257239568075174584421193288120094455490087915139994408849394
2094472407850917536286156163939121742198651982459733416041836723317927650484671872083050706145835891695658495076342909619357828103143044143241810144346
2700795729200662886474556974026054911361541936337821540665761125008195639013358273469782209832377532917742324356339801182252173675449056993980838638527
99414018009792857073645987009901959180443308836610506519399259435389498179172069437783763560651728552278949451357907823648122987211953781837369402908
1610798239970850875574450999310409237683053731619505482686378761082587163958686846454822053834257564691500745439778431475282289230019905648187681760815
107711429089910665493311063518542755329205518487785104532499633498826553999298116373076243318225579607196908168432025598322563628915597358770706427622
3150791777934027203474643300358082512927296133499461016710742191827847404899746198701629373240395380204039377201846706510031511126207891206768221924669
2153412695010123104470971802569284217021861584576362019687073958990338528319284358700676731510236186142509776427690509881368411534814552763988870035038
2574150956849299341665625981278769366026273600504549301476728937922170328119711110442063107726299021348719315595645991928610370236356546141200081742836
1199104510996340449481503384450129735387926974417206793210015319226374018811068447110311252448740512351286300786301672512668208492448687923653691310542
1411857814152489468357940933184958777237613944863128661798644431034634750754883601339055882504271965906438758649054910055628900327006294883490200290072
671367820219994697786349814134011516796606427259391912759721068579343945720744081512732434421823941269397603613900158724078954717580413289109299917961
243635748255124263555449309106832617104120226991430133383913071958285548925237541839090627853863738484583369489102843608344559002428159231285605158499
516278520606577172225517541411867103323840614018194228694962303417440501617318863683308130861421530808775123105279818103990024097433761147104486905640
962557785357352018237833091340851379923406198848196178392907681006466181045354061437754032169393766775489851293734327243816293933755475364976187740216
90124995556168167289771878684205907821719317240540811530495895714672116490931254739358592544986219992685398558220040166935884359990669208950335067450
3177833105505088649424021056732094755011598968676555524084649301174623029621730019392002077896304380935682808177993993324941588285368172032572667069320
1844272427552335403208320654350676953602694679916256983104933292221703715104854427859307503674658044654409949943972873908567917689827669382006019954327
623186181218369167265463955218660836912395379962737283619522483021668308780313590400028495366153393824476700624362392141765514308943329105810318239988
75578722511348297311567667787336879861979852364194817800788357765634265552864710623310833177436227019508900799734141121313098792650682961792701975981
2007266072228816218284333422366983384760514749488955182210740167213449414773485442448702173972866793210317105871311437450504053375789662737401390304569
606798461610386437300349235055932635593777666827361981275404389435989748853578915729565059876984122708764734888615690162172023064207066304901891737615
695984745608843087146555545692214021057344154878564357089572279517621190626251963047356837069962650361717662264089348669065628773806426913421463894645
2374651238598191497507555620242775830786272748808560336905259955309312720700423569832016243042296865868069585193365755367831693617765832005029862894032
1521302144473256963751498185414801012555729990115926979678760590172420883430788610348610341345948040944884273858278797015523338931448606721537950270127
2879323507661438481208317938811258434577654637103797046243213439581822252926869446538696778632491473686101807231601069566289890184693859464510526321036
103479213555044019423222423359417404825459200971090777069737119415564587599496999008287309381056226410757586064622892727077617707586050674107059976415
1273688934241791075449384535387130918939994109065920263154534484660519445269766587212428090538170199312124492975917465424584300669007508245561482502195
2227416851370070077685134374171096283486819818912984587384481406031166323526958043433841479008463806166067191874770962853810840190910501949702190110721
1865420562306678520596246737187374981865874091979489205651589972805835777571340600525463036367338131190725307044129240993144358758567591006354565017375
676267407625599635227172630839798715665430882994633266040399011099121960939789558137298152053570155161729752215589508947989469742920709261238584273235
871061588072128583842270435707022577795941026105608874209060922226383982467883568903926675578483583642328555976938458207439089823008684944245299895127
1715678069007936238960205162353327076328946270564264766397489325247449534725526835457354890262010840575889609650634760273360255076542225197777321057687
2566570247179996680322075023365856315993228256558371962630444279720863178544742408791034090269069748293713518554019426522635554534760422378000769508537
500765232636334521990949993634130829910105633500907220756365408253332154616849796008261698214470981634606034702967783970321023054785603681792759119582
114796891912088731984819768213023203093466709684838595545415568084814622963475563568800919591958583389360317135880681169702718650991281065910824721992
1118407332940225637733778153234158392025383568904090493861915947847310512739821544428070584444619689011002080019977496032138721834777741297787938947916
1216097323021830992112065783916322147506129246658459681783059017092404192940787123327675876739249294732501392573681160963970994779149591397248734841464
2178839663654103247155252526469552746026899755043281473529009314514838337946181395520547178208799539447558155642144969183267608255254748300130535460126
840824044958830544174575583008557164052286367423987090066389138551590282486617382333610070529500033504111306459957588301514847952489033100162242844158
814641154486692564942254430142263162896295348617043967958493139828855981106417724626098252889227452703310507382337656749954069334836588086579192441389
1359284353162176872285342899874511325973653547502907322316838423681432820836692094195767017757371476376950762212615098537332854315290690942222052171269
366192052961395838968899183394918477792038846130380598277035598074396802770705435590790927285214947841505027010908554071253421027706960690058309954818
640963426195371006354789570247692431974039050010805229635694626553876752447590187774845236190583398385629694088846609782310364137521450622122615064253
1054705181388540772274164047138777482469977456052225621842009635754938087721774151271071826839133557119357952047511727558103227705526135374752278902689
1023710358250148627046142911101225852495486002068577642186425169438304684168258917097923922971528414343118506876398196708422119785475469078580884505564
1801270135151739946937068674679722776423677513337893893030626169737953495762584575983775584597599999125953065040592069237169239738118817380509009704348
1061595647953449284426436077461309341848732302413553471929386238881961422402338381516398360733738711961351666988443557599358041552582396859049077191500
3003021040333670852586050347089407429687169167033779233154616989881908469555586851484220872931470868052707270569323132624025123059547339632791215095769
1849708977438438495854165355197380640790233851469988569341597004005135080507899243508230904536030351911056655591782622950372433056487867430318011793939
2812002986273270671777700637389444932593451251833689531898262467514925972053265864870282272436219714300331247787102695227415903895088848985740916387092
2990124908749087213261736317079876559316492080989547535608618193379536987377596868210070760236342416839503859733835755243657207249543475242468604816941
1077259314544662572711148055908589012431523392140968899202835677244513962630583503917265770842359528316056131587062293284664980629076233249647265370700
1694840203076232508195297914822604668412174957408562421472147024936854913188986269183683308984682623800549354656722465667528046256017265902013083152318
305324769508169077401818808246991453405950958153717203444591241974104004212517328851930899685139151940323196283003775999536063479997069337289847514517
1537589462423679812369121026091122786851545763867168670825225266580409305507391716195166879428465418488801218339211552004345290013445373110093799138297
1701315035084717442025533122825275380248794854856965854311933689683970545109234756238634591710295217607272974775719190862094846481937244026958118107360
3101438118363134508191929244307257541080480017181620527617967986979299180856068704817560124781192680217090561694655664524299844712157689317430594339146
621544118848297634182010767648755834424844742120719214082543634730127620951727849495614349034245305963887729132039013621428259809667289135742067533043
729802966783311349652945498492200325287806370141699154682200062934812503459896711323873234901413555824084889420195968819621184642697900788170459718392
795823763099866018779092289741719337064684838576362372689561720398953264929046721995302852840188704610986409424035110592465551493824183739843272443585
1441193948380295403281306360064004018589174867924592693415022181418270842194613952883719439863707407756067739354639243417480228825490603048485080645087
2326576874955033840366386929892894609718744145865175181756419729078923594101062920145690737930681643221136599261972856018806439253356800944395942911989
91228109728860782550600667762183906800934859578097809012621291890409709582631065031511896705101542981615564443761821906660831280807196326290591480125
1958296195841025517745182113141485423170842507485369972978437835428518601365659299007150112958286952149345357824766140453826183900727572908346903771611
2350713918176997750960186312181230554417674888545166152206370395395767389678254465013963015295345188703446017636163009561408331013471767753056734406403
2656910622605561285850399753159609307274094788193409740689942732750074638214216155109024781084901147499133983833031254713115790123448653264915558370017
2342927732304046155627821828455334993644839673455541190542441544245382969063081594508244748023474818149769398125866765300648849457580529961385382332723
3255708173812253090224181875305387033578237907874136967745139558674758326516810956929975558978592909870494656955562611524356963263780141224037380955853
2215475190038714835279237481299328211300821819670123528525193289859187937293624954981328374504795710666809960873513418703328555129644728531799565534753
1013508332693642114521931650466599570405805686667031710316832985113054370327191056666438440415981501912923544060039100817048334589359526247016482529037
2219289000549167235388613519341431458519109180261231630160919139286389564113112879502953660195554270063738380258020052708744114876183156765812265330378
2075098387045699409678072207328817175280194712643053409992277618470866707657035948457531009941331152457808035154222565488866920960876587296531233752186
1377041981894310402561033959804969259176172640920457425939479086318082040595900069790801485330166192370815514387425199348488844009313379255078604306545
809338742259310581969438906378360049156029598777663972765384500620139345723085948192543082973124482361774031350396217457545947025703080449905907701596
2535711553174410324708990903988883930277257194571480398973587237379236899488441056403641387032842219628035843556915155747514868531443345584184797965660
1597769486941922615348156904362415949600613757954634209758175839733811333977127522626225071780694896741010461957231816642505726775278647554401953293587
1618521713452276011499199296192758571234953990400736397440963598696097757828051826008092958860475482648525939507664293788657521460245324548405873943354
22492658970746625221694218181933584226273826979939585122576220589081768145974673272919045275117467811330362677835005604791659694789965856641544444078
2199909198901968489360325891638931726714475735354597238974787418082243552991558390647045910717060163331463112344778834347450263364013986644609393255116
1565339213174673082006128060410943461966857694788373978796061904131496205365749359846263057529791395071268166489985422430848975513170838530635941961780
1656371240026874798176307478691645444706651005382155481004576276547470905772477815078978803693463775632638916075248225153159034396449973425341304572163
346332871217498180595579147044141682813213778195454843570709322258623488100978711739675523418799888974082375196517239496937633843731938673892594872854
3009388875447274338511237622413997774484392718839306736643231519577939548536988801179019920583880361323888084597171131643500565280970192993235817609775
102333588572115103098491149110825808706441694569687748014546295224632412508143578215905118304029651431449264550234843648209909980476443537071317149990
909428714296550709848306032510438957954626165400635983835052594096262334525076054519466522309511773940792842370893433639114481357015718740688024218675
2552123750475371949774682479446978141967838080218235919446358664466481336792514195630792438823755689948419819499624943002614331631124424533564406066405
2244152425591555165603133191050784545352204410563691813986723651980751588342002102318127192575890054195569101737896448354997451626038932985259289896737
737376063240775574416965797364594513963556658310832779246453708859261753924381809793816278865844782117541489054862316681900847975156777427964891064264
1947147367306411976428619622287675410246104665822484568498823452165742235131973930597919429188426302094562680389255401606850921150356518593892755131331
1493700067123588581888954222834349057648994769709215902716481022504113140194582020046294442877025251856245293646273563090584483365602092643118870938816
743071356618957658912989995415252492239018800214923186079762958346030534775085319574066896921215744256124936357690540583423207041851573785506918764961
1107133478619670250629126488295434688634080041836847473185694754978608369783225641433439854668748639780451702207706399136174290563826311104694697331793
1905306758415581441654768865953104103176148415245906717724791139956934865772325981706837192105954366028818971228938561340325545180864144684055944743921
2907454387983716088274973778107678692064830348933852753512464548267668166196161308299163634109583673751735454947591523418279331297494437062698186129469
959002830905585865350899537921964848927464493256966719572725848271348855024670422570984047478118232740811408994444803143894310228194604787715017846852
1485133118769566693532256416280034935622245030019793163953039347234004753920339966094469509071455385189157595012261291750062093449467544636179180758984
620740339061888715560304564244285653735617679602893558854135837169887111168995971078947692517994644806273290879554122973360788791015342631568284668584
2834978177801235463313837740362108157339802905136033654691435916856821159164783390671649433324324196286066850536700890230758696275458770705047848327391
460357275892136340778354252140480961003838116308513661410527580919183316916923411351740900196418345300632230388565070826296247800736173747432839624960
554274300128014827642080945711472559084069790008623293378182542961193977292201984187489730215025856980753312752972903259257277741918622896270418362591
1303503627827411745899124788497496274526113157352790340934817848829206806745416442240388978761178309061948042543067179745865494998457647497923661074899
474115714760728433514855848003947994035105476300309779525145460643286518723420980838687459503596533261022734811644355695168719886899595424613889710125
2802442403553027925254140825105488568345195587897324521939181371781976031921517017405420952951658200285141204730899590902557904079820074508933983381870
395956812113800684356118419299115796558156015705030097167772696710083879693253783900533493565510782638464929224281414022519442518593488360661277835391
2249754825185666375654112073960854441703921500227127861216957425018582279349196382357407622004342733756921682918048055888459612809121793077163806373716
2097634134403930747276069767144980436111594898133175685130310586887572264784238489857305948679755659108393428322853497733674900369572006830174072058652
652438421451892278658246586304935756240484613607054447009965623811190586982393933572137607508351764925042894974496559102753016188720955824582611562912
2459577509864668043438599925704938970991835847596136624493543539970663138025887771234634693169036357238065584871029898151171730820615552416629295324754
2974874950629267034269627529947817140943196310988831886869208435444759764329035452524433438010745497304071302962349475999774492474210116389354062378773
321108129719286011376708477621878883046185552358560915046350176285060601867061587942391375403448717022711910923166434683235316512438051773485133805127
1585186351775174189462551770785652218379075337517141447314641060525006662126039860252918021102854367033428125796155328878296789605834879870109857193465
2959163133620087811815571195967004120231523728149825116017197739259627665365476237985130287499192945050095797279360552273585606069958838716134210592857
147651536743417973869064585194201948553544629874413960607485308774027934359801687962073558452044580608552568369864774171996013981694934513632908496854
3255141297102542784087383544327454245257125308791084690233004400612390721117448571030144742057190147536704545999994254358720104796445575177485939461430
2333239415867991675933751579312008615540917639472654529510491562742657599317214946099938526059454296271263527084812889551073868506946243434967969431496
2444995684415309747612745897767123128162789298101602601934516919299434322917422982185312942869862082950900760312374700353289359332436046364328774562040
1419090234772455337995721249997768951298489697808054477736249512739934031005413679501241405470411604880800724398762466390545059904891498245173041699453
2602358712324447582906610471394363018858326182558246152857428424515871122204534980953265717218572291262105920522477754078816391201025784835179832853022
450955544537738170568764740550947809390838394909306854409026962387512315271565902322164648050636729176223061670209466540825615239041318112195519194884
2001922400046922587917365871855246205079495258504887821366443384114520033344455669860832411203226359294976640082615646341201036821314555896123233007312
857593270338315962788029464974659450164475276006922295866824259456453631632134808712703278917451568923876112272666998148504216120675329365238147985110
116035520924048591102174335409209275794448073828851099499623857832973130713373614428266587985719585195079902887170734908063471694647428288686679309018
1370709862513942282094293857442523051677815139587354182099095254153342482558807156021332354345714422008420606168497791760867029761043347067691524328870
2304115644112253339740823388130824580912933683027848585613215676180198119120926549900013169290382616603308135176284277343832107915072617093468948180229
2772759168703720341955311242590955044370932744752777011016124311344089396670085184347949177002947796841679514125352775181580171694898937694682360018556
1343084126934217142800987594652653113517886650914684454200566268320852258872426619242995726117758522296319811996433483898156835464784391344125914690437
1730060881835849408246943456563831707560638088189385969767888125528251325667367041336516178026358809668119739466299756189167061537873991293055675136279
1882165073007726912678935680839792000314978239742017220601460291631245252069188118289510920605945755827848609780960091971282726930733179443945346008938
990401096209125727042084457402439575249234915894725272683748182992536225731595253027344798114444264617678843196408724639753995758137049800276219006364
1152064233262970736568881685855470554349865738917889831192399899363797665340958444508555195833039338330648488340839439855209012277105004209393122708127
2301345635282363932885199666710565652727335936888258197823334670907574546439680489465871671683804121091542012306509032093412689148215306498336783852612
1302005549386463174296233351982624093356696301287460563892903313754676063780305598921635093298836193642598381961882372526802175175314070473442091517311
2709931089643778830197566577979338662546437730165097117092437252519700773432585390707038472892149922314685864220766578822326434758994533000316579693087
495344419763425507204085573171333055610682853735044858653649274078134974243913221806402096465281453518643206611784551218397642508074977103827111489154
3123324927534866160578298885786607832514567215598983832015329686516903590336654976185170351032969432831640421932675571071662340659927617925419050906290
3233962891219255316453734097207699404373266828713346391279461847184707905388667233213516509002159391129595537792766638290621587099441616398827920904010
2483431230693026740099107026767739736306456791260336023951165388516752951568079940761471706530754767779934854436848510207746157947154157021997272763323
2898018487026800995860587113418957039651523278716102686592856309223895605004631977891216532611177251744784084558357301759332257903507419328295511141541
439000535323943092685101979529876709181566508130958508625651667858427880574819106515335342450197395706575360125251422912917026463407030191196234291305
486482065803984507295040575541598699350584562709953831153483451639214142093258752696128008502939964990983082132622114488177891554950839296227002814947
2368787254111666394997590619884534888008018673131888233530141700755739133259015355475176968859934436920913599233740821516914173637548276048056832324756
3061130007818683376082930441166389449153244812541127989607607902918921334910755467184087039839055109498201835125264600392882576771061476873454308072063
1047908472677830740333802129381765785908666401542563390927926701794444222081683988287553838080275859484832044145055212841435976578348064474528522993958
72730455904824919327631249849583795558579314607485339963850310189010388250734114241117888278416709236349122049372647250821442537198766353202541069928
1126140018678227874135601450140298906806170414789764644502917720570306263944511780860259275790786453389878929369593156094217543700334116534917579951528
2855458620996597891549956500315778800797526871546583956507264090317005816920431639886913552227803106299792339719066957504571874425404104361241543655069
747442249898928705308760425425562354584934158807014510991241182117145875625732182416420217932368783690585513855358261817202470115008019890577127390300
1829656285218711616628236394310144194264860321163201911785165135462996725560092903487523475645473917949266422871450855277061858253069954835474341412738
1306367541977444304112190515558885423498728435710774176370914464718771232030206034103135127504591042138705085026995524306051772389246028664219305463383
3239505340687683531194974994862398376844550680678608971498201263179634213542499197110459142832526756953588863538853919154384378773624927310670803216966
321530988379296899331388506035381418483284391535482417544972667052108100446328203931543505194930829617528000210956903175522650822660762889278983808323
371119534431036166021236610298649562690216125720928168206309068200085154635904666532094112864873260924553072541379950151469272135372229153926708269036
1366871184812843886506372089783170051956113726842916690553492156899642636525354428305167903235728526166458980660762646843661419285481384732260667411866
648125756008054016937067880750431196680409529689895774943382328860708954166698347199909301654332462562400090394276807267619984739757759978184728295229
3073381979115335558379008194411002444310478327315257295031812138434480525469204153255458229413288132790436788962171580681858802700039196826396867405289
1766161838939587577321296331681143048572466319199148528641803483702728277239137608693514770961870669714235598840929605501727869888478903984548145324561
2954763487603205348878736821223070970654725596187504588230351137724007808432532420405388565304849416054319114488189295271265797269325609136600969621223
747894044321256971223816213785098262548238390361234168559009897441003336419866690319821366449265853495529694127044862886263274904110790771777412051171
128869890735630399188902421667991822542015521723128493630204771459440377221003464425712785368149978240918915082043508479839388351024527998931491470277
1529998661137849426916852349890283558741029242613308724322275349184472898899399632801171332003692740274355175122401280175634296548154326210086278627634
655877104896536499236659386920843320296295973922635834910379237429529001434251998517950070129939001590067314338800910420769742075865799206703908304656
2360930478325036911700665043509084487502159161027087929088879057344951193742915538002777870589069794679539856297430576804228722821407558021290414870028
3081196589791796248817039100309809355262289147231157842262036894639081557673383803617068579281132945830121046020755186380575910025149810716595519668310
3111936439278586425984815973567733350832221965814647305498503070458099898025023997749052954804078640244913614201020173292671680503384987406923410195761
568261257309012821332384215008011204954293353309630748982726067204230866478990440630310413538474704336506963753892426419266712815404531235928213786683
2346267852211852271109731886801291499003024795618693252482111273661396803551779439525670444253416102519028814830793653339528399964132400332180863144739
171027385846007839628197575887612023940055452767099433418741427095940036239919472154306032450213765288330848320140457791421984553337793360891508538064
631212656530895064096453953908111984869931860985068872502005749970283660375037508247102361182833744599734119817342264363686301897166019886355229548829
1270752912102709676282454951548063206519860268452484740740711765281589445433448855069075042308572606552223515732718920843944119559595218001255876005596
1162125451866678699114356994199328881862690519754993761021167711996040923402396683245501236619498611210897600233368210580343793283231732356101472630704
2591122487997509561742009193838072998463563063860887159410691988431135822694910830549850527342091518540349847576706225602818918879212569764108149822141
3197205657157915489044887255058865106243084100257578513475798010767450043409659377382278803151658218396825306035680520464044763855333528977097897037358
2294842787310719615718571468370478292855766467247375634696114212953609334792568279810839298717378677901336200478307336560416045087935046099610124644553
2382256686605955184696096456440307194763721202268191782719672721421641309609756639898318977670943053523725701021090242561570418608246486168637527784072
2999176241803173944147084032568611786364166596030570827112993532968845750951844966154096932109163322747484000452581930830688891891617509021199491406286
574359226335821685162901511552814741605429295584129512732219551578490063590499946011818555506753140686780891700518330119516959836174179610320859415643
354235042772405857673016832364075710953946458571283140352048207369907235845943224427906046288390296583741294683509176257108769666100213350146032075794
1896207898063741680049958735280521518675286224135334917828650799554232052447312765687404619367401629024154613211729900161544746077843351801654793692769
16378861515991590178140381084606867818869933300548050114555487416682526363740856068426282421471515301933624711357663467923720866141582903760000989539
3177117181118517540635510293619519739151169309754215783265614820870734007368973044601211906964732788262413560193442491095924306621982173087754585521682
1877265741165822639815412419052639990576584973796997710488307193620536778496017512393383150692600403818124640422460665478436652808685734078822724491779
2883796696612800813632622117702851744580854683833867381402942930126361608464981775886642735850075366344123745694352131919369972064379714159027678728844
3102392673311115697551188603337042320226635072508616934294608438383511197083317051507991789298371660782225075067572702374122955467121541545331546373967
3192556822079207594566536106952741145528791619841033720565246595407506713938481992604278826552500600424034798604298096368019397415742580009015826872700
509604251858864115817601272938661671009999387622880388765527405236708607341307423056937162194101692312399420716517894177604533027293136708450286828394
1380119576753904654436828515562219295292997389448041430291922026888065337736070758913857856308596886698831854094146462870664363168501177366111337818538
842621093930364170229970739123298309655493281645997764813727988569851112694754652988791437222706240691295762498608064984268083332628501630687654594104
820309219992357026038975562816529984227635128788914232393881640395580259045720572431907302616191479969592575390656208757639131058534399533989010585240
2564196021114587085253257161678260269647625763950610236395722922683132124281773178575577102098746430568828195517533992149061184724672806041934258576419
1806352451852333503068956057755964868774759076014655545634269279233821714435302679090882194409521263416423818722540499413277377594055280385860819605645
948659938968535955727000440518239279995961763362288540424303500928168304047879391148513269229633796578725574865079335498957030036508543965193260890982
1927683886528983141003212461396564245409587168572727551415744377881599625865861020199936366865899396080765545590665337050845446930480302773128093179142
627474542438199601615686457358817365301461944398481514194010608748905259390364458059205730868452443004614333895054259960249187616608575338624284670490
2842631651269654283147205029329956938693468760216598629582676016060228737826410925661079624783650246086184837841935476496134961670191276275752014274038
815774555940331250437813952832429843967418994697725039728501998700962459532166060823315358431319504387492050005217506705040382083954018375199114775077
595281836629700441201204114180687679817946638659916346139772951005013769844678746034316328844053565590831882963097302323127945903333548197918521070646
2082332298350297486648100696982457914660259220447137685325111376716119952849504916416880270788894276052677194236689720088326494675690514397421822834884
2767794573416133199351831189442991568420091238919148553726000303900017250538401754749196217004994253604561131984732748286226391990543747381730945047513
162489852154991120045179640678541066611348730621146628764359238308525427867434770042851744656190748182302713192804489580392327899572016311412288433768
2346714599307906897299261401563192368174404903164810227566547521339679951117319214333408110273158086564980997970473590424011653308995667235401187180949
3195390476643829385082471240730940601149935926265189562760960301030008351347288272293787736838058694047255311465867969470955624561114360894937288315081
1903493794919524032176335522450823654554728047379811088487514050813811748802432791140978231557530936388699014170121935659889733816414271161362553968059
751587164495811302152612129579635799146329235094758652082285414370699309975208932882497077696751174585607390461877024513852808745676850774422694641401
1474511222843511691063350509066305230547653030094322024634221613784886645301647322598985197218909368521428853024220388262799848169384044373302366735857
2783792133977755919504766861398773053905704007230439917352790703238755726995229329769973809865228667786644984172005885990864922232774867211569859695178
1906991260374031711409564308195884840337930360185060697204373439280423421786045070675453553225508574824173683829743347774455314904173620830735675180454
519651779171103720292184644204269701584505038448178531099572431171039073288117952655122879617470609097356563585265100093747422599206567595628823244338
265609829167652560910598557557974650000184398040115659849076157215095488038078498774126946040751873150402033753179408767901984166514759092072656100392
