3600
~
90
~
2
~
897132564472637175300257417
922751868995899019065641964
630859626064075293292639005
778448591763490277215877901
643138153622085631227497197
395412631569810650122046880
37933705862923471603894034
1165274677628701335226569727
817373942774335351257775884
192556863496626960919738237
160623655149888514286449254
746180964456032222847140460
332770218743805541077242992
44255581568713844986294821
1024339127209156053692753733
982000113496118850414037202
939081771923205869037878129
636755613254771151926526020
690161189389688399119761837
51088761539586998502877414
950983477253016024825919376
1181100091831198507205434051
860708901214348143883467746
469595342734548805790562841
591152521094369114385152056
1026841196040666937294904052
321012689997458439278814114
22190827775437362551020610
120997041176785186202849661
1172962072892596721832596975
1212150595812886953217918771
946834336623707992092634571
84229749920915347172493583
697818016313773092836310945
300531771715957308967799780
553236867839184841675693598
266939947070242541919145340
1221127878364586218631776855
432924108939423879817405185
314135784323748324270011581
520265195258131053711018553
531057593160704746210239467
922275601404935282937506778
305643385174763614360168732
1171728983147574168137811411
791625817025626070761256285
415138914826561178239960608
75623106990691400212421328
312861706110514369993959846
774597682485217562833580176
38479094589807427873957358
1056792496151629311298780178
868110058626134453539704207
100785208283966475737044513
95215327404805103955864088
1196187852179465039407984662
842969527792276563159735149
51983160627467704108216490
641152275355628185507079722
1151978376630316180109412103
1169544064914996564259622097
1034519918712178100583336399
1048481577398807477512477589
548702939114743704998391128
348014987729854633413774743
904444680034153122745199622
299280472535062584180344395
87188438763945380381782545
598818282807920962213323925
1111165800973580766922947924
328367605843224939509771119
705243216746890813119788195
616510373805634580224108101
142965623878698768954106949
286956440504558048391304805
960747028410032740860943302
506723065176724792820381655
1214057204132503990502222273
444054396310256236197525296
59608774753979929398784013
1024525676574396642211894338
459501528499884500370175620
158297451254548353424991640
1105598674679624171416837572
352012069864543252308452030
520409665496011353947686277
319746893574868859822960611
1107643095475234341776783787
1130029655799147982466293828
1096837640139621538340956201
