3600
~
50
~
2
~
171145801900063
577822018669740
1109326739778122
523777729537923
893838507395992
819656301229333
554182918218426
270318388633053
449515054405372
264926825969239
420467354828722
95083571320612
145276623607165
937942826710824
196630602032317
192844037539338
314182240099261
142511692270146
346646808874631
1026166060140631
251596232980407
90799519466299
142331425982985
820397190227892
764630182147829
733253803589179
169804127486092
258177784009803
14505696470673
493852589699987
1023590991198225
958257220607818
41763655381375
561940458348006
259792599447207
399813359331150
896350327196317
898316392939285
10605136267665
661365639646002
77999253853853
1071387017212588
1013655428551039
400279510724536
119824023688256
548787262044212
401733068330373
633570646457691
278850470070773
834036574498274
