3600
~
60
~
2
~
451258501838623531
219732532446193798
500316153711430622
281192826473522646
83012267601298962
576692575017820570
978412393947004695
266115924127052375
14615072880199816
699416375765335884
414150285608134612
539787735868759408
813682624122529494
129253411280082748
1059266595293811775
1094209585558209020
769737495981126871
873354166997189722
57151034029648337
701416754896299828
550532508235733967
134055638943139067
332200782547496491
458037995942048950
807410652330635124
962591455662448692
596404735245461897
1069514374177999662
464266876571088914
1128189234493708729
312143592055633852
66029542510125892
339903518283364817
452354749482955729
725535482243831906
1047742566866900509
760903591371610923
56651343903720458
602992842089149751
193338562353815285
137765400414990804
651313783762743807
629119531756827516
938596112533496701
731226537502712791
476576903540921761
912745157414183924
883121903314359098
387197625900008233
866503674440347712
702873432067740024
240953887128466713
932086677427961183
250566497263815055
945689208246489257
250599744006602860
172995515180359862
1059939631609113984
1099867135019158389
609926118998743068
