3600
~
40
~
2
~
471985024605
482007120664
541704660456
995223432524
599151795421
396921873951
940362518220
396508568433
1091119503811
774736062931
522810462656
646047618937
279198582313
372986941783
536754459914
1073231311836
809601481447
751710735844
558954792762
445708013249
362793671694
533525856466
507804308612
420750691082
595177785094
499518644001
810490213798
143820256944
914982056730
445227622268
941700779373
1046615334134
515544812451
333715628588
571348880202
1034768108837
389689747118
238615478436
1073275522310
275592453529
