150
~
92
~
2
~
8675903554
3225559898
9202616637
3130832308
8522197098
8022639576
8810963271
4527599499
3035874342
1442305898
8633304354
4048725461
6772135614
4100460997
3399371019
1991406977
5388534843
5985824925
1660920519
2952727101
6604388703
4310305576
7174346177
4357087079
5126376835
7264609438
3940668467
3288025928
4921401556
5059125184
9387181774
7250310687
4409513123
7177185255
8574525704
7407550182
4563272019
5044616118
7847713721
1999216630
8824286097
7746669503
8928456296
7852634825
7913773406
2100559045
4678402229
9313288606
9261910988
2469202654
6407927998
5001195413
4370210675
1321015836
8868009760
3908024707
3203563821
7919116718
7599511901
7357913418
8099900794
7816769050
4431244796
5764686955
5536322359
3148263752
5111779687
1327951308
3399245730
9830939190
8052979300
1533477140
4507712721
9244631684
6099349273
4114187372
5669134495
8558604541
1852462390
5662795446
9216296872
5463692659
5984628213
5774563783
9375865022
1730492416
9837213681
1869345069
4899038471
7966479272
3582129309
1030723915
