3600
~
80
~
2
~
1056216207251237967577086
317246522124014432259481
90780306733283781946525
397018868965189458981740
987122252584293373376646
1067852415939532048269348
505502752113233404566718
246081472099592641223217
115105388979978207629871
980047837588485896980275
834031291545426764733711
459381393779244134486684
1172434306866665005066269
1102109287693991784795773
288300951262673077966903
811912300568738863282009
1162381176940054484740415
1167094277867320190219085
416173085969649338284225
1189830385399502408529568
1039320020746599884610152
871866198398784818494500
508877425419147077787521
185334878499924238596835
589804472845027776468202
709900427904581439062990
33115930878099863369987
495672285363420170218761
702506473658372611084342
570900910886374864012383
165220423218728433707225
522877425793346874018803
642312285198933662237314
4485139084963264921283
328817848721801937595014
6917647591399114486860
203025068779556607534068
798095984384094189140635
721594398221819389657867
56927316395376722167041
129448272058505869731228
530833302325600637110653
835642346893691586047100
1068537180126018086771069
119731581101985692038059
729879734052538979571900
173665553958183306848196
977484168524060292131211
722822546140843694201735
1077270941910855394680992
1065723863025267689640519
302224967743051563267694
882534800084930457318749
259896552530895740288702
737806147833891782687003
950711024258111380085450
819037309098341546297296
705017190814353133131767
343112936380196676887835
216730006190379741548332
949194124218452861448088
1175572265029089552519330
1169519580004505593320909
1089401204971657509985060
84083089535927432927695
802430644285468907913036
1110004506255970753595334
557292638193079042421888
4610991673587970426812
156428361456078082445493
405071732344868912411491
1007715436174283024346848
708893863975366170516397
810235720426429933210673
506211680725427490515963
532959838928338109494719
548804072493846996322306
789275526903889593457502
989146124171070924196579
247549514723008061884311
