3600
~
90
~
2
~
192727714897770914153500184
589099463719069788280090301
471654085684150864647296675
385073875097067315548819294
540447508399506475876671538
1077714973428733688748901654
1058688470153644173302413130
203070409847254684249752972
1144336039030559175997496974
72746880814877572132122050
245706911118160851361083208
40271799800742655122567329
253041241456607310296771624
509243960600215456009247455
1010625063199775395119064532
1049250013998710131710516916
747296607388317884644203629
419967842741544944192878596
659776922805656669786829938
252070821374622123254544569
374912311374625338240385267
170650342314689135143516099
40285749492152981012267963
313635149883357453134225592
675248890253786803986450168
292761614112644441586134533
158190812296831598018778999
832817058270984706329089760
1123612457192672058935673433
1002536411436715886259182927
1023532302898894286460727484
1167008390554705152210747524
1209511718852567563576504260
826525011450408819272807899
1162138189037942177092202247
1223925127826144914061880004
169363722423468166498200418
143152147289068209331513541
655537557139258538957485144
1062076068479703174257245746
356908389381518434943226555
947734098050826368037793798
144669201849350090671026028
284802413336349867573200377
1087317300499105046423305275
305004223869742733603803182
1156679371003690464777026687
243761321439791207968462722
296357610299115168553896917
267789565830878481244718230
895077865967388387837072033
119861316586345050138878771
1185259583430292369196682039
354959049315135226894298411
111952112137196651361122283
86645060030799774034419804
1172369996039805346179731291
1097222723135768923196528879
875982017367286813129730685
447387124693759502182236157
1014693574204239787730899951
512331219947523360188255404
14201533237616485554085561
225017040110871168126687809
294896648643728694969682934
420772534313974705503233461
29136518372110227103837037
663524935743016307192929511
50587109343746843293289894
116210191187832079913231506
1031796561493225377838339235
7636434339746759690634489
198873925847745942528921040
678197713270251031764234138
656614975821137784482736810
1115715833694117320350772687
765352350441495009192759048
1048050555628410041046446424
939225692947273160836592672
1234517525100536219124486055
929694667232053290458633152
328096773249769246061076595
1028053523458222449590435417
869464713294383477334661189
288305116637485172177768762
511858400519654564653741860
319339380632959168398014482
594143964658755803155924199
587724729231713967113409856
10835026777836525552905548
