3600
~
100
~
2
~
512015987861205962529053821964
679607953291954252607333026444
9913675556778353753511112646
714762861979173527967882545922
356014057978828789521423380527
811818075936789903519656719431
951537845868967682661058563151
31143948417537753987404534497
50168049474167917114698452959
1129828681221674405972324188906
983974412360366260698096425118
964535812969047684056913998971
963321594318022703795653238770
895295277347846025355994258591
890405525922539019555256155445
1153062373201594508584329132127
280731574701141372223138385164
19500301020039339378502582040
84428006640786924014990266706
465295061730752401140896260514
61692025609809428266921807065
1114919251668294646901803383710
1057026653769622526294407116071
387428729416587210370001097494
376246800155268503057968587640
273320380164267058044732431723
291899207626186307640551550602
617672274544750495592257519919
436740222395118552855762856293
48645623146964055336578136274
1089963892680764274004163283543
269847133217991758564074749568
28504787432722798262262606976
458045451653204169237710256709
429776395990214478728166828347
1209373400303023610930283137856
49605437211337125513677911098
567417807003653934039780834055
577075631175893046557812003944
453344946438445227456965679269
572640173611564232737400228590
418783116777206231548746299526
1058683338008914778508584067797
1002999256577744051452739807047
279017819262459094345278575923
478671592186025095725444117853
827005391294952722125746093820
596572402436192319165074494821
1074313074904295698008671548731
533068953910933033049644638283
1184949345675263439746367453865
1242296840638558605957466615417
1107112626381643303032407608318
46305098692716192857380511801
972723321097490564376178379328
140020070279046067264309732523
250659033422681221715336759289
60249540840452366810289727341
47642944669656782045334715702
266247661692545955668679745250
796257111491381769517711019980
1107860644929078705129041569523
161286775794528827266727933975
1126068430946596976351215130
1146194943443837423252558944605
997718046680884402924355140261
465872368212204762498239438858
927418582761724204696409630133
1034972655258579792030039381244
1002236303249992982663419323195
192861109082509343467657725762
976498668054687870499457650355
181499895859052490784215991869
784524349073216427269592942971
708179702242699883942737790925
805430272671346752782337241255
742024099301484898109369141568
568678464403767255419327082060
796854111023909878227948950233
197285182375671280800616310359
1113677820179323033821793571678
299880282501311502870719879783
459206160975994253864389507143
336439781637037253937519709325
776480791741006562858074595126
1143328230226558790638181837868
1063888738749534136538985378910
727482233586920889694462524182
510977432165074518660114742803
98621176771928072768566292483
336384046681574303825233456570
833978078432770330735929687064
913325260175776661418459899518
66911352132320327701849175335
14614893555891872994735960045
318590305455949870099670583267
702093604283197719362004787621
840253665144024798376705886165
1091140448169585910939327178507
340896496743225084327564171813
