3600
~
60
~
2
~
831231120903634255
1040906469777699463
947043097816282358
27482334240349412
788460767264269301
1050781701531296489
111389751874010071
596466257885405184
123295438175208154
455753626064050727
988828021241362924
219035657909446857
425821343192274317
741958237308507953
113919540160906686
443884519934954120
855900462788528683
68465019196158217
64714925609382896
460648882265833518
820287247945461379
869119643772882413
456747965800520953
769645611202244726
1019264320750204951
665775234463087611
713568487204840482
67871878492205079
213157689303728412
571429756134197818
1053021984417779810
717534307763474763
1050139969975027078
554747520559057573
399396184733845449
1111833676161952544
248125686600962739
878646275177391771
454532650105586969
291932599035586273
548053133869585951
352249697392552423
450474783963851200
941090353132590395
179186452244905447
723028130800828525
964827473417152507
206540173167452794
563554378621758590
857135714581608763
370046815394518924
1093182754658262903
401862226524323847
634037780094943211
522334769394619418
623717798362694314
803032746316488051
204264391539340586
1084144354071170092
889472186219206284
