3600
~
40
~
2
~
840810683951
371246187522
123546768906
467685788010
1096672654267
992643438400
940916357141
990020257463
307414749101
150052128706
468554140176
400827175763
182143119999
721635763651
411928986751
493974562913
413467871915
438643887023
814046719885
792165384275
1060413882145
373946253222
365502460756
679745371437
230224204631
984984127193
934686879204
612620944092
900295641669
92554489561
183590443668
863282564172
852616544969
495035876259
743602990873
92389633046
1042390761438
699185957320
981346324123
651420420016
