3600
~
50
~
2
~
841475380858200
830280306026227
586563167256123
893651826825368
1106631759279706
816738259115526
154708308035032
233351770568527
310000521249306
396198274084536
1079506478475634
1089267812289176
847266903425567
1037916140090735
933852818380153
973002921867569
355583736195749
891965172244249
134737362613485
1066196126453974
239890738879809
406333125290409
889070857200387
726064507279654
23263895148944
319768818848978
474003433345115
456031371287670
1070822722225277
946796801773360
930127080022723
468706180944124
334717305264643
172948119532132
122902296615376
898179274609051
74707333457032
1056255722353041
801030971842221
136103873876561
900992588183219
565320057929854
287876445636985
830620969049641
919094140780126
472501662554866
165629532926166
217492792950571
528225605045085
844636915738601
