3600
~
70
~
2
~
35659397443978069281
999624107009775661695
751724379847817940494
408449498275632821766
216944435437623098447
1173902792942708369772
275628645342401454921
1172404895803669294503
324778988440009515261
349163562078973022420
963085227918911538992
791267392999834787986
37366217197062727619
1088445886695669282021
138941736249421078047
506944843296380248927
249350512026841371187
1128678683008762459907
1071578654518484579466
1081377409307833441605
180336571006913612659
643341154925311380836
860857908120555283376
1156378322229326800821
90067356298592156405
480377888415204367284
557439577525052154479
865816939705150900570
292094070396718245439
51406156273814541976
125385482278368512732
409273252821826327871
240121819081398334972
1097933203618071698303
1065923065938099416716
26393805542647963360
1115252737718826695961
720169627594169031679
749920708709546054223
952163436420990805307
283484791056748991734
621658212087011672217
886414154916206769073
1154302698191383657464
298225987252936252355
142566726668506160315
1054475312727287565740
1058514790454641795671
735648030240375341431
705043184285130294102
781895773964824510649
591342872576938329512
76538325957280068464
1068946309083227043890
843800155975831903359
879808761713128111274
67677965119105872789
422410055018409405659
652662703051513732763
598598742026098959719
1110782242030002818673
544252648101821598866
862259516981536954673
808008750718744664735
1017463565150898925004
400154922323498939577
1016222350351014970463
484258940843755981473
127652008963912667040
162200414924047865009
