3600
~
70
~
2
~
319863380248482406834
1025683765565142512530
280282606285976603896
1038666967662199252737
671358108209726788178
292487737336732829768
976232835601866092363
436232411380996920718
494514456250004176385
593632893319050061655
1083241075627733688884
240726046142992645265
178707920540719463315
882780580336995770697
587223639508090431468
737443540443888210671
717731054839675243085
438255388407310860297
596282828688861496151
700714401132904417195
342567454456641899047
995416046087080162360
1109457197442775398051
17081042884765901874
23502982783073139933
79054546456090016435
937144252353357750422
1158580841257303089998
191474503842611901282
582503522865941352119
830729083108699239329
564895761042334285051
307524003574767624817
211577071745126611825
620545748224554357990
720130940110064075673
140266274873407202153
1171650340603237176155
1144574542656695101944
385085706497324376974
773107330867313890105
272606012157046536378
769842939036446281089
747520337946625760308
242188089492803250995
463397662365658457256
1143418351440870892082
890178823488626898892
1133262504373013262733
991043008189978250120
781808168578014452268
440532168041961957662
1011993757943113369380
189772753200279376844
529001202999907058987
606882680405509410174
400562009382601239464
843850728053899753526
384511575105023657596
44225062513924006713
1000243602987662929504
830466227362784056173
407863524493515331950
521998553775729239479
478958250994787355380
264053246019334964889
373920911481481475544
823806221454192732760
495580008427310805911
1066529325266782953088
