3600
~
500
~
2
~
2795233628724184764248563667332835417596553203773053531782661304450611400240893882091863592962223457484776860279647209161765962394423626601017704317512
2624835359463947561565467978949279868443573006815375176491609708276565061523934742522409769663933567147922473322697837896120555994569792211192872315427
787549879505115078819221120411496043106199426139882051300892692469335016747310441867437861941536393255204785015388927998908237214036896413208641070800
1275862808136848025850124823291553213014078382548653553292906077344230660866307681840228550772642250738831058667360664553059028276278959526447326761414
3128974965229714687846163576649789338039374964019327689497370164654489288075765390690560802801454412941532182553860917827133126309402122579739878848849
164935103896714709617416030844888469553291044675535776157089821531502293838906774423704622215296970952325511335040171373956391713177604474961337673674
1177775718281914091640873473534180004952225019541728178405301494544415550118953634675055754572968558413206693096211819177384323550001969472440309637372
2624249552369554616547539179819359772005535667564143281273278943082559510210170932140654270053631552077598722572400345672580004147846660163368831047691
3020670244670446948404367402586668862025326672356518612820564553601204476037834022665135893360394639754857782069405141337473884519030719684789140853626
73649145588971405095249464068683326768412103967395180463462450031067510453421401120778074468091556633770938187773886329761649086743363620246236480950
3048282783781897874746925861493390820478631019073770590045986404224503849565124450451705629584926962729413884384728691931539265318936684117561178761731
1221680943862047321357806927719645777962490757069685030562444045913155859609609819992226565297002740616308905532248623431971580285168015418305476397790
3164840967645837139365164898119510136337515777939479166246953266562121475868106691206675720705738208457058816224373777051957066421278189354858237742105
1850956814317978120456474341289891235532785662053904386444088510713892956402537214214750117079588059512522167415000362479214712450637826306538940339092
2151154201696888202251518089595088949227382356381994989690978710920595797071048490416342494051369204707397973715111451374562347462077134575519588156901
121914371864882524604691219517692648835570042136924023967112869413844804772513342356696861121295123557630922962329480725470869316547973616391139826432
2184469236094778571088559271563304917831520724186756662621132974829389127592599171362936673845307109850475923521743416426661713280775129900959124528959
641707247073095396596847313162771292215100297687191661646157980337533349907028372958985292120051392917830908927919182811798307551611977201317566617259
3222863393559033860734568220353857862179069846306308607055814202553721380645793402170344389858249633837328171406334005491129778986501839821719268358583
1945583306898078593186842273661268073668926115122317973388986997384518384019432807800638075887105368451626016951877826545111819345333313318079839986492
121706069537978690719198135760098084358188021957089158219927436220498026787816523356860762488256148371049636550245407609007884519723662819698634695323
2850232407810601327857060749758246670073758030879552412954409069826276718503674262308573797199523082891095633105744295665993797837208360048416132044606
2145125576616264207524062054782775594687790503328292542102304912323195884016760700901738469932007583063621874107620143372241764713950763311924091095385
616457857976220476711301660769640380630450677002426286772122070076072143701802400581817245514712004460598199396739052982395488192143524657855134798857
1145638382291780142727411290287083628175611107115360433447463249640682838849211207761591603136408551359406673545543114349141555178843872278855909290670
2045390242315736839420934988872911294123968281651472028238566823799275179078396446379768189569549676307481908574200970398714023993267806340816195540579
1929913121353529020374273483936285468132059418860545823475021055727195290868369444357391601300044855586625829289795097604003792612100372707540912783181
803804841517324396785953439282354353426279265030385482451192662518515934429972233333737973175875251734137086347487496078884290744759467579653994006902
1266274837075369485963024602295156613380919930833376850748607727940783068935716316366980998093778185497429219020230396457520195994784523868898211545661
371101948383166356125430493255109271460520870526212374785104514521284842601923139862577438195270171280641724715890441721622488499904282459757221075350
2159580294172581010370264286096004667749881358751659190297303383585768088242715784014853192193981362334178682198694913778182810385128900602716276375267
128410232838823242849583053104141511831562590642127106309330878419306084608674598093582242370337221701524244673224216361378342567954061997652055351977
643885732384453379387323499779722163218435705414915687802138082851046534067795331416396619059173256821205197916422255874259047764102362025224019068773
3158633157216697060369802587340494368689888961348544364671659787647015880806206193717803749948192879592045121837189944848754439210616976845518964325590
1452692858416662098335835106409004887097292135920460191810598754029177240468880896207354989106144018586789408885493636831945347867564899895640415076518
1166434781401155128521554577603848232190373290425539544511194369581580887838762553994086852859103160220055756979036644392189976015456619200209029786710
1618046598548732271143022138823158363954033712926419731996263440369278931308079817112939080237488635379067100652487411756267687488890362875647788359095
3170026665610030855779744207365238968522241351444038131128924777902836267317891168065373020982072681860045217300334900883719769736735046659071232602614
551507498980463838127459080247176223742814408602211734630501858598900190552001804821576107580274084414224596735702193840022145519696823798892768246203
1063876842480692883185085758800454624773456955031037041307458252191637956001863130524413561401276155298112126449894951428088521259213044529990616257284
79858935111608524037715556206448439619721206096351459226344327477172697368572087836755546061349602367104144800967367383903441110471133406643222674848
2294164628351041284662344643997612382301337284560327083931016855083594655901875869322277742335467680862167901268123558388186452099037226838515738470326
1105075053172270937648910272636054632520462488441116294289518885817863294597620359909220130782324342404409736344042129305688793605705510522205008506218
240975374063697614906409616962805683435557455996659132883528050301739091563482658580960516455931490108613421004787446337614348992367976587635612825797
37634588448286507552737134090245236823020741028540234000673693070335718445302878338281502291470236088394586840641828312067232496959291192904611520875
1015185128785529775214933332521223210674817621985638252933326094242156260134908131839264727606843651780483248586786640714068670747191711089925634462760
1732694816749751780243122243699076939973328522679444120711303699609791833493170729143556655706158786729632763369897129131265326433496904370185031229149
2047630603102307239405293305483919784548930707349075783006374433884745112970278607598548606924468692060523754167173745066892088461445330366585431257231
88663368955066200484805300793101100962370990595327312805776253985758291262092710374390167177177696427572974891606660228135888835258066729424821121514
3089214157945606475932562939466161746603499184085627088149992731836620489096954594796304593685487817574345998115120387362194588016781501895934705962200
510599857379537608047069730321744376717472023787845847483065234916810169276095288563902937944395781213007033299424274119928052076561555373677157026308
787281577640871682376093173021198213418327053185929086816141286717657987001683931809120996117158388647090049769929216103706156374526296282300395395843
2558572368700490614475330672279083726895216747852535079343303598905403448245984388674677576304352734014237448226850800215184574879026822369737003486568
2406530753650963169647236696293146775880770494897461284833325047426686490893764373955046306607898426554552841946677737648771959928814654959953131532877
3163432205588192771576540160246092403583806611755581972658048327778544546199180860637583904496836918526857355891271551901756681348253758095364001199893
1753617087199876888069896156459456061490807996643173794729109230453152313154033838289646017550036815723900944738475600757020707810258175577303348642149
513763465348803329226638511264126644087732735713652500283131072459207137108767804179471440689098401575709878282609316848598191639264165561137519502481
357569306497001191654126531063920004198220276949140584649420581822170802871091549085086943177065156985964178191837421388720875003726042823564195070285
2469013160467967873295800374378368926392932071075668556292032588699066662824192878915987743986765173597458382051802104036973689048026767562601619277862
522554209151451524171707709569299474710136083188520244737762056266482188598071735415170078850009267337620559526775120860666548151557157014341979286332
1673913946707456703523078900910945196587461612476663632274870321591074067730367291628321242867887321617652317767687044608388736156190482456073476506476
1705650264288735615100388207399447540769085295127446422025150215644117542929401902746864706843728380156996060170176934509528447281828502159481527302292
1310491466715776334614246483551554767516944771165689413099952434167478273850767901830581289074384156976185351792894997606445216426464333566733498593968
1473796134424173367286846694326573047603869779000118839633992012306997793932128534126567787593429921416361490259365160472597390379167397859511266894425
2019598601284325054633003843494162492619975543918653175314931287401436555996764194010410795485534938559176376626157131428757500788605092950202968757449
1564981759965934945518032327614531994906860660692232558026570349465786994560989449430611234065873224785319217400157711972331264556112780872685057242948
2385335411052935584955103070087520756097769488171004864867033813751250609337424030709872083800363638589412294742662906204229439893712298669706574780674
3243998094609512196306549157187718457974391606040197422135798675283333664278366554747369356809392190229438666540309143468845659287286260678990303998156
865421184656927426536930166911166058850979427594180987692912998657055904101130988720082413121052612320063111809780961204930474097471397812732773138458
451580681367186699685246155919448120428778908461085138595735602450313909493050987353054234146107808055616700167650515292805219055126091307211304629973
1000685404328401390848033384856423703549686056503184710774637154014146491019241486432451215979595912087159631577109712373130134594943726576175489023719
850361510082752839487104781905171304655129055495705014646247075208482806797323135857612717924579469635221334711860928573182962514863571755095299708448
1038539555603323554018258890205314578386143178996073325533593742519409902916415665630843540808006832773694240416864235233399674115307524941753784425208
2249840580994679495126621542586170039669089392128855783660491816982137574631010663842339612537359368759155092029356343847100294919894824504798120227726
2491649291054612680500342968185619138628293056453560381770148275005805514302388338217151038743558103560209471862964571983705496894658851377905146442783
889661061984334474992425338212341976165181705860759802836091559824363305254376399513402777099673474083835983347082879491366506989486626898016185642588
1072367862412817358590710216647429086148066675023686339771052988234380287086854601341667320188087872275901872345822076730684520173736050339782623746293
1904292546365626940254035187685342059142241938870740999177935998822022072007839080960958998609678112060958820416789339388666851704329886993008533891664
1660508355787130697230681143714957572946803682127804510771538451488890911027333803221014255887813387817356300801802179946949941286077029555799422857166
443716014146343436622474972489380672324961740433880806252207540178367571468846981034069301548340566955483712348349841355092845650723001679363801576813
2402414079202584210315190145235331924850949752498369372330400923500856088261039649422751196745795669033804392680707034352290347092926117805109019670119
3101317152515913303733903393894066506109316590733144051128370935019651985541970448711862197161378880692697163330728238970878215209777207008078512741700
1409788472471748862218781202166633557053891427404723682135414593284061410962112962054750241103270296087846320793725565869266496188459160013830736887136
2939990908782823368661439848655960251559529761592269245546835876515062632112620987854860756561848005216369403311988977741552473819954649906169004393915
453928194609701234238240080962615313505926866862914697791553783323371284832714968565917628162114963142389998422792118988339436167624012391437780607492
244723831371588678578950986522888661983495664030986630516783097401265289306409961097927037764625395074855895057853119627620027983207919714886098755418
2899159813106733947676957116564375378103076489067763725045244101405232068401854375982739341572458258726311115629989740206165370635725990683838956491979
2703336048751749308152084163183505191423878053839212336457242830214587298539010580394077076373640516442488470715694506975858250028658736220030523954013
2372961068727544236146025742273534030474872490184248966435253317381671322816006167132625955421985147348853976026724383765321424754530959075512650073757
193075919602352136244511215400403102173629440719698362965509518372629288105051075957501645566856001772478369077490016954886168065700995910055388521473
1148520112223090465447447201111364775643821600000343345871491652112997192496082466556468408373740597062349716533656830192343263409197247460484039482519
695265284248820206248924131645423413627943486252484194126138687897418882474439062707143031433451883146426201918815644065713338138904466438697027715555
788556026404746923734796361995606066845965543796717323787413856341554268556875720921716928923405932813012392170380162977673275225646479571977721735735
782275800633049465740352107615634527503303987063696293565972832986788668172876290359600377825972820005826645448809957438392028176350842220244860564416
67621559629280776017850727360357161164835498786053027466411530790353935256920065413818348312477346076917402814920305402713864645106947859685593323480
128534964588561630726392203942016322779935758494233419237129969461207604917576916707011385063999218022267736692264504864902265041049210827746399096632
2513280328005786219260606528047771020929201333931571958638198866060634601832538750732496468423372086607103763501410991096734627976699357917092632227398
3001596794753969403230224050555321203667183022567151239928963426706158256307564109058335792716918826454928571849440291601067748979871156957315914841950
95287556954056962188381908739894451307434906946326049737425580121567739175978254194004560334411114228251651927864136357804535636821702284624588985088
2987255123679244764563836442774565190698524375897648572067548734981122142486234278830286457121525111636526551140648987432424174871642718085073927665778
719563952935007893496774790761695351401622710511556324079752510587295706086972428964803687535161675054872032911144831577003809808283554156165574799742
2564948697771346599337891682803665735286979860023658217241431000866914461892260024415036992901363109643069215870330991525277290486191908598914613152433
3249260119807005891049739251284562501573140616659066182062180352812767656063009204884725746582971783795844984039177015824723061294059281780706752053017
3104016930106430362271583651731285422869953045189339740077601384444594659342691177277335295785708189970603134284529134822636949860300881409402884747278
1085832232495896534417793376565798585159621529543499976646436075655467029537284968338489051787455617997986030144086200745592895752243907468279690631880
2357449707015490498429405244371791799054528121742356853290856871566904370980904107949998317555160454543502600507188243199113927465375272679011546006335
725688859598367502080648079375288937351519594140127353679669753481698929585834119592142886879898116096103590682970105674799870065646580755943712486182
1196976201439347184447453652612686753471055183891131991061442732779436066865153949946420078158710621031736633479803212943932876143943052674465392505025
3107452859542253575736121935953557347285420575725819229667072607739132486892398663442792532138981345812845788838737992008029275810434782400795520844418
1925069542111101523349650844906708570809972046916296401266485539175130618154222407571340845791874153328166652001952464289138876105031185503553686295685
2336256855426049509940074856471981382810401238069665661582578260194847471986396335414744493247872747753126906931715123015213368123749881731965517063889
1201539855506934995256877406371073222090355144981655180127656687086394591747102799993774356223568581828743200511506759710236771232233043352746577132749
648297675726328465881901524946149691724703675146148922101856651853225757370099029556362927854291449164471987942205446554518851067044678483719943248377
228399791389367403913546491390762362810727980869713907016226497944585128000789363273120978389330622290858403042507332583844912943306268033701671525627
1278243034760214047413482185923757583650462349459390619742355622909521989070115752867501188690221151472481526860731618609649573345388405179496423356736
460538194999082023901392531638781403320131085289888671771195638714294070132022729708260671906262726475208078781289047640922944750545289022353420407621
1323961821121694065077786088099172489931806189219647916299032027320550240836796497736765473088907415050153480265765561116941598251740682463408989365284
2900178625749543042391848477308833131162642935261440128498892389116428465251569538482627758559940920296450317215484199380093351041180038246049321284652
1133014824861656430599913755140547720302258472941410707189819649457811573379328124802054208873281177162277402223895301018118912175874373555571049403933
911772741150793393248074700020533769117031558314015981420411550771303764346089383287083295114423061124383578599901649732470948074845696030008941382454
1833509081407818094653103422000473950873371082356407811648809259208797804131657087683426242793580756521328479583529699799214441396553907642518156899647
868157903732041451885602529192213582614174869619720290388656542231719591355002790139266904862686170699208521059245457919816504642910084055210505762490
973363505908198145112375493551430522151624371165694175525927369930442098503979715028809381079620724783819118265438254888987835808526460208899876359215
2250026164973604040989310946611409437692410645928598750814352413015323763565786603522163720657247220293981918248266047931469683653909085824321325139790
985450675497119834694355151866503804128369917243590177950670345116371103832034833808672428376184005647220243861281919353215800879059615810179527422929
689204373482071389887462561119824001054850518684939708857988158281226154288005853548216595101043848597487433684399441667942762252597085977192634001356
2395291848930303863009466202103343198964107293127355812597677263299831277437270686360128279943406849460912744893256233884302566669161353005219412486833
290302147486678678553415938271323631904359786866658345566932353822056757984242351161706960696983779102257152056815433756891414929442517305882172418262
335181519635555437331353192565526077691053522708943723529333008167545420297370683600738985312580785162094609450931295027985490092992522699297655816273
747597945887616641837925174978328780405048632742707744974872254325054619721943401010103471960910768820480070871068129912158493428713180580137470691968
1210174777315610916711320359230423374864031833638947852799681427801654559962249419811322659216925276654397817388481177809257233947582178211055254670838
2057525670459021164405118754711052837878425740623173336599697588754027897429748551923659069859478074630320070883291397623277619782137808936245769327712
1692066888385441692533818968501800728362893131831483296276695301137090001668393083892915667926056363793526703198928354547879456131622307324936578591516
1139301042656836640964874497570063075701614470093136738315037647688885265101158645514150165570649038237434328372452234738916644848485692933887616113209
600099533579271773693109953877684504094353251022079238701533918294582268468186990460661230435054382808960928294064397574976796736765367155862977978828
1488550098080300344546957982151333372993243338932958498542893274325726335553935210909754766500403145537394974332957298702892156005005717932604586111997
1165146823428385845759733136716348281416331871931946008181545732348811730314728452702444931083585394220880660116886082815432341707746854025466569185597
542274573721824680488881188192239111961409198705968784810193226784043699748650642731683909293391225382672106083320170836678385538325510362246584025986
2931828119109271959352863191124769658971009762836450992925578076309614131085445771665122840257399920983228627001184220339366145143702155217857509029125
2550252539201476207128310596843476392656860580360723913869721585339864765951336804790519863661562830434996087774881906244202660551578538588821027534446
1211295390179769277631544857710472067880438917582756735436627268465587341568761392286023249910610101903940465398340711060816083635581042851130524907191
1914040899084857778186198002419384389978439064767675571627144870703824768080302641462202138421465002681926780578477043340251088944345736069094067152776
1620992026391656537037809315301257157720119261977863182481408546393648912513017077068243328787433220251111912676363750987663259137854928447728462340758
343527954634268999671916250051715387778829542193732022848542805452989208198314518921577561714232299646202593532267627918380007766995585051033514904697
2759600424537141362801777187569013626855713095000178756437315043591518249266618365256244363066557426811227497086168373033951975944568797119789523188909
95347636290219399823156381877017892320322238699521242220050983423908417939006882668421393722179631311129743806130901373573402985136349158886658905916
3219999902267176018175376287617625403643077526446402647126003983718514863893927629509294332976189601975654985226097461219455656752995919661222698730751
1792406960692853709863581734261459196785574392147820302965252479369247958024532180205345394356507248685376707737818426689397457347049943047999795602155
454178906396047919135862625623760257139155721118811721139083194130074777462732378452815959638998715406145190400250411225090685297807642841255641449843
453460444510465206453955601582646341697256484866876020439230178780434164069467187106491865557586773124113261433949525230139704723897601033653506151899
166731334039605000321390002934735003528691067413931664759070456712438257142109835807752586912683729382286716506443762976766232026272829822425976721498
2256121052646825237751206391884713702362423392592034535795639589813824871218665472555967711039549376434746014202172048662297614247509617416628958001777
38427353181288126065281331860174297214653002558425871461115610116288673906209850911661324934496755906765903372720800419124839938497207741304238722734
944844107151278324350674108173618649539287156055041572914881287397964116937824952346674800468384427158947208769125321969087423354563196184720524118455
2589383842491550124575410915917817877690436463654159439614932705904531134924142735947908064572393322615473825401518581086275074172517847630070751163720
1058223926799162975163263505221732572980211058714961385504063431879975368062069719282985828269659935796038679323554633295261331850118503547834225865238
2600797045405879296186394283079495206907538395450894314774758028010470196414882777700761339203170825414494860181873593294162990734365578399644105149753
481512103439301564909833572065014296274905224900742724919310089962259326597591469315063196529083754353325674351709136596916836359917766420801751791351
1010062149014314649250243792842390650606989689836869785251254685346648739302917081958849336111404451720575374497480731667811536022277790366906017082242
2709082173308047107469511727218854054357810975995922992587559709940390116179700171270285828457574236297934288685957038635108736851692402304299680866176
1233492558509867341931167690073276778923216490859203787519803157771168387878302578698038143708504737363401058427736027366894098430536066254662910231283
1388806269421946128280275313653800955313861374482670780244828795577560832761545970558882956423798307938423409127123951441437993517930498480937819393147
1944610444190914416882190335303267400912509937650620531551930383615956753857054001560075317048872890386633732545564961363500515590247882586848701357542
2398753574650191697530280600822940022510748266299594320821695225488754132911214726954219421635270792374410164994367527073012025849626048837242836836941
2581216124112107276476445089398003268124895168082468253018680608953034786459588783736859527547076239354461393464754192497166109752351843852586963578319
1461684254017707495690214177252976646813770618022197705162609497428551170124980522124229983699068634006288191371248430016885607585402945395401905088798
593835339589860739520864078682379893634250200293565076886548826254768059359014197847722471194560959037574966178020872091267950661824663268752160159417
1123413054256467200796366903602279222136233296068221955721674029867546377934998275216231697873822742840684646089621341973854720715444331541635818564474
101709009804144874925081805094825730526867375171812118206947751705216154273617797152664637669909931984832201774923745778678912406899788848119378064427
374363206978776190827192381512929243286826567834640420086221713254089019124420265537619753295109264425780046428007738324151648040601594763362518177774
1595423085692502697526122103186565400264247893029068811930006933233739773379608949893443582745727630674660468996825230852332237490721255867698370472374
2161890358573830393644940357796286125474599029243255417345082517098807511777053054852707929110371285982005439539791784830938708193915481453839053048987
1443015931879404971662911474794817609656952699085304799867238514731197870349402807758296004275513569918943819684205241747351049461564774430814096965477
744711861834455985864722287915427527611210555903390409360844242647152556051099386318382495875469870461119575601034888585928629628254241007405973822216
2669052102392985715038701212163722837551015818363276205487488144172149438912495974477480636091724166809871854563029414754934436022527941826939567953031
2567143438977489920084635616591387825048219787684217201532769078585317600737626624081989541022996880164341822157060981513639974988603303440787252424522
1765639472278355251597294946676982300205042620975667118891226524405442804633343247090067033652672392744236539776725247411105831350496433754557908601575
1230781516952394509346016523966779495251611837557812290220970915370776881461027331687313587660318769809115468188468420980597900755133036937439168968112
76377004748125861175652442617081423568828547889997783888775585382211705028576752978204236768259957904234233437842069544773549797653183083367353490214
144588759226819942827830491550767840460375635948298178954293168868006071961175467458859456341214641746072025127298515357559139647266420049565643185982
332589394783268249992167515684660234875873654346056456609040451022813218899034293459090419257920259112988588843717414838612415705259459207594377846329
3166210364011691262137843008444579165301561991957592553575453832304827636665912075761746940583160839418959049123289924034501435984864107420928349700015
1049420442307683513773059065073518995647105583621629948501065765411197542334422254790893803610702584330988584709791908481937109564831572633832413189647
667275732191748724644963575506952195498891717775617039507071295229159636747492553230705186055364199580010034416871494224161744763445719280819211815257
2679326296512586480797373683381586647675278475976245953693712691958157137656659228437316059846532989335764920915129262120973630235514139212547960470658
2982833820089934468579447754405126535418975519843809072184657897737410027096483762597145946226587592076424767846056621188907427644081991707885591302652
1965533283892307290976485186783353156459128953230545551298709733657388063197817941630174262291340591690771757022539608138428861696209404644246275858662
1964632891301052942461387904938013404292859193411263646845598496088206731717554022564029171020720436019409021990545354519204060460021109357262869368694
20067630586360579135516631301671204761120932870113829499516767937348865760903584519674077168909014240720653571728389660988378260793049664573227244574
331945453912909244238246505291576715662951819459186128170034984479994814033088545706370444703749881392644696608249260823769843504273228553176683972966
2630881308321530602469189920909277493918160935776360177761627226258888186064118702672436224304284822839835751312545360271511948754811969853322803208125
34343222139297959193680887708870576945079588812025874404484479925992535902006483023714421984845833239042205329516042608207183701730070576319657594594
1669731717467619765645503205384627123496213634374313743516781787793626706800098085632214012083789626928271584173542116747971627272031187964578306807606
595985447177539253648387729436633544633516539975950278011451029338073638157851307623570882117519010340063667835017416764653367877226711883673798486972
3167600992370105354557432250014287746222049902157556426291851816592300349518142160261433134874132998609048881266515560781028028537083314431615693405000
1241210236377997109688843644640363438635258369078305471643780383175104967480311905888466756782885833967671589374939667377410835611708565601844261419954
2359773860061417927917485577718320252201983570538168171504825768710810839590661969012034905846908878341025915289643280684407103173641151382362299717817
1746987678487551384254910440590550495770070773411090066772405477442208555182623368211280742358760919172723880328241557821380510233328385552079151387560
2918448217676933154867190809069088103744429867665131485662246211738368981717574509831427547681511434749447138947258091298452861275708355844198845452467
322486670806217579616441658197704659100391153857376351145883658963419238469191303495150955040985414247425347077796147050962611970078364554220419604820
3049279758089843458934728853549682277802563819441085802613743218620745267825024510525991404872624371773209246978393054153327172207376480297202006249236
2113604666050628797621552507693543184020394925039186454953989703115225792992606384100785981447781221040560112845929770683305872438167129923945448884506
2882669846851560145746437285820108025133155829598882509469792634093924384988337139177019145442883392036065411904674242541914544413633804851361060341470
1360534623667348820826820514649608653805729469977635060231810928974562793621898637824797944543089769423720075281783392196360429334441858470998223977624
2784074714614746653944380560672271612053964504256921480787844009631498008681098888703821641865485811018305624775387550346555636435288455330807383832337
3117083599735315136207535749391599634104673160115840450619442629233518970553068925129289615321401980979664300785710032925397788966466539723836971246435
575764444381299033167179157946074815040846792024985589193693880386318799135715875805081187552793146914319692800910144209342280147217713026974077813304
2559479301008823207432391311131557612280137102824405380457303077652332009766672504225359459272079168579547884492149740114432418392172389360039422415042
1245200880818124588970569627007895165006737569872141154109297136138290044209853121897012111270036430591158789009170965417184941558655094986198521038499
1049204341834225491995255783536617738789230494394507238247537073023552367717195052644231802223770751947230176086310092814909281443376478115235287604302
514279264076214873432485941750400676596816056160654797355310173287523865125121096239980928617746029524981880807641540727244955011278980709039422899972
1208370516486500410547331887092229807306767125463707006445998113129937687203242146854597150810331075210371988707566323955256642196241578517124083584033
1080857495622492723782223055390773483449110753698049948544705510761907352081698252184904181703438937485881026044219518324705390570092690499441982041524
157090257181165325506277531809513519940836432355261349317476980477682289031418991546140080325139072748488037566238296911945527687879682777311520692451
2382846864284922964545794287757260320983169583907967580162288213379518156836892982256885576286828713670418286318606601501703307547451429937927049003062
2328814249275693086853157846266476308371562879007766660881524007826140414095314661039064084566590428339737425559549021439703449413878217738331737145526
1774707166255626097432367058746967504691935380288049350094283157238612559623045745799207789557988589727615932326360055745745242219778991512668158424263
1075030915765830516114511250061832278806857901893689383700859377876752525051613335393146949385066123978740948042538463090625831050474187944711561275013
936970933987705144797708726175397358226990387354698201369239187487859298343300948860345248933960775036932116714524277438918651414993225853684659325796
98744453972599220769025278154164267313573130558261301560532021372636588343235985349118955043037287193239367818614357443758521712885860392583525058937
1781347117863079666137380506506681373919618284382913501671965456177366276704851957888527048979595391443061756151143144827224070413744144069581010513211
3097994003832494171320846113792537393742512274066812046423529715132711046079863076436423533280616962597069576522395737292020648304247861947940654825855
1318338108765447919162732474743393818370748453631536271901098641842638469666289164620378108286035753400484010331784321415829917999791603486123980681798
1540684354358173487006301040679011569213235384399436202264615276477201647773798604317449482940832001079394930667574738072744894197916899833875832025072
2688742378267885520140374100865624724635010316891985832383187225907511711339995842024336538853689494862530830492132632071807120257580327833776879059748
378264810603523471190172675192921387456438018686894523300780712589758616823175403113503641249351250131438289295708601290877114666758240785659693098060
2512939142361069941081226557106178955448371137466974999786883277009728280051551515684481041872800472409135947531175425616470527288580983170862306939624
3088551121882990571582271226603574368741732695109009577131627356388801660203762497620125162020322402790291178722835528971952133408109516866881745152989
1043145473081754396163567053054092756312487343332812199486215507302065753936639607182069625275953756236220714163066015575357487485470282286609152626981
3068728757003357011099951009283790312918184942370317811707595550290789756385987435288335149765635813001087417075775334329914532805638535007516325508205
1938943716473885231482371158443833104606041810104675498442250795607044351579636563642983728284395456498725102482836382597884988143650043114601663220842
3257395200751605224868211846292390810501396989605862128627038975477366952438401961076587455909036960520835971030298197565302529326713164648956375566307
1718896175993818462247972520218042723031010090119248460575244510131485291480178582780013016536817522509165821828412685917433228625652614804162350061277
629260842184464073322658682777657263488743921062733469612129406254850467771250262325382362966933562267320649968497287587297256507409360905267422717241
2211056490133816953015012623435648631939953019579212482499029922745547731294482181910009708039265542251770250969366585003740727427775374795216632211217
1292848141683763999621990113343109706451039040034106434017596142501993695781631283530003765543896552505241951615679267766576631319655048537263369321743
3023308696084366265031098787730441718429667646515162552761057236713592246957075227910792496295977702494636570387468494912898120556158897201974704535932
369841186265500545672305145508591173493175842442003783657041774637183487550736557195806721815565073230255342036387211184625913760655730875057680686896
2419254875308974866719276756491875679873790560367391540067291695233388398248192386461315632389589211722248624764334901702166528691561357586609002330075
1232758720378100772332740130730299054858666741781068274335541259273663133490969960410191285809611074966853849528502552503310504617771448413670088977137
2257524158405807848694122723689527069717189643859529255324881883940089557142903002810977500216353484126519123942213311666704740287922885714977208466624
1775630617884069096495167457222932893233583757712091089193949815896835800801536974662106344476469889785463597533140128654908223781660163784044226558757
2059444668347137637491243963394620080808183197290422391393922685257987808501627728875513846977067580906700340447858686664068406053828957948305315567555
304536498368177217762393766544913222395136326679153835706189464465423888512453049269868874679992699440979204843807840158864304965353344951454140816008
2590987320643457401541725571785517129054606336197902888613499680889744791416324286172948498811974080140844233848229869193179260631018694490956614189967
1993309428457712319311906784986119262924645886178343273274722689183624939704491858516492439966061063750624596772508430182253568894441644384039964397500
3135598132803545137907605359663419200018668162097142474268333810534225800978146895308031786815942315609571923143259973375761514509186622971374677736050
2526286813647242063593465324833622206117898680794247768199862774412739198404572271143465016742420597659738005418578196789929333307697470253484237881208
2628774810092445146236885492261808480806820231189647928090059881347511779673562199374822371498393762787067086357977410138942331280570824804320625779784
1014466646036449449466539732344046722363574731427241618539357428055384321487861945985376518792967153603676993319036288076554253262495781305563750951351
1656982067182335550328920048719392208975632437421229839906875209252841881486810001602881509264670405427583705151886436195810695247625186646259931699958
1785002866520002704885893484819460872038983309922707817900750292260901332048605563051564395724590212509032284565905872947333320315326337569276345381532
1607590533476205469516823491045702084971504690741126760583464874488861063871889841391504511596402249445950916119851380402607093851760640769354692380870
1182247685444009127334121490388970337410979921396105969351694230645807995077304632545873739956665081472379959041271360773421757400707113257140543741391
2230289508877971023338092868959488176039537617961208359368386581952710782905618849388511556717612520914451545372395375488559818818583281274607670772365
2604016095381600286337753830344283966096805524705709309386953631533836405623462284146638513440985125289021193074790755651882292987196164665968213908030
1106737242477557131006856410747883613636630244872474172413593500612749424574033761087995615996018967105299562915409940034121797972664353525977377946509
894208150441371268762121572612897685281658134468222901519230879272727562571318920601070877540677910348770527701363468995319454483863631743736570057359
2080096547140039554536996516703364112830966362609505059418232942946848314179004502072928457342167539597250846332740424777549961931997506266048423376290
3197642096045679530827639515467104934709219861240626286212779007685605161966413740661232808347966350675969148076210227091213023481586889234912872798821
1078479556076810599003407612904399909695397071195877358437894632388734774434397295386681403501338267175159939151263730226113364663204342208653150876427
2708160181465570506800079541880608461187235097134222996528020917087798338066522256763295983887800505162571678706332707515158570769426685490673558639951
413307456812691665045648165913430594685594892871229657301286100165721294590524590623586956924856153857063511121625849160991922827501978374192288191677
2856349246711355992130782485416540406651755223800369291475911635874035404294901362727386321792551736238239320608095496976103527373627969440069926453907
910461778157731074821423276169756857965153908504366314862990464094513570345375049940778922232536340047996299248296921632649533509193173704241084952761
1320982828869300980850866471499863029506671117712793998210563332475815066305234425544005763510603411235127583301659241565253604841733560769795632117334
2760042200129417585927876312652308467232654605990145293627333789875575247355702730130245572392891696055151712867851770833018515004571969717344865063083
2203498499281213079445652190104805075898381045453307035553766757766678597136754643806363811086971122109533653099605411943281036985897539491282154308361
2277819657503602025515889502659290563056133191705073751612207103020565134327022139880282847770555687252376147599544543120249516217577300283009708744753
1348024597209565693410967926169419068918898228215770599727248555676191446127986519898772290254651071407018437567912560976077556783505151642398995794429
2272319704562194522321772219244689537158571057793064058175362862642987564939393590378635557817676622500411946763935325543223672418258235490144737253799
2935446969112297701075097343434320020257734730460964195651916213575647872869543850929934529373175507408538845934105041301039073096015853493284781141869
2740665803796311207207173279868982393077429303232869399379488448279143200412245450086564141864089742761448328879227775206919313222973557050686799870710
2601338322535706876510444939868272285474366393564958692073273251372754562734488152057714773149008600134071766831970662325573002732159525013293152689432
2108903741913608264734867215094090415192024372013386684467968856920270123522335273883145971595838198014657357450484765745470547072303730288014690611253
82353393007490636836763766777166225989988468289570808960762103377973493398115233649275141765084130975784929585783964360517847643821334557494478891301
1949175298229320278828791078433959225659680958533667717004122483339107189552872134571877875136003421022800849507010288032267389357641015526460998422204
14538900098949646461432087217926505101777712669765210195934955716377440278653945144804590210635900924605121134766707653681000002957773620516399253176
2441633263113399324631546126103918095402627766468983762209097456160164395821169080362767313996653652641603706969541865197818226816563500962749924582884
2707077202330580183807674391482318817745208143731742271713841102996813266307216059833142114792322855540089812901862226627983302406517309346869748221647
2896817836906175566573543214014184440508858469682124803810327326705010286035197922507616222687252830526546247157126382073658397525916320642448840563386
2046476902191632392766226675646006017532100611981351138129200414124961589583545781368988964989542973762511889695985371508588885778843536441195244768717
3041305441273529728463234992774852784078425603010191106125468570936029318405109241407726345497140926575981351505434708151496262077592299136104042456108
761849809349652935565427349975332395872819302498799987721166747720126968746404729521388049614185329031738896261316747974509626688932315891623558788811
41171980743037954868615629375969233313304537928768256855140141745532185959018893396889008220381478183554036138134020859093781567961700768093204923010
1733601706964573645940088792780094149675477372893098464924547671506977717111021586659578712517519134366665215838232426830766219816641495998155354747893
1141104446016851206331008600645475717845818513062157491522564808650197392913419096750724588390438221786181557593831103424160654145642396018587782809021
3164357773897440568343081593011079608116832549561969866786486917559630265515390346013059874213245278860541445259755617636366991173660497176302922025937
1744204245985072379516065867599963374027911067346775692124180081708049065668017740882630302969755469205445252715035665225795940788390645188799181298508
1065959845126230189779970902870445155552929599121416091719121740943345079465786357068040353167358998411213414547507824472389372845403903380792298721104
577769830482304200573663670767667246257508759711258030407364927987829541261721018213138507375735016167689121725266886768600329576477159878928475759552
790094690003743906433040585520296573408769822074176667759548603923888072129494334939547553512013687741837865617567948816801798627721270568008896593891
1129916758053737691733033106024455980594375244748012022053303458824353858660498733030571472464428909356739673358527174495930853145994639029750492246955
1069110464909545548110381341383441181808938953978758859517074401633289835102990041854857182344301566634275760816804026361232784798711768750794687720822
1698822190505810683345604614754603610580058478775375116975278814888401515523809047573997054445844330903790911335315796542087442602209967185287130054432
356784198096702774465447544647724141331048144302326459897340294567652552588254934900274485629841121988188759472495714570172714411023189706302418420640
1228749122687019850844848475588978459205628524226571923091599908147917242453495560308613654315883731046421868248520938852480590102589820884062422542024
2633356810616846346681095467981973219935067151196867790687254392097286370608559182387753394979002325682219929713284790643871905448220465586760866289876
1231670394707928981834987410405953149941678670747274608550146875948367784812530088839176687297779042474402944009295431811371904065965664625883068294010
1430613544570921440528674346167941299759530131873593910561061158343235152688886603765054295543903706656911839334276119867783857567479485250372845105532
2967173905364290761418823014806472812940285973813882430362874629043113557689335977112736739620013209579973465769839032737220816530071728731806406575786
3193037778047597613577408433875570043326005741316224517661029382805947931484020654281241894286950937315300654344052390953249110249766699934541339109764
1941263863305021402875857298523440664540601750701387726284673344471867709393825559432506882340810755164873207589527473033072666547081253090628232232691
629773500947400505684426488971170315478655102663107514706079977626063130778932157428990472310558081744409111922295261956829558997596819006547711260735
779292101040128233671956067835006597968348969118752072898186242704419731139360408262668923270565850521982755972785720566404129142432504095267535561742
2823367296684756798602901589352184684382431323012042693245193450088537223543942180523520701159169311658646367339497627958110801960274720911184065511949
708210742374470423718872894725385569363235290707770298497674302877500098530427670249322651219213110302121609148518358746668702696396023544914588684623
1400432545354913910684498732651290793318532520658736964397620823408931747494608397957352512665812039969824136790543874113466648991194123046975320873188
1945830699557182910272406450600141583399599632198183962075223696620635723869433414249554521067773196398873992782828821699943879237349622085454892883379
1776580332062624055809533961608691212299486873714008538844113414396643877176442728485777478662236017613840684413705995267646766424541390721848732685584
2576501567811616048895869629976761382884648333232497083135949702120332634078067529804453874442680763212703803279605368351893160290406161560417383892533
999972161043523964304324859276844191723009670773246090955609118816429748082239204128089782941065363678040331648759073479369395891930932365673931505197
1134422489060215888265759647580367809873029506949711647702263841555684852665397568884107979922492190752728111281621882656148937688820684673017267604516
1662969768801016138925546605758763882398589026003032367094263724239043385914327985228500968864257077065415553826169209418093063549984682182605621526113
1803212400588607273948959463716281835578100837910998110432212415119960612568599196583806844592132255390069245683393785356883335416157152121525984024847
812525754574275215498442444879126012470877804329611534478557831088458741911595743044147015294045910634596131107490328763525567522801985398780555466547
2884937592020668007708422738192191538154490699537127436839924404105703030874679810806400540125194089557954638240329474529535306488263982697413667178382
713013375921048244666527126759348249146171379194163871219824166675641147203870376642725426744956610977609356140280396729562323581090649122756557994319
860245491407690813801106334295588371046914302624657751434446888105066655220612467171626116943546493241809294954494129914564056770285690362306238925514
1291474901412497208235835732110697911973351985147885234261587058869315393574245104670598979583661898992508197516860372939580426887425208459592559775489
2501843600254009762690947104256092549614207232796525315226531334689083762607751800104876025539270471393619946523008373701360951170205064550686402890034
2498007619457174498962118293585234850702428885845429849468195640046092220896169741646128063378279280277285708904706252152388876576611591112485073812928
3205062322095201298491049559257725563083444446882018965051948592986276095764226500750141369050716829082759987931641849163946102152684251137913688987530
208652435155086157736701258078554216980404270081644828287132172953400241054261968126074532187935810817441405704349747937193032759506050540644353537118
2050506674406438143286937006897685453816484775800209541397028563442681441230950071697702341266097818449195633788521733760832170527472176967919056131608
1218120591571723931952191218066001224350767814849363399285624762099087223581780103307840586397614467975528775506084386149136634453853177035531907740424
2827512304879728096808033400082182275347695490916075243490778952456753334638537073444572341590136758665826371673992923800634313109643433718503845176317
108053637893109989943781142149358685951983373766475464236973652738487897299838100684691790436647504909419530617253201143017988775769045724477609476799
3176799668005736538144981653101970676810041661042068271518216243373600406780182201772376417884503365047056473315183784599172302378619585778074530712519
2345870511693120494508495425774577795792760598689962710311869681693110596966284503321270698003277581297029658245680275704795518107214613003201785474315
101943974263026722850623660314193487632477328641057866722708384124535486140879870621330219451718199946987437926346160274383604925969650964106178840498
392506801119973434437612411020632052182349792108594438483717168565270889611729094147614952719784633706421837629241457260738184198962575821275994662530
2887747910200668928803406575789237098857204951124295656218525513043524620314115719548551528930316714893152500240607341089287083524288252865738185555654
314119899909546948453155171623559352949427097192024822504624465400980422481032009811823679845458340437328876098197178653587851313032528328322493140263
2310397422670525378774546485542140090963802789980331389042533240421209698486062976300805374589298833658187208823142783506080026265533425177332249053837
2712158912857616704945404155007189938755400020403570102042171676418620170900922946675208578880592466261403534765998685311717802983571618191524360046608
2642385487629463811554180146722305809578839463720643280953919897534512365189361613356252420111208758303735029105531586652311282539321808204014620191052
3211094314541154549460950117821165330614973007392158042411388215193020552133819431977839356917432462482206588042213961452134429744463603275666664400370
255846196531082830914282696353612799732635279300170913522079223869138385477244636641501305921265591493348946036250934063261348238249759567259345236295
398378674680068898509103699893564047051058305376456230899981137058630562233259655124990671653183682488137963595228878860496799111448483769339344332906
1728235582009067582539716092155366424962039786822918728608137823222692424771874662173961309696473978441338244239604949183334865483078955347237721015720
2498928076266228814672293047213318944410527630087497038905936900797787509249223641730444403350243349363988978802051730110452708314023788031568301518759
2134464244595156198990099521975560927012140508713959392677359700047691287269647272372374709250468998582795371596409248426161562951509098809735174105241
2038904606823532650178403846426824138691947679420525482611074189932081118684026951194319531237593767781763103964296203003840424163461118933030982586042
873757341687634680579399732569937853011442476974029716719361191956028243699597706016494462639667606454126644241326623187187019824470250158288261257033
2956496482037390603196833062117353335215512590138371010622696817864766850548967068760147641343364201866642089033088299416937832220499740418316595154251
1250039081225227803683664000861191621006628266924648579119431768528940556902810618445571089066042570753155379540658800219579396826238112028178910733662
832187316426899782740671887653595796857026160325568103169423607787514453922446139911829440478832434017529840277192908550168407459485947586059838120498
3104215259635893347255811531498828522415297951838102937396434749367473678258011429381941193016335385654593716884398658533325389702738814038165094400386
619520085056852880066710345850237187315709619856417363254678302265619888602709638119650574917138203597142114286451281677918683081215378557716584885176
2363925448815799162076968773642127125949184378500740448956039936392427476267043937140137400022781325864848148499193162787012985181144904903684162621836
2888256831269848370239177186467712724016287683866226376534717584423539451575789995308979460821097722516788962566573726199881060929134049765235668163271
19441772214511522627189979870375691224908387985486160721872114830657073340849973117290856378674376727789629004871573582936518333200534922868122034750
1392450837488313163121671980746512881864665827620209496413268455757049427551297303632721004710638433404372182585639991582318732608172015371297703892892
142412521781517328452255450777785997260251008427380917471914890606271740844268450899874554012662344273202170647429194457160124720737728428229358339877
54467633015176986863798350259979828161149334967787484836628885863122375794517002210116193999570069590677264708454289278200912205413291567402354340108
2182635680701043508435733700451304688825329927786539970908137649532505010236428516326465274724736450445940843277419933054850786560098853932086894496120
474855761648683287557714710613862832864630514700875484975695399272830248529297441469860330389949075438639596051213605749786897476374586724188187221542
1249772709936218234647887640737364992242886805991913761706275232397154832672683974316740045293038182259071446658262155889120694824122061643141007368700
2186957580165779338843861006209494046854160447850266551765006316084131245804514676887313122507700179618427701542807485758203879032041869463911173933425
1581139853311796888546270710133256942872250078823189914832440816871552561694299066404102550520147951846611199001796611891950840511102463529676069539845
2780831882008330249884161074176597956735082384966033741681064199472385197837436536615726880247057388640430657299337872880113949711926801811041978526437
735785017985970865872768294376197838061907854592373945062783213995065941501192761914026271743736613206261195287489040533006132882927087673797471547671
173289484593234308157503134906742609712155200282053740017706689477985640487050720636050290432935689060696282810976248465151820868248553667472539755203
1458958339908247396207524605202667224381685514189060178282993034590437408708617400201827473191039418747712926916703957711829259817327678887896205239039
2277767702589499047857079271881284951729398163366030514857762293119514248195460413231450988992062177137405990593189293024247368965056091015847136857076
2674088676045201528475561172282769749693726537990764991731288893986981615026858254361799168111111024375963357074550405619856654026133667860536788015430
2613425245084054699283440793237669367747643928702353124084215082782833850529796205014068264895194265118108611777594580269198766196741282343229848984514
2732086192923445187249661776563244726875098780890931113516910484309809459781854991799874007399463001951879542273845844615131985155727285959252582697332
2351791171740350115128615140169186764953772455833946110182304126846897365683441001725078212614566591314883693778149185317176778803368403119906949328148
157610736949867884235687497067574825520403957534835702402280701263320823096017092480013624846040385491864553181325638656157694271065142204215823664306
1815717145931755676981283035661249787694128840408923682233043209603166236296678719729716137865358805435002108916397005482412652224640650847430357854744
25843682932296225314372468904007267533808511606273129677349892610996037953973487580254397545918813067321923711295944868512762511487763076656917859126
74315239278754146455507007467968635842334679040363164387634507421058427889779539494517563536424324354821021413974797067169504668377904326329425425383
2778021608286652711397342928238895382860171377755979432596360858945310952145681547352039072193354787318163839343392671648537470179595690190079086899951
1444694507155373917063960842449953335225182610798655297986702395837996769685632042159422860395587928369125632133378337404393929512527642122540389032444
2535444527944234947521150036975432383130223395183264082038884392390855315956122088033141434995453187770582894580021159491271315633975153536787813802208
1746094763188817021602159006730756539919414034918223682780542658116757714080288091557010538290288650017289640512748123040677182165029346119139353655770
2702354087786641866496454961809182182230048942509797118539090293822541276506325095011916280021610525031242990868456268295530688288028092572339073871665
443317586070876338228150185515032877417191724457010428981071311174599980347002107816909553380347879243617702302308367180094461453304846524304191326416
3146072312935168979261072297907448735034230593045996279267642287494789497167970329534392866441608864729214559490540707782928072392292611530041948226888
2831761729597749374477494535005380610519568862289703640386910824302603470300073834784223963960145383377433814156433117883924343825320549696314591316286
3029606353524779855046437806171607451776667124217154881982869231567536993633741812249490965513557800356941434161089921562879757904081808588792631401979
2461870806728600133034134089294108718863385259658881268318299806691561494236112716945907243408333164473527486521471205818068137467575909921999567795837
1676008114174367002279100957668517551290656253015952000480423808802059030866902312593789932210797013443823104406296406436294831426915876548569880972675
830372037984339911739526700065721844864907132827538858905469840617550107452529652233575666556221414345290301498233192951527192440738832198718485403937
2050179963085718838395751062802391908413972112343149442719410689524779074208436533581712828134261979887091171255994675093880350812209356094963406014096
806108369502274090911990755641000007806991409063627495788084556018255550160723175434381881618442512072902000855374796192230947717759174807511830257802
3055963333810474546047044292815339633065015589196093715353073203459917446877587850199355128286591621471263035545944522282516637957202655987247693869346
513134528608777521957407435899442905363193525714040779591914234069801614105010054383140909897148770880735795613171470048262306164265158487934112631483
1955497646654552515535564288771595812292158115610346430930616020464248114625913657640934136598068310644756525154647839986264695643452782396315215571741
1442614132816189538317976410195675872526436642497540071875418792492803699904914094650630247431536724148860930009877230155038631172082827152345791085377
2783032953726245029139318975107101515438129883099132192416586210752074891027027513373656319883847334769077071628447429617566876919561757773703090311676
2045769247637397950618474638389318173823227193542328692233978163821467623387055542876286209390402926939779332900666406925728176695952955342032686674778
422909064395240461004090943394047076110015439932082795830823453288784260164051006659981957853924444944394023181849728097002960992728597610149697673088
1325379232944938441741181862848823864271895099257501530197560152964334893870489588185963356145600868965084019082474877121924648791870926392718367421890
3259954489980555079733473838534511750601079427129359098456823444180657801362951260667202982789563484296430073992334418083847062020977903983539362638682
2249562209694827662308507855913679205825050434247316785910203552611030588383817163977380994328986004076647277973087985093377327063617646897498877640693
982569254756495745320802468489729186961699712526590930060267688440732966193298127648642971464708298058835156338876939855765984244919333887791756663232
2500023820291342416241077158849668320945104310705698832764917937458381315248310309381186815510189623426740975823937312798664367001258158316036589828112
3241360899476046515795524932905247908281172929542471782214707214691521761599230690920531190333618460570459895222679856107536546735820171510115933969827
1385440004455764164794632501971532987490463328359565163186364606528759462701333413273361752787929776573948311487213017966279001914308083253372397039045
649576962074403511725868703975936765118445036923658972452278739729332690643112147517165151359695123268592815182109498091469478337357560384759626767249
1429318520328462035417474603304966107496966749345327800455494475779947507854525865042836133029393374326772410391125746441793610877294386274334290522938
1897487441913227208615618457642583980667985116531779622706549409820162821316985221362987318262725415026535953464612419433459511839558398639680100660807
2220372515602520970861193316687716526869844484992365897544147085958617835043553040590141089192151286052684367380830860038052482207586683666597978378252
627700626099937666190211172399810406214165750705038934200705853641228586797465777540390779075107753356841495888647201573182112994208423721887363992067
1072502789522440587211240062638988752573740204914998131986223676245542631602606623011193030498758110395062307838630401984239197142058301965364248153564
1286096898697032123637488841304690919706556532105547969166036590397393083301417289456963465337864915860611223333213416367197432950156661080033869608306
2489462480655338858734163152502032903527387880226864270970257845887664546728223236739281451031135976479370472285990334435220524421793148368788536183878
980831586144259990419726185577813914012179872410622487545715208160665082171105647561094468107494769270915949762547254568202348465362391881674319056150
1608173211910322687562711149056618672876499719250530080988461917100909828005365282347853350603548935443798997081226135543102144940870709355902957424763
368042906671453940404146017714478824370754092969006311225991413226594520401013350484272732336555118146617164532270875841364731194320823201012828376285
2492827441926986309213334139434905789677697499251505481933424469602746587864425298522874433766974747668655251795498662966722771342208368023092600246866
2335566595544012092393242326478995653802618946916842284623915468607405133836207437396590442226118045081856354209640675082800545064511017037429873097627
602425674148633196650800575010218606177227783243860237324723095628892155391116705629229709081872081224965122991580629726673063693546227212249701205069
1519451639621279670947979851921217470260544927033293701322143931189168427077259930614592795387402600301481456059371171117918205309076353807741201097790
1528845141408803486584171505230785016944638727433632022230078168576502087500598748247083395264948080369785425681422268694604748724092399250689792165339
1935291270179422220033059488252507240976611296181798801410326774648357868686007237523128380294553365953555896236145524076635229724444161665638975600713
2488987073003951267266523956847376555260528182564643097056298766087414918915646248345648843005913534063411289654272500834265217049101376383411907916830
2303162664498333731367447258736499962842089463224974856177594527184048746002066072990151809194081127707674194113898826225342312754915362486104904688832
1266765975265808313284114514998570802556037052941386821175344617639620723700787683303298490934470604940092154053009768509170253997916458140988139060847
2875277242609154647306238487963484532190391480783862503780391100064584843255077577772304624426097835750398931304318030058811233808056724681140159727290
2291824349662246031349969406454060932621106376408812788613990245955434591334756131176216358962149769127066541952607256010243332073352887807649499748202
1521452699165727958963239999472018603704474447472259223133904685820817941419416157550083275088776560607394882173946578160199687721561421211619806245400
2947204090233886525755247307905170837037916944169565335610257985732071815620002425417566381591979085309026861105873452327545753567542028714885223208153
256997227003168701303672274482658885441911820555255794257389921862511648481418410382547947244079427295789451206908405373470041160988731631173639702499
2006599497634097574302727334617858931572050422673893989040905335475973848653738754059405267558076145807366688903035677602552121127766784087939666847346
1830602026518801608694678771513756862747245707410285186869614003209223576904010237292651025620610384092697865699523761371167948378530116937565831110218
313145350269648421512818415997952696734298077145357897106227965987954195127667706116246733334254798386086234643512763771975777817050126091067176899447
3090738716223636265151066854010407423551546938582839722919700436708662446582647385182352030717451309049092987215469948990136747875509481720838682230405
2481155541232327296320320991775730953490553268086154938959758419070180192506020552933674865717580703656042428977911501698091842596437835021640655835254
2518737645981035688100860572753070592637806826184970070934665474246555308426015612425561343909296818524698881927862171457912189670241853319712856932890
1544158841195204080214176086239715404491249400906955193896911859956314549196353451660763682305615574756184576499370007378053367006880379898040975639715
3017286632340585862289840387945011787993478975620709698842318478746157355667581198466053368461745690038524562109429562987642461025926520060705161270045
389040330199133597822381783776909435157051893410706943537308716920261465128330922542744379033805360452865734588180860560847311266689305263596449099042
2757900004782542293225586895552312456206546625719052912813688518054602606873888607475534300981172953765689686850278565641167884343485197627959265251053
1857049181247856755348767315052381342431187207913954202725377986746444752937076546063497693528334369116027209062335234657444422469458572207498715188882
2667190429159770494664641520791478624427103258083023309030146590376251232752811783653560483407849585768077668863457984619802825886343861331908762725930
1624548117176735908134981979191971797145771754577832168985898798268617119003366822448637159204869565831842442923802356570277485108668510546321573915339
1452100471310183980609679507588920064688993326932380268736512460132130990414822752018302346783522900871785210939157822402307402732766266516450658489938
574940919782070732891716514612365822379366578048554080836125962093886984150089962867766043975278616903748605912785527733072158434659641875329603594121
452986648750252077120079260699296517518967858840312766440888142966993196181543317078277639302643568318206130070662961362505562364553229486308374653528
1464974676263759068106617896941020723961582957533932632141666008972545478105034076466704008144060304742982839018282964910320541198748110648171193846819
2681622246837873486631505914886443999317177593460484936392217045225884112788875348137164235616242987796334617406594973990698745113486463194653564890558
125518391445298064822226790813416631749865304932523461720789526289124509011457359899723831499163513620289134700680832182244436684755465987117776274757
2081595328537977376240282712178411616874796994260472360945108593235939897426516377323976683192664611944141284303998789174282903797420904432483844291790
2508848598973682864010769842451558488877686690378578628579141948709406905056865045951518333675216014094160027698100231549873711221803711997278851547579
3256614092322442492507844806888025350546874702133719571260483267075818103352587802976949616432445100425657677784615260062812195448624137040381828085126
773243623877687466156607627776831361619426111573903639720689977216795112053203868337960528139409668030805659618845067507319032883363158442172655103673
1535075264879677743049664628645352498503878982567762235339300559088497587216501061577974261221117178043643549222750249396141247161580225343293400410987
2951906885131680972282022882736116271845436890118041557144202638088701840954321448809368600711634403430506767907029271860202139083064537267684125572885
2346175265766269624779913621654490726135117766086455940070640674466329655914904463773886754822568585337504910812996632351945598147121079999956073073955
916369927410603963959571344614327345606956926291362257753690511547725112248523027911581852716768519031204817743714904023965399826544857246675556244363
2728508081064496444054890383188053032407149174390770728009703559441758383643088007135567291599756202326189588010669534181410397187039914676973415443515
534987565602139431025033807901856117037240327746288476342021383905818840425842907234809678938161949160969152452749895227237508001245407364270579060140
1508030914481056768284052225312564081410917810120562243742146128537240170613269031996395413893430452763418771838264556404738684214720889226229106157029
868284777630117973390731491890761803557963744451430417511232732374262225431573463082308868275909856805514243014982120830937209968876967537278186368675
2670169888766966644764929975390015966011137987412443871521947367282244572871703979740958724883960712386414007367569983353859437855087377938145914705814
666977361574305146392215770709974338482745973319318809093905237058739685592677910745329375323468607418011288731433263604229394353779962096833592336452
471474160957000757926929796667670173263436085870131940236272006538505026702017526534434785625295259713395114417622728991066594133555248103679670816196
1366846343630920872924694153691440614425252465807887905600497662678036753104729389073861188795267395915564942099432588296163754869112993765009377036426
2052177436434487429553439634958002850775114149758966088912167698276696597869966904274191722500410099617206485191694627939328380727557431989988484590922
172858494899485878480576351760687626094157137006350880311985134080205400595786922174856451349917912252658835882327765451606190649198082907016277077050
2193715235403432488890905244484508282029067681736563074514718563472093646829538395119921001486051838254547760797217922304207305221414532723028149552666
1973162980910785394979292593014072296605942578565398865392294398181160541874356462053849913044920338852999835676592101397690608330557984526563139258999
907695933344961035112371542213085064682647716740788651638387349047056074233659174724711073140267628216516620039876028361444257115424728513445135638415
90554377835525960155816474142567403755902495727018122736198816204346354194348828629103927626533389861100642630790241066898447431789295545546241707347
2146217670572535422586115300956068095842668447891723913813296889528401317597916074756281194509677432575976163257934717361602930875794050090362888049832
897198679897598954876340431748402275723398914278004635537287303803658297203697309508538043893900117504490931586122750085991527874616185778350518922841
2689580880574872603935361257587920679756108046612419593439784949001845433537998490260046577509130857965291486638477431289668079212890297914563573524392
3197285123220392361488889248074111110500598029258833012335589461935340508854843498461199466805961776720411641626661356205171996813172346483269144106386
3051316986163605752258746060566320869521593385636248615903437186501200266444559009143213975003397738656694309631020954955341678451115322487131560188987
1278191029188849184392301328174751059350861386192992957845813532834698862751730032267382621201551299961744737251064027296233207777457653074344597378305
2444302801988027021028481251228852926667673536519034226410015590587262166558893884356110650796820340114096833840525487731701458481346475927057212482162
2945747522515518482868084473538206520478328498134439338028751398931472350591397438554355558415926004662654720035625994291477866632200155214363795617208
1382745240823729660323976674271616293317622233989132871587016777608972094174458316763610566944072626207669258166793844745760718168787143549439195570234
1958682567737018736413572999137567130636051345009127169902984360295317902822555995075564529269892867917320279618060991896230954748854705717456651639420
1558656693301166639681868084392986602140784536573353053865561922233776619902164918269949802272674504682108929785731132651559917552482404829883291235462
484825723025625688616188705859988564669347005932938613003448611955428642332735619136689156572864984769880052402375557696512530588804125308083562979501
2270602434336984219447274180359152498256062341290118773696626071238795342103406830896408736029299254485583665193357722489879868511007248271858813416294
3141493957847462451858294547010747996848653781935437344817893601396475746976337312468972340301151414065864096522770682871585647602975781732402610459792
2826816706754675378790046157027133017645404455775039826731546447495015015866234951155967220934757455098162272255551729554520045192897634728464212742932
1448864421121307801388648820511517073658634713756891731145871030018501755483933172964126142476913136209965944573295892363848767859402493819342751252017
1569336388961038060303693428354695328709437894749114289348192128086270066782624471825406951342100394051778800001365819820263809980192053095315147471578
1681560516213370507112280825726876689857147729788430439980218568165202321218769189486585752204805163878121681764340938773686015356150127275017272346558
191230209055238366230655060420663109374750215989250294937170383331446712580681194878358919935499551043400066332851336412263950941867117490964483166253
2439208226002369489751071430171024289715368228562600558496057845875720345613038883012903885359989369896238749543520490611515099442801961354573950102522
2981979287944806964576071835374183883645457276162931803671199387317866273111821007272583762754972045483646800813445122186415879663460626239116987727871
1588788055171855604176584760222555118088909419473572099559552179342645581288588175614550288304856713159240067536948010922513091998177983252104163408196
2162257559495304861998712484960788440857030055356161719581091738003874616579173739904133682712149261786224360992341770170023518067086300794919358772651
1057826342727096908805192944264133216561587454724490205313431899629442662865580543376936951466189772858212733172346376549790759031807313798747165940579
2908150588148217146256767086234840448961233529541464362447959903888014465860048559516372875014739239874024355075053979031650437226179904456643571033632
1311878118876532651676738118084360509042398396613605201130049199110093618354925311387834578535820656781940019782363843202123831106628746698992369667411
2474505717124954480933238685320112784629211141825129570370202942065212422334174132739493099087139905082144708111911115600549798995811997209618397000466
959472653022649824201945206145154443333422540614040231102919593006340933886355682091435177289339192687137125452777040601830549863186570932484978471503
205282482611470597420283472554883328606743517298981665000946933686710565076360742672414868511739572741241869796241496530211253822360971999523877686876
1809139877101158117106680224448176576603189112284879976059699081272219988856988630998401132985761648171499540597323684309467237259608430340067516495209
1266328999264418488372884366891517257158400480175646111923982389645153928362170605130240268577457594152395983466081336247400486433693856242411813552957
792524637203908598031725136906611422029533424072924923831821046171249492056619426720435364979940270691413656189984384524936631867697443567391093145913
