3600
~
60
~
2
~
260949112000106760
1111204128852714368
164873417924111183
389564570448900751
828559069896854300
567729758689410569
608034492140818435
128708644275966212
615402134219832822
704351897754469944
1085213774012470986
667641236663155226
177688969043980177
649570514001761765
56494259853635826
1000788302719838081
238995780550589306
368235691649990695
811555128103252409
48168767102353735
912635950122438597
797557038706293802
527602188866521535
1074698649919599239
571235254298772861
738330514328656460
659594266918113516
249286650423499717
275817014022429539
360227221396753463
1138369167959483708
702379691085337928
96920448526580614
109118890523086917
1127439667976627374
585930596157525316
215847330840038321
888460264185206025
537502572188578797
531504909080242918
780650803285119142
222130233954987476
1107088325450493441
13333105977104059
247007414080315744
1038568560334640701
1093246157538910840
1040953686296773089
97390083086018934
591348260616160351
197556582521294853
536310987424968294
558819161052125622
461986455275423458
812731760789713223
864494998683412490
762081628177270144
570910195651852910
234717952426461141
1120761281945539757
