3600
~
50
~
2
~
729427333428797
128646344438288
587246456068435
385932463005222
639013637951675
65674141121981
755558056763788
743942444628896
433923582572810
325349168044854
771353176504565
340341776216864
543600924305401
692799190760453
927879907884328
1011871956008420
581197536035019
822999221149323
1064788048903692
1016642571964060
235813516423905
801079429800841
219854941654740
915924116445121
504857250697079
222259524621088
1121549862226382
189501219924832
842777665136754
477264865458826
823097441454417
482676738299891
202082547282691
566802902603393
235635558573978
653273367733484
321680843984947
107194103475363
262780912508037
754089956215284
116132322234081
1086233791226780
892734775848186
374502155860426
794118083297193
387093023960817
795396458752984
589987503846956
652996915308595
1035173795265618
