3600
~
70
~
2
~
1028218984930661922758
509201872109611553622
850292896630186657329
1151391814321200666356
403642012678797086315
587195673186167329205
1173959885754530837745
761226321296376062625
637390977647128489299
245531857593148847106
235507266193255463196
757010319088178136224
892794339189563681931
270985806827618853400
595464496923283189464
1145229945200912811597
67439101752836910038
558035038893320052986
528487848094551517084
581053386110795032203
1116073298242440501291
51169957070650692794
920204259071476662977
63822162823918098506
222717101529822304038
244788772683803706031
328965363818684570205
461354923244724296665
831330759423614387595
835736313036567264651
710803067184328992538
1043168067317975014718
1057766443152465957546
172864993788652966149
1083035130406001328593
295426903110174811108
711027294637081486214
169649214482593700533
147806152873258634906
541948128472752045764
786125548954554467949
1144012844237689752510
222738890480724807178
355373424641412529474
665474770871023143653
814813334609123288865
651369956066993513396
234242030256027568488
133236359654528229574
358731374664048636208
524335534525221608246
1126860786433028549736
125688238779399627043
1157546320125828031174
575457959161480708810
692578202833905408365
1112325532502946470198
900894913587941285981
440383773247969815297
938124455852169576315
519656881785537080388
410945549629496018708
308845016314746861689
105607997508736298307
1115358138656061545133
739880824384837847794
571823280854927176851
419203361921626396419
707380555967388147981
877963749564457687404
