3600
~
100
~
2
~
1140965993902555280224624770805
159838497451417891602032131399
138300662596537257025695269882
865629727633417680369826874938
271108181626041466768467174831
887944465234030573399973600684
467781549508491668158273109878
260672085574480937729597569323
916511776583140144212642737150
631931689100695276886149788641
984939821828774302502680842420
1188596981688140302505995741935
972638924731695014213671606591
151445264321687912589360071508
772519331093486223154687154005
199907987490867469465765974449
561090340782437323542751378670
244174857168937257114119739044
544140820706916147035051099547
1152762886234013981415595386381
892166863819498129344821865672
403504193433001949544385857565
473425638564436485388812032239
988963371995865332002660482231
373629907055581832564747440250
151751030960446524332152467283
103694147255799470917775942206
108898409199677909609077411410
938506395476746225914052352619
695160629079397994246686528672
396406869232188368929584643954
1066093867913961566935638203349
818844843270045539316272683732
545274311449698945135162714837
630621763982596854160857247090
1248864875480867818032821264420
1258548182437909911694899595815
58865731776927478825065417830
930779244374964528801577461797
1160298515440560842730718081937
136170587231718724644416939888
450524367821288292084326702928
872514067630338337286655105288
761183743996343299826728348216
1012275472733695519943183246235
304904134920608720893879314767
165236811051328607816408458824
169174891810799895260175373114
923208491608422504342905621315
1221914325571486359058842552794
392073918239574678311326389483
547607879375691658727385151640
777994525583816563600819797515
579109702431015740288574261842
371624190528131991266413346402
752186526023526703790004660148
361122893812669601402083169557
24472398158855166157129823738
163527240067939471667462943623
151723907089593206906253117090
658179377573503340890192009729
280087957546807761071597509492
330023056608884604260551879575
997250668322990239652018939918
1094719520639594367112781484414
712329060667391993740068838869
1024651594565410111084125770559
711431087598480583344192221865
979838558345647045739691534533
873406163777522025210726354331
892508875405248122475846473889
1202846008567189047892244929166
994584985955227607988570409534
245038287201751634412991677572
334958920937951918938245778131
869266542832356521476312517625
1028949656298838772641563202598
1142993655730798011498725941951
462281904786795759506949282353
100183102326286684576265851335
1061482599579913838320537328750
639856263855297595023140084313
786040449430839010866773979580
26268356298381740014732471157
679945158522498049438647382472
611337606785223504233182031510
856237406334442806920945632130
47865009869489745941456965738
220132519555528089217372835314
419183879137249769983903990569
989003120970819163687470255323
1219349085277950365283877339472
12632996046301019091471435594
719341078381333896478252231039
58864514118743527865329214890
1251530246795022640947828058296
627627370185656048080333361530
1146702459107303262438392693070
241681398226299243271787406276
979219552383192945273218006498
