3600
~
80
~
2
~
69510256393881444276499
250859836931765705120000
1122932382557892059352812
655152654892824743850931
391666542354688996891408
319940179626980094719883
878494635781915676330972
1142982204306951489381388
1091269075899611610760090
834247233965917593311428
487710387629630742730543
1080727482863137038218678
661422573856280243621122
873868718698839427540317
88387345416746571274745
415595145812548406079192
866862222000280735577534
964977343132102652001048
616314804879130782416709
50914424595594578980258
1158596310680837920590450
348761307899428892452690
1167403441320681366219721
1051397940412425073671626
146666035232362775346892
1021517601540941592023101
497711823890058659092433
441874233711510058147260
18064905751739202986990
310513197223140240674959
169816162852032293842254
290450546046210414721392
368284326734167855563837
360532278527157359005121
875155150338702814861348
779264571208684263546211
169642141532543417193785
751095539244574678380928
302799386463432391699756
810252691517202780494595
955785740383904091683170
1072363853129271193135455
12965365911282279787512
1023764804612715672069112
443115077384855086702739
533235191009043545261670
802394202516658615290816
890975350465009605432989
817448953002033155811222
52336371020791510311770
143944873963178391976446
906101878021375106391576
870665850682906061023425
1126732006568509139462824
545538789131383459044551
616922420741344986168652
18002513405906498741513
386806022356546176936353
158223797655745818543749
520155179225794360437933
545348791458430231062530
1200863464632520462746071
819737115014378737533766
951982979713205444442601
723811478212272413389467
160627843001097480503278
1102438044795395786907957
398719089287428568174686
512208000195395075500309
158051976181062296383314
1110551810624786046147973
655015989706188763840566
1639785685723532673300
670078055993972020756717
642979575331459597982406
262493987431970718177283
690673696372386349526504
30290952638457299268149
435093515872943209905069
672031892254704681408966
