3600
~
100
~
2
~
433149757460666999516621221273
165684836301285994069302234888
475078994526752741303008090113
481196637939084582587366757014
76809235183307341223794148072
1261239857878826725664356394646
966344644060816302665053289319
969257917741560399425737527919
863885686706383423679361861702
929766980925357704047253101806
1041494896224152838377081915923
404394506001084433087100808991
305322124256241232011317009470
537288830100984317762741092393
954253387543526198560151854491
238172237039429410191980722342
764524525344370741906776042351
788485893106737210651302691442
767054857454885737171898386127
434161049508590382978684973399
878236594274117167895598828468
1259941695688407631344221828618
779762677644080704029693405140
547937697775122026905845333172
675982117249065261090387928831
1060862532849918464128060411913
1144354057316620162596925568838
912288021037229927551320925554
1139392472533356367548796172837
469791649985497094009999266825
572828828297270323895614615126
979132895721848900710860335955
1219324774008055741089099625036
440208262338757253365969278379
498854684281746812863770306172
102552889230993896521106726531
1126262771025208514036122716807
878789907818188916524032475592
877685620321163848079428613581
346356522881920973558330747051
890047268087260403544739037970
86555953959504138489290124754
740145923957322479060092588907
276630067376702452663017959402
867791778500535743445107019286
97258696933858549320877519600
1122738821388787695301962040517
75982805021561501715136303308
649199232107510001000295170660
775265364045197229471692989175
1087570620080924773907265871657
797164582079149943129778505157
678426620494620107627225330380
307842378904181953625684287199
78226702910563943889410457316
168334292351199991260952141206
1167658881287693778893595343607
409891251065617069563803714426
1243076197033069631026565736457
815382167769709043801290024133
62371322348292362887255765440
661960089473151003089703833166
647841046395119609140222913827
211471355458424173022962680710
274229282353581192313272895531
89385780253154439827979969715
604145584700287212347977285998
862228244760773155648648422828
838532525309447334919723466316
827599525085748020486548577035
582125596811095728492943000003
391890892259089905447934850383
57357440388179479225932862250
925690208595092332284870067308
957045732464943174446462118831
804247983741104420588962014986
1005772243267921891758775094449
324287440678668826825785509508
349349319655973898407076864182
563457851589205514709569716822
660906081456077434890455782812
882209812339309052151236884113
1135669330955653713881254737497
1028629186979850404674850456964
70450976500376801485792390739
147991357047610760581164019553
519022852022582535438045825013
582046007625859458351786723281
445121753797520996009978874093
409229190751234484512221438476
838958790299675597275293401721
456789737352487435560174093075
207909646470304351978765788572
1056945987715297148792405001481
536315313806777824639771552291
944929273545656988241977883756
398244932117481994749041184365
523200906100434667857857523966
781965296136295165702168615626
230287700144554662232249636856
