3600
~
200
~
2
~
1069368628190677025233779514741043493878180215614042672396489
161699815933061213821855406690990476891888086980892783591459
989909012352240901359912236870275917505477921330635953665994
492385965152246783889222618520981489294135442002785379800154
811472498556421710317345984177592724907089934531003496081728
1586429513250460595891512950352752681713902995181303748772112
770642789102339757892485361784194947898990798302150643270658
860428331415672591650407935327931757899517871126939014056276
308194667356822041380956479328699502812452733319582113322393
446906483182788925226892533936512887048218345847478470421241
513445553963890754121595948622829043344569508520167534726353
653245360736914165483648401230754826588108273428615687686880
927197375915847187550358677904864666073063997683507372059309
854426217139497273138947793894920693343507377445044244691604
1064783836323091861878202702123408516718542027112921409811456
824998636835043629356039167375646622555135785356141968109869
1186112980414456267790802457878399912823506080656102762880833
1574452365608938347474207514810625193764199905838723701081001
1302657992509228096166096849962768493597393835444626965227657
1375737971932650143437527938157194618804985322226886263936146
454437838699253801993605862221088845458229423793471847296190
599387114226331133934441474016885375507440644074477816178725
458109472825028047812987053019504845065735920819258597965332
1562038210876231780690004022581366452729355102857469643699787
131985507776881514878671652227021952738513062155099189828421
1147062715962616544612551403648455286340162724387161423350270
1591193305812314172352547098836360941538547717308848682745357
967244508531636023553120632670538095356354569078594772547845
1324713011922414427954449929918737833800797574062854977223947
757323551888523712973688598207513350894056599464277197257262
3552265989776707016130834394313369329154314649824476245645
867951029423630051051586872712281088047345994750504448286709
1567362009533966501722829748530751659209246328857153613449416
1482694754055672770042034278821768629215191635501611806233042
1432992041323313372720245909026088506539698737810729101640907
458934068396322841523981489051779575771449254655289217738049
1373123787565235415570408001351133543639185525708332918115332
728272997408812432797643908440243038891884378588786398344046
863732547771773752499381284963385462827715319263928991741155
1527013880219131184376755381471516557994429661906235359036005
337435326272459758989287324448264032925050934782104959242701
1095016897825828717302986223558814067873464119892045194268174
528292113370662367826968852111522633427237958819088489959211
1154859386036553502591922054285965219392452721872589818204556
578545489681837211529424130210128977304932034664365927342777
557184525862775795825514484061188118554878483993427491151528
909133007072675847230478828017414368016225315418899637765801
1289292839751570274618743878668017205793343766826588514629952
1004481558403337873967713750098429092725180451997248887371713
641109489279290540284757527919456005832439658239272460493397
238064861879031312452866041389722019007911583672500985390793
1567923370441831894248399756457976637739615178747241565253896
847741457736751588226645940364003788871495290134449283158553
768015881066119980592908179383957418235960288545162114819900
1575760168470412223392724605428722163818641449838867291273821
183574579351750897636766437496106327096031281325789608937827
1436312139082581542614860803270691666046227813715605845856756
1479804441885313795147574519320250859555255582519743792578159
394690903178991358801992638474964164118261919462617178008356
676795175793187703276742379017661013646261659331257047142056
592909454339189780239341578104613657459206922016195401067573
1035599840752228387976558392056224779854022441821359965999028
1510156960739203477957401771042219705042599877305361541439218
15738726835892982977273848166610500206056237126501173515623
1185314854255692298939867850425443488474185294910600795325213
574805660385556765246646669727058124721981234610854257642840
268162125585784634692675288849671872439123709541886923918279
1411436384495560907932979945890089520245335773555870157520059
1553101779106740011821586303720309733954195068844673064556154
727412400510908696814719600427646148305963741297212492002725
106326517970094144382549541462886134717121093912053048889762
184243880275213506520592001899235372216334329359226555229904
1388574189197707585200504199078625292516141446764793503944096
1047072816028941993078512760081807977952145625470061173233176
471226246741346244124208655757089013929673115993185304909150
1209142697764572755730708506818174679034484492834396451225979
1190882791302977075766623071637400778532737330875586144800702
1554278426512506432298120510719643354084234865802156604170873
1137915428274454210510726369024416980001841465900288415251877
1202276175811105624700554812075951743300577715010796560954405
1233852744761240000117342784712209602996463871400682732779474
1399725093668518026301596107783679743252476597221479119623430
385211760634501004618761156222822562271577889695921038173218
1232561444331401522903766868795726418816737361742311681102882
1421095905010097292304383891043605138410379139488650375252624
1050603156426751939764478492210499743910343177946102091821673
1423921432574547261572767334329612430144943606139473474547924
1585621229160840367681400540087180119176185411733943891954073
1192416761653261219318624257249140205018629263685184856684313
474938319159994286681479392195727694845466672495170302885530
398017235450163244167240682283484490907277035201737814518936
750180801044538528444208219858116243628037190898628262762429
690817664223667647280169101366530844607217584192904510586775
3761418520546647775207205086596424484740297006196719174283
87521541936053242413660631027319165719026390224065579539279
369920464377712353098154486061683824713799571336267578823880
666624251803037441491193992522363724762643701942464466501587
615834095429601922297889027467095171620550096404080394285880
1456708042220560917591515166520190001059234280411719974899155
928113058151292136475289058940263206716015470767751060405141
1289252620371120238692912116880685128493795166079089245443835
774613922361824458930983621104611703523918496154882976333231
1422383956170628717159205296221719875032544009954796998381767
1068883453158070066901729034504688494235114908014381831955502
646748918868541022268329093202341484077830230366945219889760
1300188386567205618641525986615687903908869831975220557897547
450984566971900087035559570374695238597852094974672050263767
1351608561564339664810568134831155265974076753491343049248921
1306464838960041152159195549111771956427733482715267747831688
1254540835791784924604619587095110650352716413338744061601128
587816047894475186571618268515747021439822896613733650322917
715530039502014166632657651987266578734409958802593385509619
1562887067681684277238317378663192043432197020757211090414138
469832419564748571981821390762009589434864632160654559625565
384699901362802889776947606078718177013258164795427683569378
1048719663491449545146069924383694695551808495129261490228712
991771024205392242488825328520901589738438710493538715604023
547890539208189595772385883607702233816405565727189172097041
98579819999913497516993328728870939334504800311371958418603
725619987405222023427983924794431883974976654260649340951226
222294693047291173717116788146789840667323728769939485193457
227813800557542013055518166485181482754382592469089644285081
1192608115463420520652371502190917378446908607507202090059959
10502058827838037149191233852225705117897654052786400972050
245704868693958079623003162206161585367608991656974511569361
448220052615776554818823025897863353141593908177232662729075
947194787863752513876695443512598893204634058878246882323026
1146863069537356990009311361924664623083803266877555241837862
311948382353500951603785062927571043721617050232718929797926
417414560837486592520347951450678646785679599688241416515478
635116917380255721584836694254264249813766538331875101668476
1359229177722935779908327717862185456856305890331699396705603
317523565322936325886791583417141189847843569442289488240905
356222067650732002311216868474540057757266429801379947835512
518688099406925367909455356968877989888626977830172293304480
188300735394278224883935709949160462584889306769352766197856
1248390162871621678503107331863283210742200406622015090770186
1440930681656560846277150089750896068356829863522410287296853
1171485269360848601068845714975410370876886131247187741169993
1092703008219260201486184449335766469344012241878346263608984
1231851267415656370339301889295199945153684454939227656682815
863021546157931627489812653513692155879412542479281666297773
132876723214006028128148393018210895236119074467827744141960
1135879134100968235078993377061286649467758735431844567387897
1461960027516486856148594056059574687318034792825473101005286
570406691129618224716519545676090939942509716157229638315458
1232467256961409211077663936552746521314893052854008382382741
792905121675887163896766840466570645073356153235656190138535
1458372002681155985833585640572761941846848603231944137022279
292719776379460341437968540148731669212996487228671002775830
1357591664493126591846296128748734510303752818639067035043596
1230129059850494986699303754809078032143163303818855978532829
1347812894818355562316148782358995273053009374560079193479412
246050802651143481719331501836567107443679561984199554243074
205469454837963183799495925111951846538070924162511444572213
467814316489846212309717423885482050689864736969228511433492
172087564405546507525189633979005676576296158026334649709517
911943525989620477822575595038510956397992606789103625820377
337479672048881926139512368973300425067266928532231144913160
543681499256158554880451634396514184143154278624744407337323
478836755076416335094003610742925643267638317034453308726887
420423754901698036115265430699659522728404815197893193119026
1334138714595901550582969402999367138463027407221972758210130
399513166522396890699942092332720115237399810012053782633245
311675310502322711388265770228564823348892084128126564325278
479124112815432133281572718097313039677210745930659321068490
300170467421392897321386646247111009035440783772084372693140
1213566371484486726052260483465786035775943470763745707467497
519389505477644575473668810443625351966039061073158796143988
1530572297287380857615068395956944829456621689677842195487608
1243315141278193405465871413610646722192021923176834294734381
1306167651546354752002234365170605650665081311841890074228450
1315170868687036702134921364368993585373511107716342693168936
1127385071631456507825757482479011053729087741078276506993764
435682366128726027400561206456521263990015762809843870498271
470520439291165998263232555904617424457609589468865975530130
64132992632033254554615216865283924453594974704727706635949
893669805063336241192859628188407244595101969801828451228294
1531223945155700100333068261815320310153659940631451275129015
50124023931973349217848620311898386557939468890809207178228
883479986848264101277093359804577067858290502236621459469949
1482046407764256816992730538869417503264133901540567484279224
1368933931832667538937497371292868395489833516241266196317909
1023227865686379843391126056663484968411186303788030122451647
1118215608935853033884525012723284221732036590570626338684470
1462258836473029667324850270704395652401883375280953800808347
1112438101059843063570214761913340654438733462885798181751384
328319982997831317445059454908588849717184180298212165152557
939133845526969529647861422597547582642011540684108104485875
681220355616701646617416481498356756741703062945440180052071
1470773197982367417165035074464614300609298131228455806568353
806029072644655722854748447512669925254248828157829900930125
1436492126150215458127207391262261799286931288204886663729108
1414392586264049693680372281589882545891152091382838913585635
122514122765492098206109135745401750780905655607867892026949
898533095074100470861977421523852621172141095498503086752301
1002292673624952210940231182749223007267254654092523663379273
776499311056528744542518537959374590218133336198395670040414
1179677209429308615683918843203107585128096085425163734770411
750460501434833508677966826659910642217724994874476162388676
