3600
~
70
~
2
~
66695785678900314342
1050417174135251222489
877013238211630542274
376525087915479425005
623424673210514656943
403321548967629161441
1030731483161579340024
729988113623283000413
426282049886567453813
1134332193725937116044
925557023173861753277
541981134087611494884
652133152374862851380
190888388984617706220
492618396456786489661
114678573978041109625
1027434520883044698526
747614058645605604475
749572939972398764150
221271533888758217127
37516335998437728689
1017973896416941738099
587252277460328621317
460525381571093241591
879015041742052390890
197934214375094065509
538555976709149374184
253183924225011028704
648908345437498907542
173826192178693449499
879830632037925925462
833808088371157230813
1035298961381504228517
1135234643233588519802
579531032156102992786
784024052075698578349
558071185106419156439
1132252932011758689718
17712533197080232963
524099717611034845432
1091937673897895794737
1012529526554978524187
700941074299392634309
1004803997061736582678
301050041696649340136
158283092293929811678
104522377101663135715
1113932073316579553794
572187214972497655014
505013151064419612286
169570611619442279936
674168011189679344362
482384200152197290715
67014598625439507039
596585643308505041839
802391482915305967617
985792132194115431585
859151940176050471097
392005540441895264240
625055017684978244056
1141919432134031870039
1015160168938241723470
452174980570378637117
443226981946726531824
403430495141730310623
681912127503025296978
290755874958345985577
762536213627726522709
353248088965407742400
722196526477355936877
