3600
~
60
~
2
~
315175988207905920
516471135568941647
778760351273898826
1026475715125198517
577288746065230560
208419988444425323
236035902470821366
1075544408814348450
175699014725099764
1071810194393785105
493056531913836967
1150767875120923652
38212497783167656
1028481191792972114
276122130066991498
584982614676554716
571786816381246344
178037401481748118
673725764653013771
635610900958631464
887904751767857040
36826152118993184
21413025277521584
185666002312462553
596819414966941480
642333530181388563
511363852306000774
1002962051931319099
34995664459227817
638770690789252222
849389599538585663
922360092990557093
573440952151730316
126612293871825143
526626032027904641
555605823871245575
71454028466449565
408541408344499292
386934753136798924
641173112549272995
928763230476792385
912009047194914747
386183771947845429
354222916285095282
576743389875457097
505999468049407067
493963411553324107
861913260589099206
842766644529786411
918323950979717408
56755237404777264
662969474230105218
179899291298654796
219959975397127397
341333358858674460
998439267811244886
380618982979137907
349567503621146457
755295334116135900
160948880451221493
