3600
~
40
~
2
~
498931852657
1011492165365
926383747953
842329741097
132485489394
601451163317
888072842155
521153939988
395135384221
283227023361
457170073152
8490411420
961492326409
1003431669414
972980712366
469045455475
847043296879
803901980041
1009277054678
1080729263572
1033203997964
112227105562
523080582486
314419187367
315720316987
879560515360
659354726916
907930001817
472679305064
302698610354
819465577972
460946527378
729219991693
279024930213
479694225794
751621973591
788792220800
162530195762
36265824816
1045031971198
