3600
~
200
~
2
~
877512241549914401639541104816325102611445625991077759923111
67592426937271532599242857079942123209918175883303939169514
815661402921948409174157858084722511765984035963333049808358
150981967137875871999016488457322515368288748392945839979231
1215185797398074833256667039868468594845852476492017117638552
911644811814162039752814682053563451605361756032941054803993
1036869781951673789392855578314628049717329589640071078500511
970039662451215824028167929803091908904273432048310722773734
619024492520440427323705699424356645584173729469756639284571
1590401622630661432887860196093270725696070153164307006288257
1536901473867233580670671399555375148373183912847371504057642
146368327032561666732469824810665039920486637447702812641338
230496287387341082792471493984052306041643851943425907606655
680638714186136486849291007840578348930940269133865020988380
351699846330599327497119802231900375316542994561779875238648
1271624079875959375258095592338633157213649726486468718892769
1085674815113372287450487671855780984107725951645763685934712
89325694461700770135530718611117586638424570823761984762151
1509559429880972651872588527003855284470900598917963228296520
991847832148855845145076350293284252141266711239669821204954
1056992860401947906385480782465499223080960490156083069449667
1474071293883018453082096387156859429490453368286376509635509
1470956851565084349475069966019192376021280794927512031560657
180722731663256311870334702511944583380195217295384957381388
863807761136526259229903002175428303522155030055955288599601
1135559769911817565537245362376422922981425803007530335513739
1229712905513577431202924000845329192824975365650946702472871
232566805209933189683268201909061323261054362349316330963643
254638350249925400535063096230601292751054842200839720565320
723480037200364836614468643982809236722524423262761469158822
504704074915821212108655742235163311769842531757168419175218
529168827953583302174338924475451360736127354323889733701287
1441197168666787629677063066091256324453685159965303508715787
293032877955554669601878372083855445625622102751876402495326
1087633017407877728092976847936200026826037981345705906418321
1524207909541107722971642316234591702229319136673379135907686
1199766228413423073961317416134079561245720516396045529258337
1262253314195654446717875088174254276489951569042322406286528
73060251409142604963651172194437201795863440792592585669047
640731514860339245245381612037905469193267155314551932609383
39850285767096477865081656715189046885866902272516480293928
496284485104475860788288114899496282142619850429979140749286
967785424469934182394320929602555402998937979215143569538818
408408489898483801782386906446341220969221541662932422631360
246703905796986557505929586624225197250988501114683409914499
884892275001617435531725708761625894469123570817048999262733
960178096983364290177572516972950711363483655924474432480109
244399186830357935366170747963171055218493321938434514772562
677259863102071384406418900440973063473665317604785018535958
643307993499764459344634770127690585350816879818269956198863
790957123278859197036048097919704866083391681174926757378775
396881143788370251594759454382395839504969624023476845367370
1474797893251231444443113207764219285458858679525431814763821
1357383421087717904069686322112285579220382718763223240427073
1006042252968689709297006607554284033543996003066482110148119
672989427171039081339487791329412633443361975013787102376752
1159118411512656707668104136217615268503363161865320382538507
438097322013548725791305883626656263657326904351492283886001
593888661109678724863821061500956872626487510920822223212139
1093381668334373471347559554922712744280972132549021266127664
528317477476942714716609669766913532631888649374341359996574
1285785077457415693709738709812224030799657782516716688936084
864919801163868853196980539355214602089196116845632893748263
583316302974317410612338259835626191107470929317371947351908
444569451118048297285291482912763901598339065307660675607792
1562838815418804785745930874403607495752080000494029530737773
416392279384403439018086754699272103542178900251019720288718
1560971142462117366440205630166239079380273874101230032597704
856879747746581500267671551520172470179454260303244514126930
1312590458850055949473235131356974967262480944378400398812916
320474869325640600878366486550589881462780880579296910645947
1489890481961430269603233754343098128412790007705286927060520
1437789667209898945854514464366192510875687097392415200629767
1147464337789269209179247334831628966126835856008250776156623
88281791465363448587423062173793976330640474432219771540576
1502199646504643364492405266352704945432355395876138778967624
406224376945382009083111725448743760866614294635718759835343
1033862863414130303903805703447516152934664680287438790199987
511829854619566433352352535039960583209599024197904427482544
276824414053459925917009014048485554726430316008843661219248
344715794959542603142941912521666868415851369011846658844453
1131547515430050067441500564137040573476045883785360816741099
849454462478117055487475713883837228831119137268659544613210
1049581089444666011761577444719016724187614318534703613588087
126271884884679812929366640980966051304746964498397034335218
1509502220964087005003910058455316862051138179602413385151876
333219112000099524551033858177498168921979893249489738815635
544527026573800356653359514732053763136165483315956909640721
869310962610518840617883977309577249315067414371911809069693
511117307422503151999411988074176287226293272438405166037808
592734925730846024468588972439278677051451191565761626557021
141329115955182745900926058497872128694860888224274953383027
583173399097304547792110911084755928132755288525604776025452
1471493602224207306370198925130504718767437612628761860323722
625193799722192976772008036956482249733554722381776980351825
933500207433847976658725803271963329192948478559689847265864
1290984005280863540235400180067510928865448946363633574653898
164935561121246556713169375461354737688033818894388525714145
1258935077349963896021903896661899089909713037064761196532341
634815238030683179677834283948488116389502936027212573027366
1228276104320886633482159093335425238667329910506786183868371
625963920457588970818063191829773098636813546800567575233480
615984699835290627222689988918115808619837377968488138208997
509387432043507730466029663920629761615060114419549594271234
532701585717759758661790720188791565789715891949711011999389
68907291027258572042757941051275159254031547236347989336198
1496468339179082040307983482052064258465780670141189606737816
1369128585555569129386852319994743345642409686883475444167826
862027652860397458462209293297769474878760130114350577056317
1463408693400905212107218258304627132346319501816337967560964
291239158718039139029534727755924807095913840381007321519379
1327717617093603838118135344002488321152684398990725873294011
805827507738979746885693714490091875737124907212696718092810
246570053894308591232559974862675306168671906475411767735598
949716663730412314211732893071284177137117349639509801444398
897665994019859243763221499405446816962196578942459652501166
233913919971987444411590240480177671355096411440561939943559
450760343406884672913231060407320030664666421648964523348871
1431686399538827997388139404203491007238920263889690519506507
1221327372936613765434552164500855472388615770822637077937516
236803684869954390049534548233826010987739692297823073966844
500971151839281369067992121223915157613265256990153815209058
105011738685270917587409234927296002208327568025559787282339
1319689238840281229083742973322781077493565255934059518012858
395906419692990331259037219527649836294682461418531743805205
577400179223866025655832645488175599207812558371385609694513
161182596800021104615763595833659759465058616194688714278394
913047859507959557181706430528479934307251639869399268522052
620329386662434554501541711664478510663611660254588100706539
1001829054606092315175747971475764232740596727241218997136240
1583605818693273524604240324150428561368363574322247127964927
997165156401995700897317986894716168987400894544847860452392
154877745784604732111832531249642022321890588622139774692932
415790311957606744157424464878969765038656891079342602589188
149458441033288546287426857397899674224199597295029746255620
646405105546935607671122843310836633737007611262322617622609
584997365658577076035245422144368848333456470839250916025313
1317946979691782321452553102356867391488502348655921319158932
900815448560788019692448565486880101833815793853659115595646
877583965521498000210843791975067722203424693421785661819897
112901584624154734376504132555919233847055521072417917269359
853891500797399887205254643071465564942916898410642621911326
1288407781810532963998835889752636360234837565939840127841521
71838795975339249004673012347657626169357897844193083294424
1571948431437420552593253360387933525040896789262502644408115
776267028431310384229251775218764052504727615823324204210300
1137254107542556718163770266896113007560033775460168929846032
665425174252128476258631769048088962396907667617246886444126
555265929579065252161099798223291009143832673841803434815865
1592453783488431289860293407071312431027078518176463984968258
1435431472666750920750563526570387157164210439360347659053649
1178545672385224712277345164121992029170235688013275008601203
1303377028198713875942040867062490932224008241840864842789666
1439529271384979434529014791750715209711628077968787814503956
1236736457189267472345003400269932243417946110684148287487531
916789513960980698305777690265527239298036857094791026337717
1432432756770360065893014581296091153797623365595804413301480
1330284314330742173680217242241001714679816710637886215654970
16013004482799376818608678021673171429990126027492705877088
536391531177605742795860660297937388998044792700358394348777
1339220315929671609092590386344901352996489900548783126444185
44484428134621605246499607122827123656233989072574634268106
342851116204865374738461251179041610336626086602835976132932
148773043560371016953174664162109353961747584375139328450307
999391970805208315344624633772957132321871239773570217962635
475492098366387206103021729223503591038711763564936509178216
1562655333868973239701375258944552872137319302461644720660155
558940583510686278642946569379061156068719063216155884797308
13595953299724034710742074009741230023515548182604132071078
122469565456997338027398186060759989943880121836036437474961
254925036634179350162202832701785982771694028993909272099587
1510695104048982352450752083510849188492939681261010141195832
1016794269725922042839762266332427003026481048642691019149499
539067587753014014886056616442112473020856437777263211519806
820965846207344300485372070814329196953318788454514964507821
229213641084534444361553796753840589071574136506765142767347
1015002831882925553020165966449827169216616526234867290635869
1020942716274597043730225277702281873998242531406625251611401
1209635616481714162633158894233246328036383000978592546812753
172638659448152038232832678230204761360346603209650805202088
1313833930875751730917641368504494180987330469624722451419094
1593746100360301339531868408869557006776227320473026001244433
303465439219648569069401564263442958465999059469202053517158
531700765619285016780867497738963712497912205503114123914497
230095593668421772189416872969736914608269775106043489860461
379016815222094180073541924451457522872892332289582558059274
47042001865953285960914757652007732790546172411192411503907
71533472918635030757530755694558108632487543533085143438300
76337937944933702220453128501908724932811800539406136586717
1537833410202250529834620982304107940228999104855633436125082
1075607511100995644925191526001364029929028882725071061448147
150345762522617371283136360606902446394330479724956750850677
387200735817539831871207099859412591890347721717062122552292
1413534206825667495780419035682796993218095765917738311089349
978990862902931947708653182293776201595769193125241755569466
950152929568617640876210520011293878043907294550371535853367
500813009688831579540433514062857526326388116210586442404934
1073640244429292646493793122993831363747345019444785097268199
929195576592073698552919222615851732669194113399639152488054
1181337505218652031335678395822404558466063273972556238398517
