3600
~
400
~
2
~
2238862444592615121789477134124902821407132636841431400162542270041225521962168621718182728669326782517380315352784776724
2407521299791953126454814541258463491417581557049454127522156001804352597759993980975577064405591560670796374861334008500
1387346715363473815658122727548197943275988588100357819563985324000447739771197838014344240441976035231584918924729227378
892256169172968516812183118660988003711000554659419597083439398288790184795976233711365781950392728190757800344531607586
1577153423565605320614901405279310426579526189408456059882579948013037329977987590506712765483114373622503602662933913608
1724165556706810663912882336482611369022707229945647867391250865824499060033377110691964195814978402992058273074213005666
1066744680503565253794304573730476328424878384599621201205706707297274768755739862666957066691642679324094684388909269411
112690408811248755089596283329256583677073654627745615978033759407431548908930434174674275932834292805140462495744886561
1029540399620134011795376282084105022956132427397131163070577604005457401387873664099806733193009110852527829313838483032
2508776866183854470536344982433936133195755749049013415257580983564272685818185276748973794152337379238156723468288788627
1570877605771867843837704367434635424750517327327943285151380801179103725630984712102290929648047323430608604981261224286
80813133407625749772597226780987996294054272911821954006650941903053304620438111960503175703234825959544837435995943739
429430214609432975392572586961828606130176385589743344176973307918714743956968659133629409073390440670475895448369481882
585215396749463553303122927582117632207534342843800736680538161557121554747064977838904493022954348899781823199004925779
535785687527155835432218147856432088638023143996332683407845190805260203967705106713376844156848372675526082617793388346
831389404786007320382132328016868242823276307492271716715823944496793671977205697840935582270786160402665908456248341799
2112665732459692033140302751797808741577267461032902116114816732187311363286058310990814202620328975033062861133381439113
1000335120232520490257234261048239204084172792462018402389192598574819541520932002906102304990999946754347479330238514035
1718596470780567245747109216331504417393965139357712606702795330126745279377113380974021518787707787742955728255478392230
404003838830541854716776245296337354209154011196450749871999263604725948548832253200330054209691500142559451649213812716
63091558041001039130404816121509401264640674773643880240575953945014921026220909732465206239160955258045980682384926959
935178416307526339620508440712748006662253523492747289829562788435809591627755611446639206664851457982899322373010286230
2070684425051243953538834738135657280636070855536131375629653972731086568596263557702024515447481993394903136585172929708
1976308254010499378347204771725879510798308558823630443683550231204517070752237915130775851944294463675349614057758418196
317402297308560670912674521785724915228227940643874912591173964604335557322520357311300192217919176360748556083132430769
703063661437056986157010964711840120013260397129423918086770474348708374762366676621557832315136263047795434990629638545
807415683676442060257118551049030990359374453798241397153842739548217900174337011242524136592805044851065935679961523403
2329541212779100175765162517051826238722933085612138851655997611355164052799203594338280488741053848300132521073686160650
320181923126036656437827169911317171811413186550828715125812137273860031740529212102388879400994371003851389025066181333
62116384861622365997988064699048058518269352917073419260124605103221560490215736775006503154552994271808006672811633670
1702068520428159286967954936416813463666170076714518835639359788081119543340987092107685998214269053459367966519737944705
1588450244840464252638126855155261783031405941773371955901228815626762950025520650323035076726324012977688238471877420172
2054420549653653918472020169577296829611327917166965327936334479202575726150913760359723110084515080742902896903496892456
2448556608298311521340969612046430375290761570370784088947110399957681315678562986915470220554161232441905889707151641189
2288081340314486618734309540036257881512327658707167710280663622672431785577586450104402483604101800008603390960743727138
2349151340981051482942589104106377172247906142534551070994642121626500928331483816801462631997757670841050112775959620643
328204070476902344479841831886843782177610097084657694762822056410034077075954245535513632466980640712271273779714271214
401516327746060001612831574937879337615013875456470725403834047659602781693158792626938716058301057046508904572232922656
42347491482774016582639434844398461294185321435703241746260199856864770711509379183192398150539296788927231585478801995
1373132500921840266842063045793842533522113960507114638297146802755200425113752748628064929628479868124171552037614208902
1982795399362630937066453129607986124475857821558078104843427062975252507211386872969613219988064307453661114351085475840
1239897851073986717021755121716951100381692882297798281307519813464374148889305632112599460836324339558052715913395209790
2501191412941213604196704762374669021137755429474836138761587501591970152463855818143921445396111916493250525772050420709
2425955831341760387733178606073907708844462425304626206439831542386362619231805006582660805471221989265371737841832981886
929019128584700924051578385547193185301099361433387638668979802860332273130738176821581149309437979394861802719819439976
1896995186177894095945183239990392459568407040214992722998490901940672786221531344900699013785930346097991689722097685952
1069673924497188695428469084548074762047866303193270528127550912550766677526397186754169334766473064629362258695403265616
1697158450125149279159209235780180414030541472034969910921606665569426648493898672567785356078566086368247812042505811273
1231030134698091719146254364913730027554375634121936480820058443117594075093682852716095477124841435138723991923789944576
2399290909862876512963874528474646807281571599448959187392158118959337620226682339323814291551099973326907417153788074327
165951511322187081337302906829354370232061664044675205851475734208146042676077224293244235425677240780184146850059587649
680263584776207376863233689758219725227148483057908994366026733772840178307632852866169058174897778895204750681229807840
482252143138395442096086143653112215352218717067034559847992863174190650591614716911117396925679176358545927021335361822
932599433620530019885970202563274951953762508553901928706001623210487561361828546798125779144035680852967513652192529123
811876267788342183617922640124685942813726195391283936164374715444060606119997094279952871686318213525138949209164807766
184627043588497896633374232156391260779884052144477673131834302849121048162057921730723045264409894028788544699279873796
755983085770095910224736444596479345968819259166232421620103540370932023272232318180877751258652727509601152137657509389
160667904473531304176169792216425615521356023234348292055496522633508075550900108700809660894967110453083770822388957260
128703741233558435418644999328110618220219417796404148558141874472210010335363186347412374786932738454251114269631594327
428691131106482055042724414158609312392200415659911406531717190490939906035145060464074251802437569970489364525145372457
585376525300902390044110193577876284107666154897973544868848938057250294677019442849735726873412390054443083364372275898
982258316609672832655554705036576438821585285289390315511544396151096653690797122425638829460067940493216631221318210904
55632441832653525031235836967367613057136194172038077174671590837276921011770574265925067703880328401586403747336060683
487772518778483575841979361142425149752509903636909438160428248422144074385834489171877974075805642395676221124744465606
777057875034348625933409463214399173935021177166857138810912302672964641918158532586190145706273389978309177573543045784
1172562496269785631826245061084621510925804099600231043432560483778936762979389051194408665193757725410364876395315419461
162048862914990276695338791326113548113121820659122997363093015390853244009074714191144099195889549563306878121345139970
1613798321676343996100049989595651101555362650835504992638155570258298315188403347364059777923704990932604803955782239898
763876192007711358967660954419156451829804852903820575966068916896935675833061289564330227430919003150498238104830757541
219985958873441128069396710168083984444973075671737771245611046606653945206949835127228521203700317490009302257100535649
1632420757590093881444929977649291658205958656041394607528048649933245075692625229311188002911420564764109145422321032364
1143885555864577236194819866647718918418115871486610807317813252966589433485451974428254002838292519622267393532769764080
763086491262463689131346485011976434194107982174830887208737432743772026698312340693917664869678752365251349930883363765
508590909641880141381883675284195166262115770176774705816462475305818295209159608501417125730006552679429905795840300962
453539952215736932804189287595272947685252873493617639494867549227266386126595548601352949352506044289196789089360927165
952600417203872941767587173910404363951644829957677556306554756140213872313185223063853179234450729513729572508139203721
436727731676744002992210122441658932953975162237385238454038937295731122456115786306549186528654192577504637643856493746
1381012231903820034413678760718424933967340940799508057219706539853753895289986722819702253109749689086759127787693065218
2215016698975198333706273832020875182747778924678370776172804223330685934490532314517773520926995616975314423033528767127
1477826998595506221429705173365599593311563638082222004974596470345766777753888072967716295371004423245081596360193765007
134812400652678626676399767621688963439683610090629261534816373833294549350905140596249668006762212610353113476306835847
2222387852484937253852685278988998892367312037333378536991352809619068384039646955281746692456683947535080966097796914216
171737497151259756672294831707694623846543410699867322105358701590845254758405415377751729156028947983515185121988518059
2386196258584787514873763464811843065104180289296384698517053025533388607039661413469392707338202972447814813708425793991
1179285819498213118096896080374284910621883234879385743494466471139124761834561816849501542711936080653036596199568874717
1492677079510564766843871930069663252119972205571203641127859404446683630184701828604974664562912604523978233557901208263
2498794559019749731117120364835214459899506549389774057098300732619508518259665144971859677904698018121483098185358347857
317295624492420617015014324033040761625249606740798732603016278983022179376468782975400230078307923698197606245296150292
1111325161512044043049087167077067984154753821640016801118606238721679775577490031601791622301923863487046214628392248858
2315861761048903099867800597353167924129763615543968789054633539357164030869201844049875775705754812017079904111626904887
1561688713592202144914818541794917358602886885890357492735321060607722283522707947411035280977528869759309755592094844352
2376895516215905668908055825984595879238482796963815172953104154543957320791516314386833944909639087765504191538535691008
2217019425797229591178124495353081741650729766263511939466608268468213416483744092979191544233930274764022802057343944053
99933585084936735665162539116769132772328179060935512066596080615977337650745321710349058402514721279496816684685229294
2401593237760444380079694607254083413438436666367070191923230460693702038690728823826817454296987266498334314176064116984
1299025091950040079841223407411375520419721443820137692991349273429479194633637129813821092074144387730897044583587923873
328180394723405594789003677729405983189708316452631767534264998231725171753740452334445251216121490520933075999879134404
1865247133144525669909610342595073332643137488175812541462505655189561542502191647223575955989444692340611267243587698597
199996788628839606152180803260256172071394660396065722011609656110115768548745717004541216762563320490839154922211239248
727711766247924284191080467478736179983878485177637546454802194294885344982078387995749719548477350142184604337479431581
585074106935753211429441325979074431957760831352404904801648720477651249434979491015280172602690528852376786858238916930
2137388720978298703692247607553826388186799404058005081033507604174555166328327027449350700446507643280058962740090184766
1798809865257341773538591776777226617395745236608380718537614326866626287483381719266938605723768645687776484596853815717
1124322894943577805419227494821194836670309702418454763398782241510071957144637513516598489952588004358209769337105822733
939903473679237874374711372094190493342015422602432616059964688149882990236687459395303001716623472366299427224028342812
727388163566531573550138133242823828373955422784760112167393410888331271857311394618095922120351370156473664135756838243
925694966445620239310536496015869034503763989598543864590240645018922531884015381988336509996447693213806222584699820355
770475298402737356986408814416926474885557725098237197977049463285301484472642713781796394575249630501231366898272177613
364258574925327629258327536379397151355778660019133846596427608846574127031462481280570927641267498722389402286154188039
2273077018863808920151098284644739866037218548454135933997759817737260061642754474054617569553673583617526229660550155194
610598152128568748082655854749838305163404997968238035339836077712357292343977622956032698290501024659075727245762116242
1509785679314471670632700663076119720892210763128022787423020531543908665150953621443328221319345736652661216309619311959
1923266819685958686029187594729690505126296901276202419709828439642147629634546529968918475778262669417996257785953785845
687914746442726597740853752739278037757369974469818112654203105961468127655357943269405770425012125032859804820877001935
2187520856037482780538763654594892784735187565873090954647657284552312410979451735661549023670898555119085097831874292803
2248999752781330821063817821897231929318669831397498628810862158368895853958232519973336377192664591101314894469391829918
1487099833674826312466434383229525812600512762514867345691374796377609548134664087105127438414636837623800861029057315448
843290036613158479607136897352261565886283673634797869604762025973625801646525886314543548470841621628925497825946002754
1408632212846452391850147251905812576028890349518903998410648615657596465106047082208599948427074057295674410516932949511
1285326055282312980532479768101142937166705929202369338868720571089289185729520912996465252980545383243224970092805374362
1053859748677905358290687403192181944492754549559909739352595229689144003496618151279179573858867902937283249134808267190
2356672513311631960035758793663781307080826292533219840847441746011918473636763667601998145792659461512485861788016000847
1580080369319372460039210219808013635358783652560319227697505694081230541781736224344246138843499629484008329802771401337
2574286684759920454887283827898341821844775950826864955812876974381306350535320241777317677603671151880537723360287194591
1246692521973434771739158560038571070080094095518386648683526048339932579052138972187295332816973093598169244252392207088
1551462698681100722847997335443849027390174485079410564371215690000312926432807206664031353038465403399707061851982887349
2382818155217449827371101400654997005106552100686827452853679622879634430135791833977132230904160543894661237657513801332
10021193325117000233690212494236363578988357659540399816762152343516382934042919535615134619597416977232983185680116786
1294633014300970847336968887134030248514930360666957626591495768229449105251811736832743380863991759589992617593969556861
701968798700960252137762420110506409921926461555277159247400802881975514451139173435901104848238318835073889968646966732
2377128482582568602516321735594066810382655755272389218314266669182054212658291802697871467691588163902706902981684138730
1833680802864804517651229375042641779277601220201349140806255550683817649752947745957621132190045010866063039041022685870
2176545717864510993795403380452002441851339550732604998179040902746722630528207063557631386846141623640899304770448147465
1864684330718894214182568431863403343952422428753213995184850774538214732821720798627158493004090464931726653102155089949
1628480924488060781037976403421048352581499944873041555830579996463460584391229669166320247096941123973967764302459553225
1296595285355455932179878601549626224806143920924371129522533293777889151601620714119609982220547841562078880877270472168
2492420310487902974610508451812168027862783037059321581126570392168983823156959892075468748731729370654975588003726986123
1239776113903251672133046370435647490838157738545324656654576997262504735228983424227386199009743853943082114079981072196
536167416482432824765074941404162191909619688044941782325552325088841540539785262050008032978563953220522464260276348199
551296674367948609333654243354840215425160813920635805867453991614865331125348718104777852572787259430461816825029862991
1532505736290290566679353647797771957251815432648392026315254971760195008246160130660559162718725787734028392705758778020
2521220190671090467908479542893659433589302225023127433792620205443887926424222621709543756503151471408882990209067990202
2095217270833413900028322004590054474992578603737579952562995035383643424304574609823133016202553061835141780091018592494
561798690749287385725883728496148918708064458814941424505929502001562911038333615993249293173760205264261431664797271725
2357669433424531133662196382051515522954701302829931043374294972322993117842714463783253698326193818739234024075806637258
865457318694392586543252032882088891209715637077674314935170995107458269642861999595562526005364664592330993020602101710
329848060209434877059351987339795077399161257223100504862487647969965826539787323245708281870854268705373708188343246505
447459475549347663460462997496594136945151392967683602010277039075157669703548244446293659458545916750257307990945430550
1017763445248742113391978996546229157117322431281714917969158118220528769652674657147966721973880998867239153049697366631
2107622956940757623768551172697093581919085098196040542778161841669715503784212258810256209380628312150515728993653567158
333942415568797393314778413941217845708631192307808381323775497196511819233450814704045429142478092505651427441109024413
2411634836979043087938461340925693798406357039874275786036040974100356789073669213445784433056375531049467364443960331553
2132032528944913481140736266762381018747572411795130643396980095841162373504643247674706300384960749158648876157537193445
2578123464527522877271270560144582784605391660349930802845606964420626710239912851027890135647384219775944925690717660392
445506349346644833398921446206837420990509467555387296087664069533729424388819449625798249819634046646506174169262885231
1398949002443902110130513601972640652161464526988226592311375201258706906081399699626413301496427926029374432832475739713
2565251042958106585531518417753574237241158648124650299401034549611166969531560055923492059007139360867254840396025621212
1148426059444681174944234336748646192131052258497913894914670595666922823355237564921371874893846856986365684766751747494
29787284949694022075145932494050338970517429724497270624474531935635367055884252662392006852305325322961545027725033052
82999092294360729606655296933182227854387777958857755915478354017335496030075041449836163677784499594937154814465563362
1284632246412257099490269567262397464770560371850746858346501411245470790997506545918404318687538301667979047470618051897
2250477875148692930699494544204315648292132985505154373225557611298364865605387066682700869122400121054184312020702499955
1006618727947378229403699354984780201379453811296259129261338836444427859830059185813175525003753643995198357198246221057
1795865265836672502287354914060626600217992063705126255814686751577571862995837297948020208235843161750519545006775553517
2468404500326431447292306133253551789722231531359517765233527959764248532344279707463996014989802655081366214073684719545
1333963027416338148732237191837663438034040699966063656507878145783258220618576101664165542519780137849424573260948425949
2351830310353497686675054198275692559660399933943835897989079477894561936441450045396229567831767685700852136994536763417
1540849318155034833384569584317620726514308702433228079883014789995374146779980309254935339707601435676660157906296193395
490966764623130756392550261610483598936337857909244013267523550345287065286253830948756704489679414240521383168741634607
1969016262405956280605621926169260210411500814269954528830135817825580897412991462944760330236115452441828964196532937938
126610972611500774154422535306003976923406548496258395763973052384405636619371797311683177704770679099862020592649269830
496829433665810037444964025629725064877317679319114773565230417004210457628370594191817540970796964393182707255042164915
550148014277770484371764896775074692500629346249795094008388259355196736633783017552835490376801961893542244825769467101
159241929981356186466080190913218896581921112173433856220184397956777448665272265411238400215400997579985646790704575397
2574407776666164745862339209098227387707914562688513653229202520599190652829870674946508729755706991645399264140732128806
744513895447267620094100498803653109760944492471073032036114188232705417253077103355332425003625806345045232434053992719
2378236342852462721739275437530402206598145965327381857913392765250675349259168532760807457915046605359576608491700235692
2328311090222906387418851772053647688270634047849782101960129122383815141421531305326673795298311115808548850742651076085
1236247646481332581700163434749654117492996857379099592263223762082328032416666131578606219269550943167703968247906641840
963354207966681474204494291309653745053680894931650954620507465653030627814349599767482485522281086828955895953844459832
2441909031884135542283176740896222366899521979120077567822663341456119722884962024517398884884864416814341717634400524584
1244851310806302839497417422649777559787942024899202845452474477328313975469894873446624646081127341647183352172417637280
2020518459361203181199710786434403212527952227477789128121616096280916683783698185560427854802270057466316459421238946203
1917401597689611476675690081647682742440097707346826798921369508708405371610866786716409022249651482986261124693742549645
1397284208046313894805952595291289667120543130716627660196217104267517453967318384459087031634198786680986809735356237089
839978372965202688208001877943396979282576528574522111991926772463852585210941552989319792542250932251272629987652783066
1300228698582789419525904688132839778052525673368014890566911397795106307860400928482934038375964528666824292761123761885
1085207546805889157961208808546197017282574017401465744746331499331032586626440222006529265563194514689891656170857587789
1406163198333927867051491215446923738277221873560941033190288400288799971136972034613961942678405395779518215327269772512
2378558853552702864598565283266763777486051359863510503308112243973506314760976264109543494072728396146799570469037459797
1819653570732746881122919851578364951446951447807008778943871156889457208003794769132545104184663315642735502307138685343
1389816700201533174037881127318115090411007950084610325865887546634389908238140968315253186181341433964453783135944891370
1126157041681203299564179315663185113989916723477667444580338101194362706775358368365904781689726417197629555944065610764
1106603570737885206942532160967440790878539451921759923034069848353878529669532570379065517943656926458109965582165290943
2389607286323285162658274091948607599554364655794401483413325387749428121005280377162156486638858813462097262642758821791
201919746116027623210007711970458768187971685998766039159357280175331780767329358972196360460161308062596753142280829635
1617560744578744675991718784338819039803978383527960505285958225855695445688728243908081046748654505626768713103109885317
880840616638210643858225259020988585344067348132566484233723624545074863771756632469661952407434927115565155568577877174
2196386024694683165090102596514616768439608677928334113040877264566666719789499502633026793118026914094401511870944756050
2190569715674462049008936815434068829595083593681875498111015421977106922811723972469937710519807485579548934802876773521
1669554925466377639431809594232295801372655290224508714073178684697926945464126530159571527838173883143219815258185564105
706459819950141841913619882485579526085705864511304581088690031636216188457598599506195160234389377379086385760588037182
2127588659152317905105468780057539402781731233678611045509748081512767012913625324442402811107740127232554376919682036751
1206722315300409785041282515854893150889533544916123499131325990511805310517847631661088273041896893976528561017480417161
1585087706124097234799827812620730069239959892786211938060527960455455085074988056578997646662126481055365159339535496010
2319057874436591283146274034580982833217046531136904834898433707986133497480938532420315438341127874057096583750948437745
358307263197503130603561566611492064620636911720899113026064642475114650369302419862008543982486251670239237652211647823
272412783412080292076881495869743320049594069056238437639167893348110656072007741040197470908107007043376109315272743445
158786498342570301903602238119453540196709489752688228914487465979393981798962908596005648860379508401677247718677693042
862136968948653917873696519391573897025012462173097182717140449614735182415667291848338233634936571517659450569569425550
1767971057648623727492839892473092298284628057704161171678210403347663756031312003512314717148944850080428199905806686780
818980889852013115109843259465943981903238408817674911759909532434073771123164546881167455830891310784479857025308943344
710280404634203293398482801850267956924721566570947223978941935360708731605226730571617930665266413985309908172226477856
1983091062092896503805314106333677782017363611527929325930838112567139585147533544332050875643884179700143400711718375265
876615852756824563873314424964217695125222872607735309845907747689674483732033200664761322748920848154590132800014910817
909648289109903142734905373612849331535890094300856838223766257454755029011805665467347903602400290794806338038990789300
173279313812183656557921139697260590886951658911609322673741656295411460280294305677562897614776657712178923675750010560
318799120701362611484543042160564976916528059784303373950455350925138973392210201027107118718970585803757921780821356890
1266363981896451642658680148776304550527762833740555210985093384252015037884849236551316935435367461117928887048842554932
2019754585325062793805863317645746000743669030858629296781402452587246319484652441178612701216553720250072014546084919992
2428623768126905780961765355184193845923579494898812504298303769497904716035875963211767123394495120429144147010480051505
2321526605183718501550051413152711074502701597244912722562375650627447115525844561953345454641115731092428528485446319545
476171065592525647604844522162784790464667452910777860549111885671236472928690377131905606916117616058428433049920995050
533146879202054788120373850714977695884090896959008608596734856506110245219772289938236911348244585631409206475692835912
2200150011980948525334412570864660809710486730988208648067535623019941879361220715147124419642028030260317518903152339036
2435887108298754946498309887176535721571754600278633765636050887799527836111637646168923488789355236266723232108469613087
1154979721038496903914689089311430994217238259467873130249355441262814436761392941792959981303805884362537379122998507828
681428647574874752284019829343103744701492412665714528012314123152183228923574020772573453581848297201970072180825133911
2371889287873551422329863139364361494800824699222134657868175672473942439541081850176836308924994178373633125777103807949
1032736665642232331323819745517088951166956591010437305886224356351767617501958092468880511670950053778138802799530412470
374874961661282627624419666274106533519812181735493474486183903941772934299403957187811172448089330560080501803287842114
2392902983397072484741802870221936944362284526288574674705749948510851060443440977309437432472385007328953376997293199135
1405834772216047379827234711504234332558465033055273463795288295536940563427846269636305940275949302495875036963072616921
2103173176510605627747154868800334499345256696323448338669274509210788681376588523724153441528009490504041397822271510831
2263903402548707787866248444408452261563256923981520053046830579620219828191901781576862331562971400829731986225996436665
420497928448201804211407889345591312093635325079478131584627094833740271858383386016161595749482566077131480235197038479
1973442304931244567640372487399326165951930964455934782121573352586810096182743413200839438719267591334898084017277627832
476057427439263962363324092412548810171287683228140140516548675752349278927448573403633063480635553861799289197128159016
142159842731675215648378672452644643617282752983748058104122184791971218307879117793335669248661590258472353496965370800
689648262891362541597369308320012921972591940893554139102903781405486276665445780353055189658681300016120240217048102158
20507082676703698137643006516378917405171156379421130069804228006884848285640189704236050993961249155474865338887913528
1820317113524336271600006943465405174935708320884782876872069968182395148282995011349362831820979474378294954118943967562
1627820076011715513523268475183003349134096609022002416939860868966325532684956525622971135092862583170451531851728932799
1682799296140047003135543760031510708477530249931675496144514604144871913147747301137209488424284450523898529468145374479
1293825104634391279652702052568823343456481414415744515619990244028338439953293421165246868743419813691774401616114486992
1258643774934351219165075997822001320244221350148612723400816041044196002499769165563549416854058791302654527198491753006
90182611424584268904192276928725659897154727041756658167329343707182765089714699973201817773949501036972642034170914428
947083180814249004533150516608005775172178793169085481665526591561907815931477902024348890174954182022095823680678880006
946152364638212619531462847572773755921183607630768333970914231846796640521870501054130461828419209629666505665416590769
337781572546887498235765339739594770373269228372220333422161297850650131199088937317627574211891739463765418906027499859
2130630235667841958812377363644190967919836797716674093522481283540766308266824036008959524023252395674702011853897519283
2283717402240438137011577243277573608048671873163852346031384834393544933906622087545017641940822646728813126489265805189
2499606676563094141272242766513004312052348868421553080112930750247111578399234951453748535602214061708372187299413831220
1474486331793702707536097387560014345884784362345308829674344013992747138768128540825121369919332290351607599883496814210
313431250293432721831216211154830203656773582082263881725503699121255236860093686506802966709207863862719265504604350270
2313940770189588204873146786497322351340110024477165305434760730922805627570273937145938250064643356089907026751558079351
891034017531392158663674141820501060393063230965034973232663098472094428829690879465344667668122212179760351735946457500
1990748875999242359844013791815239455628586373190118781544504400731369073724957281727686483655449176290425274931038483656
125908837856455331041351832155550046108656821373677273604656011493142622318341650369303673381821670283469009821529828391
2539302667773529929008374597417029805770607518580429357302477062664961345591091344628617202111443142301378425395232326726
1790063644418236382770389200521158031881699336146924017305980290220473982475550726830444254472704175583201042090485227240
1116490553808627780270388445185923178090451683465778115261639182870440693542220736289146117609261246582664437759622766752
130552012898963581561124481711190170592371359477391837957617109337333081023125503770142899507585342061025429569133726070
1372027721899431566131579988842041016962121530256232857350229777110965346621409328439056389946829631832993348635612864527
1792163639140712583947233566983148287416035169037137527968568650590097768361439603016672556491577673081376588087732328452
442281260751647991264910961181105629493741961434847171999192434257725459219837871050513673159112490235025728015739658952
2442869060318287996063098631789125710942138851973547354064650483981045837360878868450205157013886143798349198857440332549
1832623418283378466031088222871341663461048659976121247970817585694284526972077403995968077843489898724871745777160153624
1438111721918484631817279158536462992358044590717223465369831610613072314168467603995810912330926095186851055910354709799
2434610186354491599086540519640087328022327528756761492064368112758639124527937138124361553206502032271632993200218098523
1948808107697462612709050349259540068254449441694085922681006916874684989270902948220520349803870918772680547111228932314
748752060102783626503939576420278921564262107265751468275149300975650571873476569699794117988888719757656640183061276030
1536924535773853171308752034748734276530701779834810880594562591689406203014930345970431508364040000448046577912143541842
715408790565098301691080543358427416690543912789551357336028792606431064851078186174004639557661934726414794874057768094
361256273148337453857817863856031978492907633251032567434955546982719986286566779675733219084892824199047125358077459077
1855474596541773997908654801033843610940749413418424386656078030750852482786393154598576416681670517957280692911842620551
117573845893174319125279429429457791725360746005328622884693231775174534388779756121188071459906599325032140281567087084
1511340765249589567994714442150245626470529480550638611677082154486038550280592369679821277977409620240991278209921019179
636865547719123486313191727693305222990185712245972054062477455328692480734614139723623922147778127667737146524081142769
1760440964205568679561826110621507497904473024449198996364978720004767407447896517232821594744310278078492160181339281888
1972310817652525393069000522320450387072002591781000189407714400352335737533224005212267147694784460304606858577047948965
1113979471305179575542638926364966139117889761798386985022676063767893636088569371932446541159255218083731217114779635910
1082270614185811070941656056819657152738679482555776311782378916759784577311201968851499882721881220810001265107143118661
1503895270896287620218527304677407795609523578229849877518582984130514515872591276686887659764936575486863468132095503639
816944128739847929151802407905784486843890043691836903655808542827751544315683451357899366973159756867860642954643449163
595184191394025939158987138129512056742267419261934382146911910290545262197638160602217902063337813825724513768013190849
2000399849041770252962463900919805720279210186214090394013256613385923552949438877825346574603894752565384993389580644531
2295852930225227552671522112078105834120480925281134754248934388511513422346204169736184903281856574362917689727751181207
1989543581192546912859715695644460379524115713316255317200124906685490484661155742670788180904316842466047075689617365420
232041688857722942918858334228758819261911103593918705085351413297268171072107397957916623330391727191113861480676175756
981252599302058943838755355884779122223116898207245843028133517567341677722855502810959443003995355023609914120965671396
1883583569703069102497996393920289864476694818622190859035664079022475727027340322762731155782299169650505777812046437239
73383794133278167847290142448254926090034188362559037300316657276833004298219682031545643881177522939031759774839159339
780090825128421187024849863217266063311762389114836917276019012141838043262282931998647281619578111124188426510417952131
2192021432119220178578758819617438341077604999922059420917474076194127927567388666413744355132969731209736466745740867169
2383380739914350768714974248879452850058594649516392482963363450533162664608581817412125081482675283698618299602676436376
913645040587224579962667706208091074792508360866027534909607191659603969701055183061789281140700958010169020330858191331
2233029153924789496155517385213781877900404690563512750091991494038026134115318484297001505016776762607523057570799288390
2447799185459318221297526715329414092996136251499880454116610148206168273474159284186622496339634564572183560845811879196
2243209633661801280196704812973915945828258371260555481908863461130519886728594759602205350583348890681217068730108579201
2090001766223908474870458049850749550616087331751597715953563662754908874891272131343482039681114246304781407793977302732
21935506511252916080631962111192621546019367065674479514922484468060647257758214081669893062618403500162719782797821719
1244275763730785794959853402821389083485043791604769921630361907344027821945673188355517510363565691848239419970241119495
359738469252506546215775828614489644987557576855370691049403836731337145238620016259155795317494348375028806809929978741
1674572451904409529108299143708473850203007759079960774372158456557442399206224251505034513591155995812340473768159247614
559451671437411233224577545202387324180033898596192191830125241778977087003642628107311522378489095431956013816522229999
97537450684915876541852176642959410304606939866617667041455127948833327105558112390099372592514280632512941151887630703
1306289644913633369969578219617322782588274207046686170762502235987296193799464160254074010771920367793641845091581718554
828977600505461867648019555134612942842990801048419389678872906814450532389043205116126105060273155457828935939124837964
696065645577571165659452444012447142386014733743210775683734840264291148818428666737583352334053702711498245516813953451
2041056537910896470757572780214613483945929687598300569905604902850736530717290703634682064930140632060721404879271647999
1983683643147610165970255026524293988664206684319625112974814523880375180431987435169515872131258538824817092579335448519
1790334656955590029173943128665074813824790788373383656611586835647769969621567647477306760038499736239977069109249572591
639178845917982166935527491181144363316211897669140747256873626671130142328099943786160447815133149859818234597677179529
1462712724755572176654868864112422257980264422253975563695128508808247918889029017757300472658362887877274474109393346778
1230707680077608973910802444738263560912352147365282284981380223719858192276944621913980702734732544354835158721366875637
2378835511956456584908385320881583269710467052044567506489107672276315517628148178891137284385102025282865845706836170319
441030745410719954107443804107528738694073184839604012388203676485365244690494629246986141641809233469186449592602480527
2207197475446118072631883765526478540589233611369934569899726846787695876184263330333799093008141421917001605893680211137
2286679372259008630767378562083040479183218758984305747518026802692578288608384394683185228633089946264761565945609585363
688856696628210360689127122098071949687416967271381039766240229746258082191525709308916494354143121823711679090996160625
1636642812323881583474012451622065777269348531730986496977842794874540074501668629356900636973557499266995618793676863949
1279005740895568016747155911618300418066127225359929845441786040201759368553413561679483382961083765783636561803117814931
903061571438774730105582249325760738560163275869679374812816563881946457581961952846580977828015433927602793482091148626
2081548269225260276535283046113226396230524261279388473189000193321544276714488277737473621705222212811489319423275784148
1671495547676122028732200435366080842688359685329788972541362972670284845229233901430924047106195846638711089897504898461
2015941419814681051483213972016008635538630855215685976129026575584727145759618898049301380656824366864759451545693703292
1111238469149472944257278672425106686555079039398328195360113727545817477330053833261466619718487591976818684217575798022
1943939508061918256398377890725245408592607805181477149440833659818488477350974230962550414167514910133815380758899143330
2179022458376979409093078260031070766514624916849481476360607773044928603234408273986807208505823697830153484788294307506
2256312250359366489589154260192320531606145152234444570452896440916931533563025797149367629853545532013938649025507181108
2487667445010720114199122774877605170462110225823572036992812092594207762947910666365463640698603272061905862473455845969
384327810826870062123237781964722507779716195844682061046551515661865376997200766755306721415566167229328418295203615704
869099549534519223936769848374489977766528071858070376133079681386409648210537039831200021323657941202989206022268890325
932138281701261185915802011359091922917965510900537807487646769660297329289105390956273428183863036041198242221362394160
189978117666041659205477046332026962470173883045856428817093211132892387561547141202903519837165193394049000072391329576
961651027491854749125312055026742030164480462522849589436936223257287144761395458690451186139642772167549606679119896968
1517743789370725771483805677895924710402247108394530436780853299190679721828642722952245819864045672350309752922571753855
669251129701901577548398137349182546804226964023375865733102100210944152485034108334056780726517123787098904439837786011
2390525155910384439797022049053178009753535487951390392472017528198508285487328311160663967587952333632044239984727753882
1536305677713251041301472206996599390068241826897642004928062638985075091474591586445819020314637589611152051293505927173
1546782051784849761230174708080944841605221965336907999264160497549698831146684585631745692459657454187650593199148830204
340684606432170090702602177177217447135590643743910119820518296069491769537922995623889000488166759295244258981587876743
2485790906168022780826724515189067220478729864846502600398684704638708075845086636676257728164974239447241707622075427566
1313265847897065922763035608163780110469910461942195160120259662832693819771656854482662841549200598760892172648777134458
362477838036115060176246687560320468259451254436902783218556043256240529919577335736366477946763582224484250563481665175
2429052508349593793818602706711194784881127774567973831536967954704836205849759280561160313774977739879227974533004898548
317844101713242321837502918155433025368432219389029863686749550724826964413025529645844825358728771604570392754672914531
2323333578198422096156182720748239810122663493766839256004378194733234144565586885591450991171340860019985732679704621977
891944004445850903509252592645373869827820964159086350152307393245829286532765420535322984570035559122968120966578053203
13954584810850882148479172537137619684935075754363040127818838720058266929749414753076437271280926652109454584843017886
818455123198628670799067689780904775180682324200111831893566805493446454935867806099298303002815890369529195655690329890
2011044525431077325941865927019369039482582441133979584136868351334944152587802961835194801181097465483409105257762346377
538932554163141719174712122297989188122852865008042899855855000142903946060103194994383020257178879377786943313714105103
2019550228092110501686543898480994938172977088044287403904641663280463300424896333182823335111708337953790689990755655289
2013919304540501884966507569440716026581045017669471457226084631173098450129386307840676563702678466802707788447667429036
1873954597851463507734870428088669397661793956882362798404438901389445298166308211321421989072571529620950923598188809140
1350793774243409050389035648748692442255286422124330604049857354001407796502664362132209909942801098208526127768210917809
1136825506001012466561460068827364996453581780229333756654740404791363230254230986124851704884366498491033205585124347434
1018598162225089238268944898012780483559716412272108342908236414683415649031685668799079093865771044115907373554469847868
692148771377671963757603274400096241595565545394510819527441641560449780565116126484758959348553428833397657398609518997
2459651099131004099457874285427184573932595501958158999938562812721450031766321282874134440498680060081146338723911458330
355929440226892222779904264930379417109759671252228004791113432578205328488996682868306671954110756088808921320901649983
1443333819164621331351243244901740540194239627600895969911482655531196438658067878104310368809513030755429200445105236130
458150998867298737001181821038715675869946566697863511988215068489743113425211743088335240890942889401241981780192408068
1946877797500254974570382679367120441919365320575372821759496536584673555405535595633398087438346810900546366817364814452
1330682377920948499574292798742177702567199093601271401108644594558851974287838569469023685788710268752477285512657459310
362584863869436516104004819144626794056164141924384110321620639267048989672692425711214800849687106573667979899574022234
286289513295987694796400484491172112109696080149479001938412079736746897781420641384669821180116492041799108125236189515
803292164504745247625327269098515923960783323434473289890942990610358936793849875967745687808142755276320456893927906844
805903374880138514905733966642455356289290029708834360053689417549830933688483313937683300909174256591992725712434228911
23591666948561683412786086653201065636502160872002415724738796545121671820616938839758751757205297821484487955187221295
2359664074726636311905987666953631345235934015174888767631066778786724614265880782173252198370094654747722887378469528582
1677270889071435661335458303147235830303883583055266012258070237567247461929743040726569833763821876921473872061295772128
2255794148596732087750349740682130485532675807134278628682497567751068333507204521190762590659008326695639676395467126471
2431556217065151942593537855065562859966348671049013495116734352322711872869050027995946346465309662789992465399320593960
1601666082969889009687569036446932833077064508216739965838797523818765788792240112361700967388567530241355355328264252017
1080605525551794030397002664248083734366022895847594467290899064830881719221803687104781222654061843164762168233492663308
2129829451189735216289120405006478875972587085785005262153728902555527268016518210700903962470257350144383648585519705821
1185381601305944434231186993500877560914458671852664858491584004511173445625633391779704570150374505017079156714561329565
491985950552649629312263339417600789574341902456179880078347723810006266489944599938370386397632091706215537365468623051
2103403695386377843955500813542303389885761917291082735738935993033952632969877916800286350664250453384025310304067718486
2260204054779885508443857989974156589938274211364482818965705284604951916071721790563692902989328844333150462179777639497
2313440520293321263765454776479157693683269056862682826709534725836070077655935140517395493752341586049450214037298475267
1349238497959264876389309946205195423407102931373596962319614685926368160659327810090373344720409313408977752696611760882
2444271294008418241231528397281749814294479707456411441259682272562763154604879156104124381618302570151657957973810524329
2569601128881233506197009406119963844165327900068196445417985151418642882296676055795423337428690428389449723149426742923
783705265797369620337559082034246182233007958556212286548282278857271220841143419303071809274326428393209288875637995635
2283884081883351368804879839565288223523844814118654073402692712198166308670557421401242583562737091279333845314735464750
2263706713640210716672746178271895515858588935241108688664042640197099631278854722910937273121633227625452292872345737304
832891873231080493042868674824749150855293559175474109050937478493600910316876375989753636902914427300172016438660696995
1254229013153619399275833496878573546270551238251359953647602470996868906968058679427081775114446369768368462216595711923
1526355495293445313225149623251494063031415843726810206845830183083061641783208348075029817516281747991968118854016909270
206206620598781950577558105140650176367947438978546154872090281029505381685306169717072499985808035533965818094143981338
1909359465827925277849824545925592051924358229182715573278301921943701009698683398628911923060029709296597629082023760023
1755220892092401716520431806955924776945530502308799701122707303253380443423631302801080301136475325595534582008918824363
836370643594102782496007696211448285960682343603534852706984305959497155421113926344641685321214671625618489972055754208
1963092956753648645271612672101806628521064842559277024599428433390564928529626814098855420804329741923183862102002899344
1226481135466367020738458484470685279874158851063231609961370303607756509784951475943212440791003202553460791734694668716
1308966087961681179271766128625493659773653218098079644357145528133524351099566371090437895124559923162400897869866696742
