3600
~
60
~
2
~
1048960134066286025
415469108776710450
95337144422320219
911346146670572507
567365453376429021
445374761432945139
572514132486997805
864529283217191324
202735920323481020
809705810976892435
180262254425101694
783228779734240112
234043349043961252
96121189114658298
765496079972536548
807496525134169663
1011733128190794456
999885822527217483
113852933449806828
230866936887936449
755038559961644327
1075933991691241448
263663508414951429
701898730600553304
770178838298774329
570090861221660596
834762369119727991
307054593565115310
329868477940649171
148102706166859362
461417083971675209
540656273087440568
313378319821608497
250568419395595945
519883589708836078
973114146909650013
124094628406537792
777460447623167715
665382252429014601
567858464331261469
919706541792527589
81601180474193139
757722252691295546
846617558495730976
1661097467246195
965488992985586944
736453084128301735
445476645247309991
59675158873850287
86220693682956402
963119832508729558
55537390443944453
138429018398454495
742136380067220547
1029408681885680772
917236656683050355
941175000469564158
310751612408271667
435167859484089285
1025107179669774927
