3600
~
70
~
2
~
712732924403270784112
1020128998655340976579
295160103835471520930
1098615510757767808386
1027581380462891677785
179547485873777649793
497102919055754601921
1030193122515769227756
909580159463436974582
628368250864364054873
621909848462403397091
23904195088172139823
388377215386705094390
33132029072503481820
942916997207207756768
990268279030083949948
826788624710374844035
934276236181551523057
755106422380243305432
129261199570877542775
781441716569351446701
152839664243803446818
287115874389682614099
142806745196120633968
119907767902286012137
933067944722045894688
30178214542869164228
609441693164985487851
777790841203970856862
446073291536524127825
643243266481380531002
33029925104788025745
1089559784681530585749
1170764195786498323653
444572728672189344014
724297263377872204441
148259342762567714785
142066477385954345126
695689544509452383249
1135191033381938819612
90480157910872084112
956236483853853806279
1178520017590034670546
593060475314125987124
195166894500225866696
1097674875820937900865
590309081741079856896
596352872369568644772
521090338808247917022
662333523158831162245
491599355999372961234
435546074853551286206
386726385406908231435
366622062339523253785
416120293342847828606
1062790847963795852835
870832640681379014060
389722150519107269636
926289378973435922286
1144426625317053778861
655588516839934977368
661073781369088152805
439600475481095137122
127467843532032529450
1087396191733792748594
516961501067433301774
376500249222980637678
557263877159755882629
1018322021804342693124
767572168043377468470
