3600
~
100
~
2
~
1261655196052934132847894392059
120992829244917392164375076565
1171129110210749669423813913342
591715670176630626886347725910
226835578968982574759133089944
1058896425897068833599617116743
775720272400257151288934753322
702246754438565140935213223085
111038836504972009226794754807
531047268716427492107598055528
1030041008634161263659692780512
1193812327874452206988946063344
906533234253194924346830235676
1068457629667815178553605992786
1000443170876755311963844032517
910288368131473065931868796518
978241164280940810589533381722
391012957172133228698789083140
911195352074459742740573381681
381373076230905156923852528227
399582582237512091856441978630
130409677873795030102211401421
771898074886060996973946887587
896311458155833665860220365208
824710247009077400064629833719
192701451079578854414580223100
505766442307614137108435189192
678171829762951860010906488337
935061751984942326728756146966
380674897397588528072832118182
1207636135938730304767004854272
739941243303181982664735420459
1266751538296882528009386462201
1195987003824794106957063592228
327004853254572996859579807797
649696709177397812601987442188
428364321144423835651141605414
155711097066383101029818234410
449819814195622634370741675627
496218226953704064708474945374
220600833476352839160010378549
79471849018783741500789928115
1111218753003511577325727052157
598749542807648683672823430195
1060062287137866681476193491085
33026603216565643014595154392
111025029188925473033721785602
537286207743518496851190316143
1188807197685692957541588998739
671904724999540429716664677607
197418143412463142675732626764
370000829688079146846094511284
1011038220241381723246408100279
166952009227017947722963732832
536283134359846912464983945858
377936931000361209618730567062
627986089567988467902280576816
1115507890099335073624956315111
1015926248017807115369273585473
1245536496587837796070673629974
861919091982185770375738436251
449914182730002474300433323688
659654149870252065164172095419
104234960356675418442722306517
245126564088745067526898800965
82950005314270097662284334601
679605391809982911415432286499
411606571078502696912603487881
312464459777257274648645648802
1235738241636896288901296166499
1094049809321960212135641495221
283378195697392952695559097801
1221052398801611981305148096526
60679750516415868784578632509
1122532029580163445045847382490
232054905575623760166229427539
454515624558062867101773146000
1235140924377530609458653597446
729128706040413335417158043163
982074837349416995557975182732
519767222369831659035409302650
1258068782262544693150078675273
1023637540359862169497010185121
957777952774260793365861164872
1054675493004381896731144801894
607273399405824191404667966090
309427787111339523562614358757
1190385469749238536477435327902
524704349304622395898475032390
1150159780108261234537358528840
992427533302740834747119300377
711139751305092544057156693592
74592850734833032307569826997
225080937007972806347368651525
333088643068836849947127580481
526389146381070947766826010362
682663741113883313210609510577
790775425563716335893198049308
249054793205374333784044438471
888524781094232202547208213507
