3600
~
300
~
2
~
1268561382016629360832165855471605377976460912259527985799459709988336502932500459721577008
1177680875875668229969621480837165024464692788347576629226018684560335969523500018660488054
681947875619805762022266072739726185220614331235905772832340833874595060457094230838697771
767280290776320531759919375559393543287250342904611287683100882258593959857753699249593146
607672711210407374347427217697701769419386114767535172511913716808144873381517065662831868
1545083873973961563428640106612384424842760698278085763402801589205234190260634986641349764
1880260112396916662161554402035202334556576079009721125782815316616482109301920019094572977
1161609199083893878722243203542035509788784284044648041568183078301430439317533570277249683
47128181502195459722361802497585998173062579631271247413748448469090403967185677148590268
983901213155688547825789010324219484249245298281749117952873802505538983378007582453101301
1834428921302757964156478141225046283351850373658810912152766907934541754439620751710167172
475753026294760908094875337541317027275142501374870231408941286762640824415200222019570661
1415286423993903248835334615542007038785688136094975814346705490956506173411334707972350021
1578349894764962630903049296042867832433803407329079657756852724034288637833107896793258058
1546991223788989266119784030416305285175753200567165651534488479458560722902530291213275266
2028047021788994803935109805914318852018511976652182883389599255064162077031795378328888835
997607937967757758858111584887797015456748594398132292881230048552306646045147647722151422
879029183941733461457932063252165346614532321247269184435567874168508208161817617406549474
27049327368704974604351797593700666861801033141816963695392457483383676934685411157509969
76998532901895300492063385849861373829898361835365824678610920617262537805800667810734002
908359553960090263214539531503074782287136031419144598355024870653515950192308229957237584
402278226097025593910291048853241894182104610222382430862343450036203654470221960323508385
827434621038593431516564548010608671983937977757426842975873229415024001885018613137183435
1933774526739618616120777176680062474170111720750810075687940278745307593549356059418958920
143622057569017645397124818675322987490254087734733813247701558011656355447770078425935038
1109325108690308978582328547133639980509978735920670576915856040812831279642687630921697577
1031966567559635825001907892508077655075877487726579981977494498652956504242194914921616656
595808718187738608246396219766170193220827847629404240212949749599399172912608624569504808
1661583778402641733958355653996085786550445648853162773183946862992128202807008131126057640
1533722305310749573057311381053703898903621811908372109354605184816721660642172132213783335
256220452052202587579184374833230552531250990495096846851657506504859392737352381278291169
1831679794879733667936533832551101605760883220562823228509011573327496495212743828709129582
238285237116882561966307990101223196131470312302156229466823452049698375331657944385258593
248149465803278803915251742905953607511684544163665593562277333732117144693064037783467904
1378456975003676331721538323139344499186742133632065853444999072481942296263553233311643857
1199705651270784631732052147324281044668053594461892923050767306568002104627142388704611556
1425698696235045335350619600777966709650168926253677915436562451314824754772527731046077866
987849642694265433926094842643834910209349104437945052125878466308798505286744630271776762
731203560198330660871144105049404112855941081199382446291233376328600233135815411925419159
1241569682787324426853089252782565697463225617649807349923641578673182114574170078906255428
1112573639951276400255898652188980289926019125536518345153405679282434524037920664798671512
1779116374639439383385501324480551592973258384168377937379967922017802934940002298908905412
373514621647810785971436730934385538674443399369382121851179826677235965126468971263555493
1998716771807780941488680958406791491498372585254967650010369368357968521845514284857030456
1162455657904435467948026681465692042606378467482691782620426441400295317579353443583958339
821219254612230990277382067730456967298947182099323297464750328151478152236950474673971276
16328946020125495137956119569647201761449478367998076679004653164101933867282377214570341
812739157822055593252057802254648769089162441890276923475639377462277001610933262292005317
1910410146938857238196462182940218658021078474384803318143041896796106460760055830507425030
1289127771353515624690078496745348298995096659158784991978134188344586087763520667755373160
1751959443043115744655314090450132772799992451571410647974363048865515748718153562182030173
1245874156279114493395888670004544360934215145770642795060992028174097126867940640185697081
1695645191815984242583348528287846470755879046206880652844495092795673502614824757507038845
969950058314247089268433637112355769279456218652024286104357872176087262520396129068838829
958762660468364197793202313674628040290946350703224231173832581284573730100398467289696446
1826378199658522658151642436628840962134546496816642470798863548019293994419916333677888500
792723643007860286390158886116279725463885158205014614982600765594848649556286111192086496
1204492133295034610201867406715252521679776872674337825389173910170271401026840375782800422
135001645543808807687313709045607047655406988523736064977113447202980981393343978205912939
1190700213333191494385817997498179181809427409903476242769209867952941617973684326005264899
943407145548217534963574179183723026227075525518341099855934568471901370088502464296333645
1744403389622308033159831746774900710432649961262795577717869874581261867561960434798387613
943133129813722945875050442173390870129608690375953704265963041837852230280777957682715458
1022524458638659322979843752528783557475582233787890250029478729010049840904806857922668098
725462779515349573335575494129416743922302284382210912079759051674120269536784786453064287
114773250246743333348426996178477347577058002793460651101567815522191257486057135691679103
402723758083903099573410355522120821619979312499262429548027423332202956593476267489115874
185065777248506138008732500346999124415317452077223025245273260950376512504708555105816592
1653443797973051437748958926551320229209958084561429521751679094366645407044925787173468603
1206808195403416734794798791861013424549663599184777659511253181060207255834819353480973631
265459517061323120217606652018854761249408895243838279605163172915260592813412719242187348
1400183397656966387663448035581869567207267728318985859580305246957605505487070729742382336
1462081181110435315945134816076362127805975606559900716653828569158549636863111917182333886
731809342104689377778677542126719658598599962425886420319184588284768171818290877328654816
71280605947257206971670014201207793413418102152016164412300512181579697163975262492688445
2013057731411020721403181292330201732657457431234433599295634863181611653845549079712896632
321199286701596451696388018668058617657930687401457658797205204253220614272997921140116936
1721466619680449431075672652068217051572231059526844350350862220101044013106856680908621173
1499298395681150093335616677476625540001713120504878768333385657476390472498617639960064352
1533790146668600397949874917136206579315660240758159900895381073078238137298130474367807620
1274133889535540862460327497997209709177410241506859749493908583719906008641913932021481820
777725872613587835153193481343395274770753501613356582506030429061506928920130020001247996
1251077646523100205884328778668253963605622272529990848677083200447824733761682787536059772
1661652846569634834498551978296460561349339570346277662602864699293437992186552322604043362
11528722029239598644597623325822624335301189349176734623911398231373398959136675451487649
802836675366339191328526493719239575284388383562795081302791130071573907968895550043843377
846087698889394885682042529093813438987710445915344613953517522468965225417485102600248215
1166909199341195577543295002956044565046488826116947549614337865611517239397748515711149501
186226878543222577589241647040720504970787962917779088315017712201316880123295294965765808
389458427232497349197791577177704372207829249099932321204212490950596692677664372679157565
42825795535208136753417305509267923609055235619306501355360341224960211293261097923180720
1130201866362771768025932029379429326398857059761625494252794288522134677790646608362305433
349561830425590851051296187914770683450593829795709152879413442369686100281546017023793927
1700846155225148454953833726434211749487006161481139200516341738061284117008385036228419692
788457674892962578657514006852524876892960948529939104849074557727462952616928841118512360
716962210297523754648431899718495609608360721518374015057694127940948747884873585458353042
148045932693679149697088718920815372152763855131251832530636400724114592487313215340367315
1727577092349653638975979483944853048196949664314737315727207213876977179300689587443154357
1270247479609913855525405888487394193677978493429988320880899463474193681381636747656646659
44319115589332507096149157989382624609489027368033515101626143527743430889381289932941915
1926792764291793256039205476937254396631788445148009647910125915451397532029416875788289611
1909656117323075895669723114651434862667367481874595741946845248675279422690122514508177140
261351342838863169621600913943917538174130457239051648556727056200055293642176709818716663
1453088581261812895743151707920157203206074754221643678824438953871968670065534186540914577
999690179417591727007178993580677235399081927015894617081315672174401949052902160020636642
1714305730570027104746581953916160230785450317246872204281781249533932709644381821267509139
1425635225985848465556148761625474044876502433028008320307447746567694865355904045095030379
1273526497136818035564863778503603371453329047850429559260948464821203452218758792062447534
657467940604753353416525973745989600264089289319813917135918683467758845733259864897067523
1532928631804541990991574784366420350412025987784496249559431677782729826719499514268339225
1823352873760856155318930286445131749925577328649402470859056824859707673751736423945378379
150065339775932822718043832183417965783904413899425907474873653886370479908436319264435339
1590314896348812530465489989913024180220762333481651384229331232690967941881820606527571479
167967038629219608151437317741909084667868026262225748501446492389651352396384849804356437
523304041260773222848411375657069176541612076406916332979892755178238671526177547788701410
1549654930447078340872535574169361973814994260826424025559091741898762499780629507962324094
1125258395458063504529714570470444909746046549214964195747983902373457030073634709441633126
234711733879412200391515105679426422606982323878960637646394069251914695413221272190984089
1037663255373672271321889141737080116801154970085628240134577971345230069380067616337644390
1079025378190649043627979984878969791983500622768050061421999284194582523515019699924709951
294958722561550284966166882143427639461696000584161264101680090868710932996790729795448564
776916630672437229439501137181134607917750048456047131634727170995405205681674815825596238
262314059313117531425228272640775947258203049136402867940967936414990998781957905678896253
402362624128284812639108835638744502443401466523102157208016949509762098345821463286281837
1728388265670120941874502500378786347333660281840628188324554695961713345732568568723190400
1716478042720583983326001209139049605071564176437244230167902829230305213866227827541277126
1977838986047612183020971069029795350907143367683604543705049633038488781825487254778717998
514744051128809074701225665601837059844173850156993018015820072509136055807907489411879777
770596745850436912893607250161077907924795009931890721161517830441350129511086522534750463
1229527790057938568514126565013715766301797653232058746687411178968111396988543530526456079
903494953153121827121841409448556884652886647686452418761122467135830781897090930635084752
1994115402989037115778952321103564801773417426399559886082086585581358013127170829188697799
1352804447560857764018011305937963538509020381092427738592884248034041262909964192338281614
60950641635108255666460705325773079803337204079939346814878949040778005561816959907561501
1105812118146838624050284396918419715606178193445087195955145351401184930416089522229624281
384004605797951080741067653127764822466712517757996579265909172688524688350831863600619664
677535084698497254209117737973517621979094784271554353406464008266649947173335563903166366
317755826383135239212038183785223783837486245722323818563919279469823704981254015522423827
1500584020436604106339894808014128389657144185765715865359398611370566296025716521561440365
825519773658681256325851411574915195560666815886557710960891735833556496589777955203716820
475325742627403006670360139048714155965174481499540965286078332053645865718403799997490178
88029195899418234636013424462747758260449343750159444602343652396825867947036354764231048
827925083318726187323209329517479007672531084558356175643093190795935574618753619720454039
1522372513807345316762986920926091158895394601114780636122919914596941908675183487633868422
460507918405543636599525870810072741067696158776467913862659130485612850861585861659774523
1235095131721693331609207345206243072381943146276912887326259646403513510090944341349157449
861578200927709419728784986876802350019508915673551228397196544423877879226702693304060334
414420973420580001580560852565160855809745540590476901828277570872580286904136001226314661
1168206267738712376625447256833894645727498597075264446976617806213127042076930018210590037
278566756397214006708731749284499465260657438635098465295352820589669376898662941290372885
1421823503748184918792200841635352794539462416032241228949232032306391683752112537027397750
1182705715725586173307456418196848510866564345802250521527158461370920599361322693223990485
47862253557885697498685617534264254711602926954211868060576825343207641046837188188099084
247043720758482232973680250290205735575250022261604607927209233634648094281127629644369943
275176016470732532060613026960702479061135485074741155869051099732307705529759320787653722
1242878124459061049954599344564097902662706420174811827176477559955956085886386492620749350
1092992632369748559153284124719565042740461213869333681238214293420708436482636903195402724
1356135255287321328012572818940721063906642192915626214322563938920873673028779620765562760
418615615704959990938429259839117991413687517408396969335636515838070411890455862752325905
735088797019983215484888980820104261016280633419497190044583219426013004574565844572253850
346025763072176057663523930624822545603705476661398188184581428291238396776287575424126328
275143107263226277905924927739406034912312906542250133272676978428333050412812513088588208
250337079847331518119011259683322915054829077800742480562781881161861340869545062789183844
1879503053600932216537664980509881116284134344908950144315105751175268365245403315185909439
1676315863629301917396236899258663932710971825246354164383282521163136954006552629647494603
1929520578247778682146319839959596694115687960224124920730452365557347174973605833389518817
21376298918218997171846760841729026638330786496546420712595349608898457894742205865431099
652372589725772113204297803106766077187365349090405450370012703544321000012109677666338468
1282650326773604760524064285039284273591305180712750608893365219354870713716276613863244120
949962187082260231805488070430165618917175514891523510041963121051600304567239183973240961
1579745134956116878339280482372653526536283656844745812762553198449074005903213054953193850
1236165655806850281390218222225389324415346171946760728999193272122807200267642493983310814
1524459945827755909231567559812940300589539641600406584295103957304670332835343642460713970
592294185605175759143149549960484212090855990415258536821911424910747647621129183279650075
1236823949729653826625658375138452806085900850914657493630709147199387624966367213238040749
177112637439700268026472241922976487150594886066048927407692625563726538946845573716842021
1756388843814203916348133691348549856597196507948180542419028241265452025069616312680084428
1280091549688628983153986004110286664904736621998236446626029101569700770101257498575319657
228822756490906618182192428407028546782569602704561971633314330807431053491058723814672589
1502471476942718466537004090829530955403333998294403368922723838143156584020655599763914869
1865588957854734417189730484745305487190754084212784653994434329941643350879281219105119877
519039007875205434360455000779074786736941985764333806572677531916763383531736374410831234
243824918766339144067070731578613161459566904254684719124626731596872718211174099141806774
957390938372483194307921337307275435568302249133517603870861950736571378946277380432803092
1821546817791725762304194950610104640107352353113299881202736990825564633830603398623467339
1333857181143107765920563017416085061576026587658575833056979684835334996945201679612519166
1242281115273438362442904517564942832430526927573546760685057804684116647539672842103492254
2020607568404321097169137946142572818201304279221022602296533112181783721018928761258773942
1487102840537971002022604305235373386745010080227404814077675375541468586509170069768537076
1548112441425414879598621390409429355090649737339720338069812981166469008924250545559980385
110068034648538245306919556563600361409109927523016919801170570736879058773309592791880082
1392151885190115374583512806451770257319680057094399943464597872132514807455068950561390979
1936305832892426389033189199014525849164267920875488513567509925418832553684132888472338171
1464963004732449723039477902529652077788412333499104787045671815989618442854610607599914720
1981127439845388409967940572949240734327913116374393081198682802884695824406146617000748973
1532527452784603700854232895147235021939692732283247976802046208700850037084778967490950243
197510500828848097989802155975796137129155024079690180590903131549779696582506711739231284
303270691458716161816231041753886887159784548846928925844546616929607151418791537017691824
1607195591242182204632105552834012733897580400479123080565152815338382944981640529876170183
1257817364014686614935443234617820821335080594321230301184681578397697654710657697638813098
54637528849952695136962527852918884933701521515772453730653362064519532314442788540687406
1656276791013262526472250594771208943111691301170398500117251087874713585182710903527442263
676668485687437808221087868012468913695381250509725460259362207671429421251142620257153611
409789283407499305021689857354179193972758189410822878346287143267142761949796016477557351
828243868313129766064508832722385933961106781726029357086659815458456097143796800336137217
925848906216685550979165719550206648456180052874776395499379022304129524677433824565333830
1031666842858362626759042217550366470295717535791743004746525498084051778322884220458933373
1503269402723317664494582543657587450564185677117705857393941814427868708771585389478771085
850073397872007758424348810607316529808246911338827811298402368369468837564270889052185206
901604391221824655218843735505233735014487146562491969513494189365116766702424185677325453
1805852294203872987114117587137103029606156837871678991042088446947311749481538672883618749
121934529254985049357431045634581167975406192589317976379926192478198867192651670830032230
1694879837833066353539307812123496913019888546403302250182299868606728397619037266290285638
1166284304214969894204795137535365403227472401815491917410438966180230589752583025270583714
1683486166297245470451696189350794042686199971714319231882878582365508926480547025165410032
668400341158187104644366374664736623893617469757829858856699365080906123110419811276931840
152283633351775319123127667320498980184861188211522202689947706366837820053130079748982130
1519298368221278988775880351669465977127126582888852239038516977601457223298710689243108132
1597724916082051632058410915055220249707848348361813893198073599157103196021062317005062537
1260469354482842405113862236886556600580597161708440213755665379141315734574607878381544655
528090693343056283348966822937005108483808040692076287849145962176148703139177324922233583
1792704581867932339816780014702330915683239991402669534980587782665285476249056899004083004
1470736152188267009199244189443180192399363549905568851683408134868845936476690953624960673
1725787848508311728445684944754673743685005158470079735380262870730440682141925210226689401
1888951366069225623767561180261661397745414545875571032033938022911822433556367798175489066
100622937187349590016825345838416810124159323239991348084157256563987990273863421987730392
954699001088699475286735353752634863360817512794331137218668905627544666507423675010127160
224561712004392529716170865581993405119902500331784926442851022038236058664010140596615779
1959078609537840691637711901077721358271664018602237471548876902318221171100876451237839069
204444901644989609347028387252276605015504994050970832762779405944768727266056447815968601
473722239955692998116314609934831933841584835887740110339470715062159360275690782712702037
511329162706139331352416737950233824675565397590213945895505380933218845669310000191581595
43497708169236610201203613924312404177164376618603838382102901921363633739539062475973535
1212932982584167852623931403608863070031522123560974952038070170836447554380386117785457065
32336150143843198088768979976778499929922105356953627427127549925591401439388282810088145
1207005583052656441754325045436197865548985555262533414324068258211621210543903732617733953
1827217589356453853759703115913298800031697350477603722579221565622065870060772948661344045
1422380389715415581198866352248013802818857403565813828443103507002128933335090615012995225
170483563219283176470632574322354124705185005550965351949905185855853078736123509608173672
1509172985653089899208822799502175332801492818096277285877862785441730963435289185565030402
1239618438981529069356632030745536812465878609186708042565437597628802052578253435287740400
109855426087889412877470068047470853748985429223498568489458030802308042959681497635138133
1646376770335380417192292787522161075719221813869700956229090905459748283667518620589049502
580318658993442174032042229491179501718856367829069258449837538712931613668848315502940683
1682692484186982601735672304478262976973344423226220161224411065456054357804126911338908288
1620669759345573353286499502550612081601341450935198739219723257894168795515303316259253404
927044535412077512256966252864011271409334603410741172791721280407935099909965720506898456
1138397229713591588277054209845709750785270756709535503385108614371892726581127540972193504
1578617711643350341885042344674382978176864463314557830158773671865104796990828113767846900
2036297814844786723535461171669807549889159841044332489067851112433031969967411497462302810
1832061218796924014364411302312373207523809864904062559824894451483430133487732668134218699
1587330742163429168844925276910536123464034483815696360575210531975200298562894125465447012
189368781991324641464809661549687116931394304679621137199763223551603331105085198897727260
847098428772817664361133437345284266104411027811840260995511030556366181583817232913674106
1991237209214991670264881721337931412268066454472895338982926910743992746631070092403947641
288488971918098048676497925232667602175328308653495778813193635927041406432307568213414585
1642986822659760098952022875938369687186347932916773113049993837897910455922281329157889270
379135603507942054837331481247275543148903030337913238667788965206658652206719029597940181
1951143657053521804966013576046192348067572565210913993204530226231734156763204476916587872
162554491701623615514918927798259757502247526111649105963217748161215577222368696666706677
371868203912645980718646176307733948471635131498562679254122592804664399631961203379398271
1126643720611006751990252641263806111786852104326794291281542516274280525245390741408419301
737987816317088276483913957712872959498079311961136955059701026071363466986841248749834946
131307133362418741475844842482798693275969965242242772510417290066653338283518700819646441
1994395354202380701846953552043735456395363710718856653414102632951001526615154306193608729
257951571380699572273450461335047638722988770585481156595657431019638316065041473647909401
674795642019565314530542556934035336337470487118633895251987078573356751314182723011613783
190739948583612223260628333218255652164689526319958718135467975699932926125297713620263343
353813496355102553078131892333991995051158084487716699957438097047492057470248689440401152
1689271899824679325837185295281431301910804305753627243162557109364623008353389386011045699
878203390538998393698559900077571663331106178615320380182927360034790111156471310892945303
199468621890501944954009134479683870022024940079018016371675809785234206682908266515527830
642257044951128039847557695127738297997298750859667756725433251211401775137687813607948924
1079453414023495809058735800221984707583212475221631996549329259420670716889114426057608237
1610326969468272819146513762909876859454553924164947486586815149165756444330880633373138360
1092813443831512971885833985067906133867891558588395856089703632832431102536524915579674572
690772304120202471524830752212785132677324560142820592985924036607027556806665140052563702
874358154113750132788202987964229452166805822132154054092699475647350215624413371902763739
1002726662520538719458004419758599907162820403116569155117944201657374028673252868782863536
175087328762842825996295856820757272534282900576783740416811746549402823925876711763735489
613975770797267111312815585517081960246035096110652358131900686424382545308175665404965849
1052324578982627465516089881416417324888235888602247780384442557339380054471955949899690313
2018831680921603125505480688843982883629743312989819115126314227566505747826582707094096710
1975830785538439894351266951232850724291418896314277092405784442959703769784679392400345787
1631875333977512219784901573534575698143364272963860949147900633088029150322585234836682160
764651956837467215696013743328464639821648263055726390473211103933773655380839692097231882
1587772677859821009825785106322619498832711060606370400550988288985972306595223372820121392
1085237773751542863097619756517712047829109322729618015410733400392870315204996865538914442
573295620117351872356656001560591910417103511692152359261062816899217387766600140472068058
1589969761806215094149284756685609679180832357278162336640634409567637239186851446505999073
1056094601500923287871221846962501000493365870506354532705965562484828549422356989400989257
709455413941879680880420949398585654325552349339054873431513579178980599474186565429967305
892951136919795541287810334542541623163816853609656700914632757731441949915380219608305328
241906074617508778391033011449680560114784855111571254263164134062630368738907984430978293
1146731048785339279107944957249503855954487577504121037682314643866768132024118040346989703
1938017351513564656678617015372586980675357303562124043971614441046931423547275861710339489
639741391752926515349877778828132932880317483063278737930554715524639328170969981309897733
630857243519168863254411180304257510467300463989772582881427942589072417116975503618956434
1205747414732385236130539214229746830340000300735651458776088971377877215139016426272820437
1247497354550397138599093104838390315664818782366095019902210398228720010400439867971281282
