3600
~
50
~
2
~
755685738083009
481035486798324
38791130835153
249578851096476
760841722575156
692756715019215
561739190875528
686600818217676
918746396364734
579260121964910
436207917151906
131074933912830
645932940580932
20744023903582
938229363313261
454743728737156
401662326946492
548652455766769
682471738992301
220264357048347
761101359977655
1104053543403610
25507041547272
279818694763901
120636489481195
126115930967874
302465156343989
540726725194681
1036760720540499
1002988414471929
370929182726455
43988197137260
56015375644132
1042229966966338
585052637976154
188705751305254
858313331397334
1116645987822695
531145638227826
185391227540119
916304301837062
299370173209428
484737101202260
742971641891573
1039526953535875
763081926010850
433648129129292
433995214005744
551900379328002
523300403253117
