3600
~
80
~
2
~
1151770103993158455452784
351311661446803783082791
937700227235323891377157
648340081060237933247501
490396713454241987235829
866078026552189505509979
140858544622257403326943
688665274272385917569062
136047811560409245282993
160700308051827914712802
65219307427410053103184
768513253512408572958349
252319697258752574008675
606798336290389288626034
788786001813679862858944
203374552209872444549585
261100192306142658693719
1064647139342642829261998
441145117758223262574062
240546505494505299927340
741357390824856959089659
1174183590562934846461237
1164760122892391268719190
194278928017052333338057
529382668723153216253185
454719884594489712733362
1009430146142431070852339
675133211662510702145852
183416287847348960585845
766255859337941076593193
595419445139398922826077
926995817718734717504606
48260420149089408125733
1168065744323983714379650
205825398858993116705748
244987288850568508660675
184407751449661015399625
305906173916570037999973
607710121796080157967089
172207571344870647965060
295705362793382518073115
587578798099835621731387
1163674107947847811803419
685645496893327745187725
627363884865811760913308
731694668428702122536042
1036244315391110539223308
372207379474599473329847
1042567350840692032467957
702707765587900491155749
991139635708822327439767
500665147163852785463497
384014519598923003007637
813071843301409942823287
239201469922018355694715
834981452985055080066064
173809412699607282331301
575802671876149570307122
1169736184201540883573120
1022579859804379623513549
352625543022265041532770
392078314923130650048097
153694815553309197447968
790726715897809555147312
969455235070213484053866
61812023627296967736124
1130341004536735105484263
9958847844191367986882
455652207153828283023577
123297218729450832611283
775173309863676110899626
387075134607151780996758
1111761106539812799388283
1159915276200454443529229
955913003630780200868870
252181692181881789790483
259979697610041137583684
250124922023184170162582
797982326654536401096222
714694219532253841492929
