3600
~
50
~
2
~
540432820133729
1105343261682450
676592305183924
68406646376647
985126883796661
807510396713804
1098873974293125
758062435103312
858322777231791
313074678429558
1067594062323955
972599012036032
132077808467795
1066704898943799
747780384477821
511189865522177
828880148621622
553476198730456
520671220965675
44023957439170
1002971963750727
141917169320284
528547339276797
703886158330906
278868554405813
62139888236071
263640579902402
223614505911025
1098041360063508
9145392026236
324229840314453
471368083034355
790635253566232
109334020743925
736387654264547
751729083271897
1009151313838298
270839073623456
1110896730592995
663744860038398
839607949483398
174103186119561
659425374302940
50534214839051
381600011512807
564995969479815
993349834016189
446217103319066
425082880674877
431039602418794
