3600
~
200
~
2
~
757908058905055339408644148106834159502053916049269755562612
939826300775432235602593619274000684147665191856049385152316
1597433500230642539320676914608413799947325521353957147810695
296374211227667474866897134039273398315212013490771585864590
1275876055197365692249270703138286008522073987039972822315610
225317262131040115940477240529048197258437818904565701860615
289762557186475332643441903448109589652344517909319163473205
654721867297487762921755946195346337396054479365842385439427
1593763561272862921632134978878229401939163681468742788495702
845398678810664576643923398137166137528606799691560378309122
1319228743862460265720637509655052680407818336417918335308288
1221656940893805382976780625865103402438209073338707166105037
841354276476418823617636076860138496224379759221481807291788
1464455636677682620600701928049929392358872615596167809315539
467433388429165666461841138925142747954243839684668749676760
563979804730072580187844259160166731934259302779315929013723
29110481506320852189191498830697194664581442438740840831595
63894507843782771220504226649452781758501397690010626756700
785783701891455154431754744764205534908042824846985463357828
706529001697806323129983621488718456135056912956870969547097
155675780270839223656286143744945329157218278282888560623162
534948626427911070670316117752661349317321286899914453654793
1159109332350156015418490838426799388926850762032551324431118
502091409053710226637783388518445947310299451522853733089171
895834094620929439080515190222115137968266522532904460730389
1029726640340731392461282728620705944617088494089136748541101
64708166579501740170239844100900551928513191749916660392962
327953746046256021183146946045666755469900423608927175665941
1041081180968705863486272534670422617737656801054895638691475
983245999461734636193750200062852608231991425739005238825728
588488108386521233777567069772851942331474477251203678244513
62241948394288353798355461173749242078634799432063057386720
725682224106930487712267225507804635021763995334350486124546
811446331517175750536183184134057457069641212861012521167138
554648655221482466556448749717891909307841899794908633495352
27268149150000157175866027899880750163116516774949825076077
359700745115704606747689746306541436751345338524988252441989
1474193183765706280274432603079110289576768927834777931899726
377765891500209747291051480698779624517733664716728046402323
522723418269910940959034995400185184400679100393787831030070
1089835930534196830421597916947147117562243982793709670126788
561941916213358531534937785091709917732323992070823547481646
601325181549527138364553874241361037797777396064781913665485
204078753036214915297932599430700180779227718899048838959417
795601104583553024639915177996995399499336166763125179313367
364431538248440872022614152796626959476223327710334673810573
1196582187738944038080803249856258642209931385972380279968092
104567618594393017283292581981927189543509436436590342698359
1516130520694867368363383861932048295137189134176656877356172
165719395717666688545264006151805261291531616102995178149621
376946306199617510226564510709598147815839372626061917193001
930374710322146582280303760173751590489461548424532198956591
1548250962276269036112604057660861337282142924775954738774486
955960020169478880611347721934225888469942745275736765051358
1462859387416221404163820804701676237844735369112923949223425
427770844824268366182942528510845512560009648576527892144740
371681007921470443753436217410889435917356108726112901138577
669543819775609787265926284051155887153196742838095843674071
84889751426384513815679904995695440749118506142651722801466
486958313827979552937721828902033998833677545956772903548305
163075827968098343672244162004570352080129997040031482143027
1042376061484065262560721496017276066996047576772802268524300
1468479486184136881893178603325999057930848621495703767905337
830861346576997048163273268312915632926502218851676905955498
838022325181104155041146207827979150447325374363355486427335
866171349351453123808170418105601825464923188697874405126397
719225780207010928298990003474165160770552221414423643179738
71040049466118864702734719457463294031267889747949985334353
1255961102877137678279849479353881428565283049725274330105483
1142334394249282650693128445059396617036241077861271233015039
1427719214589015722699733062530604860305618690359323698399958
632583484261010113929442181562739451904394052476582693210868
53518635895458026287742659114664820785474425358867857958840
1561256553493152666161621794887257196454729051064277824323149
944113035473273000653219011353023806359866637095804078472063
790936534634012163134841175985670476125844627485058806440711
1008449067715351758631912198802912560001674162129745401724851
12900245527267638796692636921858621325676952086511538898291
772232716353690742904010521556650118910471759859198869178720
630441485962340111869124914062243894035647784376305011408460
219726987654905744953582853245113221739162426695985944819418
655456675273431696891763183707965079043380607362725447423214
956607479653610864651668410761020249036900584250343556925558
794795313494766837630915129309116026110742863534269634203151
1596229044302055056531518615720385784035203472855663391903139
1187894817530133290986072870193823059412806595686808278825791
260078668380063531331666570659805587865803649830374701017373
1141647870074338093848393732587294330698701811979563916561323
163459533736150090250998256342264819422776517220342001630507
1326836445850280114496739814338901382429649945470687308545240
885062837459843071066837147885172250038475024307447808220591
1322319267506096478813380272030240139566998843748284012155094
843684793155634736353856862613447366197405513431172369150450
1398118918419316274532919802809099041856255580181279538091297
1436566809870889871470524395359686881697183125307513884760337
397500876969300861141876685027764198279669733484687506918620
1306873908112009809969177122795684404261096125494619838195171
948677102262096417114048067603054350358717061822106680752364
199472202411540367448015192845407813436012864062065802483433
541047421928331265019969395170166642723896579032328268362977
146204957467341886046520220782524976748669125164112308348768
1231722457281813634884887222375647617265538720191453618880989
1342594304632588548776470144261488843689121990571239824068145
215316347426360721424971965751749981510696239933517704894303
975521449787079829258527932549838474080594068344075538928970
1012076789639201300644145707920266514885337741469718876008547
992813330287743154244009105852415891593652672690684509771341
1319609798581372974984613807451204824275994452691462464268599
1231605835827609432534931664791198720174189435075753521545213
1352020852601022398941275085662336210047096230879128139946207
547027790912708483059872301445735897874429225678087433470259
175318708266898877701126279448392040882512309453996433630824
412441285540609631059714710894995800148022958126623707771513
1263830407159223628270872124372735705607868071991763762316553
285706536286287685578386743134825362894082074074501884032903
819873049388421002938529947370209469572191497525025618551967
782591553874900393505095579290636928917265057948050768378742
379634148932655978582666834837378116001639302369118247846380
1378630572810991432309196885464720132340841673881612307127854
480187554952431338047399493016448007106884206168499361236398
238948187550661736735458623245354733650145985583398101803301
1756775718445979163970392001473585628996702429397972392025
29036133601351011905300541630040236354662553815751048074237
1251726987142046868011341664526914988113376940649775872930604
1482044106460042575690832058275597155798666895779532660714699
488009604166442579360087453237994447334375825806578899864842
1091584186972459089367741501013558509231430765182298785569318
451340885746632483419200173576569218248059458872540068514912
693209760930742437820422116171225322682340168635707741655214
231966622942290600312004949033074111124497670959425562487692
1397651987525471337829927451613247014792911544298256373245980
1399706825459104704860198807432153489328652861601475099583637
1375523101107979791204286242154493004021067977040308309794918
744064917131117751182763997775216385332428708551773778608676
865669513272174717363536219584239899042052391802022424163019
1187673737822667108604661976164583408377761821149330719307600
98393814428518911840500056897849797131569258251173471870736
30265025890024317993482455868380896593487915020184152997763
814477104336317751572497230616707437180326809550726471105229
555204864380423035548165521729266795779178295225443009357369
203872707960544870166384349721495363129958064920373303050968
1070666753964801235053222841890841856088367657545214604474201
550618502692938705129300285125829608806919845779225082330654
176646373237145808654713559729316143668248085568499006696464
432036125573319615986360820441895579848058689917483258271378
1187438992346116160302061558661850767371523633731726117597270
603532965730152347556816231457713739731295924608585280838455
82409475586198697849965135602051681888710889286184758261830
485265280740320879986670101928394170350984863497424363667243
753657979245426403390184989653773049509725493943752404584306
710667740748111088887068659585876530471617426669086169429288
845924849663093870866841996582725363108927809796820464838441
857738833799201381627962832807103093332948506046634904585442
502054324314331780033560554174410483664429288005266764561801
1357763615464753341316988431384611606239621347548678021829906
46187501193144769834027301614897082334958527008170308589476
1035244292808404754805085635014005237522221144620613446471003
448722900892969426739748285828495773018500759627896730554982
515048804864234420453079825646580935357630898583289011482300
1299729968398571095647262085904699153274633063181246936968198
198747069528194792571455159350233998245635740887877799404303
453856172560668430904063521806262212484327431211307871038953
272809235977680735227169008520880830212778406766382596409522
1524368211091398529231369922331810395024417628676940413715954
55580082485840304790276606465938807464127597082309235298950
1122699301269219982393574987250643366436169686834371769762410
1327016053971561301434771516451003254156570649616947539958712
1465359417521261507573474674197839864171318806274134653101645
1581278917795131724480162267354405192297203766670422272926581
1110908250170406583218951876287247685344378120527683672336716
1216387742851454065847122490773968936610991174534613437197593
1428789450137738413806542553281986524761663905701993407363480
592637139856883630616445788913635076411415990251636509564929
670471648495462404389423321844986723992710523330318576387656
1426637085410467394046270732090439906780821674472293785056660
1503136682976251496440285673070761785101060530887348083217987
1017464258050560833389183450676554425841729120956517113204800
987323151683782045974241175667333265921098003846068211757854
1216664166597240715565681063980323863242756379699587834993174
754987139677553668982387373394516389631215988174184208697475
1221110640370019812783985744913832472451212481119133005478239
251326394666548153286141182638763391406230058489869538003464
134771338060242942227459802510064604283446907388699468496783
375786278614333449637012214148804498230562672025642073139763
1173051593709219723580728566312379868261366862070612640344856
602459498976540583971654322399017673239800170129749008229955
305132605499493659386922105935755057817167658234091463056940
17978437930200122540467378024184565669641779688859342974168
875898992372908978905837703863905117005231443674584652611662
331830085549755409741849485018587115098307554208066791647952
48877754103131467780757378716920850937194772999989260929198
1534546381591867179363653470933354898985527048945383453450587
1176614467971675966722898767663005772407814771824817430630710
1193725262784272996110375913454028172290009002214337104556945
1035022200388635977796335884155234157994264864013388798293203
718938201301946251093374135501480839019607227319458992331145
421284861193170461764237684915342054973304324704141734794671
1215587689230534995064859417385918766747024733227578021992468
885261523086995220384885180725945057381823489743155594783764
408627845024223702617699193000583354975637295001162239039215
