3600
~
60
~
2
~
753972357046459219
1001145445208331904
322704479809166425
508153328798304000
1088725549097434726
984122072090910987
293354207106085595
737994644665581517
709066070066965762
1040765451536071888
1068003797403723804
66028600324779939
795975009982768476
838861872595206904
956933961549815830
990011603830039302
479974090872270356
62800998402061325
143155417643670889
352461431394832501
904448881030209945
247540593533990570
288138737472106781
1007999548719327693
948247074059276861
347353583292538716
322772977775179445
304455555659507407
501386360748426838
44171751260540171
231195017038860695
662815805198792501
167212775762496423
1069399542713882160
706855502178312870
1047071184126470118
394163962046627767
126083277852685882
206907519053025139
773127068767084706
893281270422451282
316638776120571830
136893493820595107
53801036599178209
334717550622243662
1094183090583768745
1057116567350079401
413085476141055435
807249062187952338
744212963411912985
337196001698721635
518826619027055456
118594734714294386
1014403290746330720
287791958335071490
679937083661269394
59833990098580349
476855253781683714
939507444002193188
720581006214513758
