3600
~
200
~
2
~
1158236729988362082640910490480152606519417251577089394198026
858150068458999653760097900667023735904114572383803917690340
530667735474947679973393676086900938512031374503256143053370
1144383279923552995478459530882613551548238368778842247316689
138296482578107704406046353296049386529833013196561473078356
1454043196372105891063499645770884763311945592858930675048502
927499479347313869327038499468795009110266841466132490710501
905332802853198022342064286290656769215600257671216528888411
1304676932526505787043935114848970689831074353501653670919240
661177547539716934576162801729364756613449216861548029392860
1183982184168735737188874114216650574182245796012183654096617
928100861566126184974891615924725798761527307165859826274590
876958282142939431633314143203567254258605286854918117761831
676311304937609724108928724661650921730113185920995576419522
589961298659386620173924738027927633553607940800033206803675
187511302995520749021689477149668769707724707206630391244263
283992517534889067600263528648216355096518372040335496125211
1438812641166790875963941029700101794084923188446375107984310
162681162500598440581547768904347768525281537161801811766800
1587590480443087487236233912105623282560182197077095220622454
1107728845501158801223441514305213822392259422588698334782999
559306787157125942034370193982204339198583435484795107077642
292196749099973149812638155068398633833706832876185431345213
729862108465154540980738647721990804388166922571945076381346
1327670567547891758462609383806022910701354828232112202326200
1581138893149911254707798519465502887115702448049217695089796
990136080258635524940717544607326196040696181262333590521335
1142763077700073001531832937530142243402951274924999140779233
472480182779032968315098857194863024584252105274537215523970
1209296230762991033852270116750443845070162050977636083870993
1227815672285918273127141672133756525417932614669737961123427
865080153694490102622228341931420340717789513293688566865808
733895758769166821088742012354447695014063348624794607052155
786583307562456919209955353726726392302830188165305442726598
1248710165025118423548710666202498871572182831302954606587554
1049480505106400599359369677387925015251639013572622847263078
1555405840561287498074665101723532406318098621667276791129489
304409598084193805724277823544195860416980064001898871870318
1145472540892552981507083364699830096534309785448622229014177
57230343083567061708876736537579849280163291340876920012958
329988754528168270005661963246711203591873553345037405830114
671142638672735758634345643977442162777447941650630944679512
645392503491410392865934353168680275587969566044743947802531
354367045261716421647336591383158967210646553849107145655394
292473690117354095166697374023483185327161525019476338081955
1478743233596231760766112143077301236255402081519878354514335
203436052445712014807945100373229001556451151917497061514528
757667575017452527128180080690882626935046894613418168359739
795014094248747569079525872376580538922999584534954619348459
907512734896415835292386161137126783100754733969288353424173
109795504046795178715616156729491601516489899834573818126253
421209176664685150378412421413643837416465521175069611119780
316755010954993807428478104426809982731985911555290918764269
743116665586286704954561652992488244489739372615115525500381
306102156676628506262674218540164508497428772268389563803267
990772905562423264694263970433380319682584418364473203651071
1104630142311600484159338387775735978170222792268391501393263
873875731272467092249747334503325050199182389617449773956208
282914318026646384263901981097655764921817344198842611218754
1426928971754749972685512776798976399250614316057329171078773
749258016028399214360666629855104716512440177282622413625269
1311941203553476698610333308444634653740447028052441228707638
1105130361808713787546697183834080038225911367085495419468359
503741481079048266954970867768850151844489237189085662110208
1489841317804135766475687271126279439454095361746652028926871
429638952875202224547027209127963306074468787303539775731819
1023274281876510037626773933844705530294761168217050462493994
1178084076957895617765230034566627232416306672719403082164659
389237298864628623328775241062258112291893938686797986865399
813542112575904443218286595265959742169592315165193863292776
423701477109173028707937536276350754205250206842709075085904
1537150656598861765607326620518318165106365839334030929482872
363963014196332505338426692857228769382078970252350818434378
424161537128760791207642855433679396874370425690489024616640
1168358553723203092530787475261547892710226648478213711512675
194996906697140031945325796374730933121524781014666395907292
1308373936074151224951813273582048647854413195379181779556614
50535803534594425804708897064333381650352709936145023212941
933895157019092014589422848590994601328622069991608684832152
1125671799795117774153401261613975139661946259760943394122420
1517107562881317788035243189362136862340787314353632958613586
1249734332971594412328345394929152736921638532801900229891100
1128641691367266872508023425815571692029401587127168183171205
444912813732979081287098912615800654346775970038811480240333
1077989134779503347032601315838566637341667031428090129647181
316349293209747343603807377267690133217084343120847401399889
537853629370013350771605629257429523026544355692385101729839
1584989891802433758634950065288159606301576092841744857552256
989478037112721055656988543104364745661778609976267160231214
101314709588049782096683508846767004357748500433968003271130
1515845482182478426300608125933853661303979802813041655480705
739145167419951700676765168330167671546924959697409411508687
1192776425781803030578861511616788065506902854407460941073282
1183710546943871278809146584381628030124007323551979836428758
1332325275367806656590843058802111243179349045314957849257939
1192190547588846338399390437812883849974570192762601256851512
1577313575587034419870077492625758293718624552285045617833930
347589422844958524378879361963063882762748144267657304528149
206958328703821225929582245224640177648383823694959367106632
795963172237691802693628332863856150132704908107121291368564
1575536507870659483336290949130685674566482840307670189215619
990994837231851541865203615889786678406117728616189726107809
802174156759267556592924599072015592379120966269483616505127
1218826142318421664538081057317074574466970231960348860209376
614464922750661163043856231398615690884193139644004183042306
913000579998522749820177483974290434878502178291515364160529
1549874305204737810715440792086062139313831288302644923922183
878427099299371833057089899013062556516676759544582004666369
1284008172430413669149625054558780755985808550248368572432672
1055995513916162579077037850393844540085808840325233141501819
82999540267636408314051064110334357827922712634571333087402
1203908302782193577062523596473448858661868881470547256861231
231028000168445245659335169460871508855916097288723512328690
317377655524196243018299566625264827205959566325226220089703
949960557628093649713388426396946101308624429896852272844604
1103094664582107594193768274798844247760815620906160551152040
790534537424639407414418905306155786135283830401314096796315
739800632336810332563670879280361635574294802066410372364184
536090495229146811694974105949276987909661944414430036588804
881532972013058606379863659216994314120880115937968942563720
173046666081300229917886294974596154110051076689086756497313
252090206458424750907794236994200558203653070247912924720334
846848831051007587749379243472424502647532929770060226923472
1431523563512020507767304583791921801296681685331318068267770
637976505289377615930758222886494982279066668645519128861630
1315972624871792069148885813899850679480528672933014540748399
849009707728948411079648198260098607812700054102327345782136
1567189967088919080230975685092286068373599265552063117026709
60743105195766254480288391431748709083228818786789014961829
1177097503737911953219978010103486246145384435315029457834982
838113927263836598555059961050110271481234208741546776725459
871666598120293496863265544488940310935959981751865735675714
968056464370354637826972640082810340840574845023943247734276
735306290654002323085865591356140508944219654363915728943037
520026635375772334495552147901870318936305100020168935872865
311749156443389690883803905510721600192495851025957931506611
1457123862153681704360699865445141235001228713381606195066005
1033986158315950633366428042901625648472199512321971582000707
133439945201797402256350045420307534559553088916660288330795
1084797986245542284775304726679161253539787623676663917291142
1180471143235030501275871350097347745203119615023857049879074
819759486412926889208952478106417370976512474784152386293468
759608858668579896037910284593889018273102944328288876194945
634599963582398809548983034219879975136852177761250672687595
807153727350727436433802775720916527353225583581274363267006
1547656638409038741878867572701239508235497125038111341145454
741800672530274720606350733373303571840112796727713263489699
1225754452026195945846259282616172043853706105364229491144895
551303319724089713365050072717196695848859206601298742396280
1357036348510377088912957179660426197219591502780357790785180
1138219300263997870960082687777366048608577583646344670991127
667448691044925293524757372283004378662598234111451308299973
159720488114804909070694901930473592132046040876851298326684
321496455773815869052575025684291732444166108881527964511485
1109762076615622788104666689407377124158724953750817701031011
1546628385014581368060121099083946904326463071486619446607075
1261244314334940031282731299536514022496717970473978950299050
246526524408371316957632808573408713611109521966814055863878
316114744453128225493344340520016335692417924405356163547752
167946026969616542975102221182567626649690250851380115451658
115295391286862423628035446222194843221680508993784613588800
933656918563669202322196514970585212345775918053639605591812
1383878185337359930527401200928863269511420867001588355689097
887146545732425159295091353040758682273305752022290648218670
1382541653923218973199173706290573490911423647679803953101747
1060344107896489721898639593237786816868406828037369351419087
1407121255088354924468359776904916765170292931228461683165376
6534315999804439597249109894707618603097074473923048852642
1475242590897585501245956587919205078027351617474112800733033
460898715823645118982996767530642092568922463398074574421762
188414444620821218515866458067104022369066892560340352984820
567337812649156716692004532341706374267361821646098292460033
381341095933841886846279240946774093925394746818019834910921
87381088842821840879015011601624023519620852513558239828231
491958195640971081720267474576293748470173129109739637813295
1285685221384938983538459535688379700251351264762849563543001
1474726434670353026538227845551490854687154629629121680798989
980632353016783860211801077047327390033210652480181347857532
845077844021335107672279424279923764642393675684574780049613
1087180100293126696109472559966467929125829726051183263148729
2211283664040099606629505972061223902409619372130564775194
793397837323344179417815495959522073639982678725048567785658
1301813978816279927655442382607897951407432254352190680857961
970571224570772570725537889853062786484475934704221463728396
1435030716361387394127805198481884564405624606228773191730631
1501784686876300611338060015796118028081843082127188904914834
868052861837936454836120131641683155228080218117497240270311
693009307679341792247034688881096729819004790118428982841756
126229927843166101315671296844239985317447599052342326472474
227327449820838533742215492416817008541045496556247465385270
1135069396051998561366773709742455774992973143348121587558671
1152810146277848608076590461513887944040353858924851470511045
1514443184413870607716910337469357025710201576193804143589525
105260871752045199379321552401737216104615931653727661866126
1222689935279552709720614969504368572502811620681268223874065
1562772653615713369250934712846321016064844783060899581633990
936826215817646584857571534840446376639910039574214861324138
503913452564495392714621885147375447720932997375781312420451
607951503185747895464965855315124155870354286425286505173181
53741219089475428614609809174755064102665138005628940536134
