3600
~
60
~
2
~
970992965963580694
246592383276722489
974588661468594833
840605140019097899
35876353418058558
403468993397290690
621995639720657699
887697031256523984
683653599643582945
23345597017266201
599148237301508925
1062503263558388798
876942968642987533
1052225026836428680
897734114678201286
161675152523960074
952079307959497596
558390280435955906
706981387740457476
753345299929512744
568081774330655862
916177434120084009
656909560233053945
1031843481200629643
385931296826508460
895582582703611687
474518114249985566
864035684764408889
194261444336216161
732950631429973574
1118809340864829628
582276280970679008
367372157456659942
560983949823097590
758893192314748785
882769597401038357
278024896334518196
557717047369479226
378397991899767372
249595380993068967
641793999548756011
399011222386639546
362854299615620072
272443400300810052
240502039566520360
977916211729146347
1043477208049367589
598640357756435730
1077895129258126775
475530393633862440
158961921078864008
359616698496168304
174539885678796513
1064657356822416176
38568549597727181
792478363423210814
822008585270772456
950784500286184832
1019936355496552389
917962165062817882
