3600
~
80
~
2
~
434516145768444439904833
335032152150763887640805
928099245705527530747197
887366688989292335975289
279295570443115385371557
305885317813131346839107
557826429145199220380871
466633114193714495476843
829198256800345441372289
1060081608956621723657848
236108883264608035313821
34500969511936599850484
1000509951261555863273632
1197284310599414336257605
896174706400719489998938
323999912978793575935447
155805077125612563249437
914664910992227733939609
51486794593079340377528
549021043331832571373605
67296471582137380736842
612458706519615722767006
524647311902725674864946
521356770784227955203176
289838792079812279008590
485173944666952390466563
1187151057682997335809957
242388736968829687127488
680642155345516613475151
1010004963260336458763854
684131573101470449487665
93586326713390536704430
557364465909547382333914
745311186823869500466194
382006329927272336728317
360943912774251529378266
186740552078301638636409
1098487027061235481490654
1180308625987313083107484
494731005676349607621999
711028705582065401649830
367430462190875916899422
658284121765725422651777
126221089796728854017383
247180588656971399536214
325739059128718675368850
932180393906449023536573
478936489487446563715571
423671078962033756782722
277228483054964856817333
300360156366379506288372
165672691832279441188610
864372941030414738748732
1055246633951937811037194
1103994368380681701403159
447279126536238820566196
719591815872415182727099
1169292596844659426392860
602449093060850732426845
333979016163240300391438
920258212675782042534864
38510684156972831972398
663102725209690457527753
224731860286266096812669
319082652250246426815093
770171492808940400510866
13745948713338732719724
178702939711642602778211
918094607476947101075063
336126802776539663998547
1171620717439267127411543
375915296021197810548671
711727245211227189294377
78329714785150968968734
1119578668544317327723497
800065694540505975882133
1142633720851654107989633
96673220062583017437509
1061267377323195970015265
143702043927410897786723
