3600
~
200
~
2
~
1287346075862368322027330533868128576282502115458426328273362
575282080683826945523875914925072318637770666344325772859566
1360871272705433635891728474403761319995589577679937881426107
868580134494400296083498375433688869929574689994453872423543
407862921945035673126944157135276584592520205661336853140883
597129276442910854108341475902337338286410766864195361071554
1078405494586310436528300035599826039235339044926375007850004
1245709884189875638997104606430906835393282154894388997012299
1505929052849636416646141712526425631700997384225641320035010
1483442543394401135184969607121787249891446896793477960324882
278496027975645532666636813202597699365957757009601592842280
988121206523996926157427236063380514697291910042371167055320
325522419106396166274285356558836068582341746114637591473324
122493951682547471899582437462141105311955506707847413781502
687401619293192974911896558282192905924794023916549755419098
1333327628559297695041636948890948140895763137736758853102019
644376413584032721526665469739248167197783894773240829670311
364487801811757995585458905930469101549435315715599760801012
648149318865348400124108302926240602686897581164730829499235
1142042011750408015041748062727781344983623860049454341201969
113565545557915168874370971782901466305214142427872315886113
449898582953747538332243799487210688588734127367270205689867
1503982922386754368960157348938595664581995453379811414604088
86634032014672277827848758789086380885928684627112208999912
389208259366698325550845687089728006562175260624951651346701
612079163898119280673970519123677664546945350425477004955559
304280954361519013853765437399273865293239182934593680010909
109230319772236947018680136390308271687702609453871724935268
1212914203055341336107123179136236997197079769984135010380514
136086412907772295058547577710810747586303947237952658746186
1606406486424443193566074158257695325352230433231152653652915
748026329100347268473828708457380089107911118633806399577105
37738586302074691218648988542311215294048541044760391515214
859099366752405300399897734463353636121810146106083009953011
597781937878126803503402094562040245453815586095823850929043
1437970814106260592054546210124379443175920840054417608325578
1576687786140175315133106651947720405712019778715465584635626
476888535714441167135996858021162396691455633367053998036782
531957117858132505560358745751290742274837407616832504170941
743723339275986973791408739550622198774013923036733220798968
523481492874852333841951520220216716793605333875595180974923
1387089468797318103328011008308931972920778415222928318675750
136545618407487074305974618069710909981778737028082897899271
632690688294781985599227736933912570172400463238634146470983
998630410527292886827152015603660985093208602564708657056575
234041626179823685942039292858345806783438175343433947649175
1034640954316173685835306477355239934289776464173015633367812
1138325940707174470581666547380185116973958235152323875404616
294070319979216621742210322387030161330927256548880445592605
1241072437186046135922618163377529147610433077122511332041848
420116046296029776160657973746070701874018961472267165462999
567993431499279447754871714285543154041272976175454052565447
1228433160589590211397532193546591480043041815211181637164930
473413520467734910961345737941923284246489700615471466115345
1272339595856745623365252694395879847480283288406221565174402
1272217367276882856773200395330185745850969699012648172454898
921310962193394429250352796929284002027091355410339894337522
1415751105686636512995333188251618463619575087703195220069081
861337835133004307052102664295733712306375225043017146209542
246143795714436587448798978758131914820699280265133852580225
1450697461401581851490404624672599877918336227816378335570426
697127462490106607270410330725226621006400589606105293170289
413075787370266956052881236760067606563639063127158066494417
1438276926659216731622996764043990748719639532287486492037257
283655675800050057944426246440957017903626548879789217591933
49978824561755189322906539616846293632415883193491081959940
186046733058428717635468761954620040197802287257342388704246
713141754669453886144133130631633693285537500295985506393796
21752501175915483581600420302710409597139881117249584397010
1012248624167991604779390587566488054691041953859599162348084
975472696226705657099329258260576357192258615122439600929565
1052807770980663276774553099108683929323098269885299364159668
570802210656219345316996370319830934155377415963183276371457
120945040693410847089927038050649464705838297661889758973223
1028779142895828009478308181343856395830142457027147234214665
1094560172320810271572543024698554085583045848076710782587345
323313828459207874094236858997768532471707978248504999178015
92258030869751673509531539298620462591896804591427505296369
967263475532074318007339171103302043889509093675874875089111
194529165649430242695259388495749655618996340741769124189308
512039360235586241073397443086524340709062118503689842593068
1283749914017878288408938380244139276680813254257136374008362
245603551138391626837820439356715631940016172662660516820816
306083024676621596887894854314499526629505374773772228587910
222725666305290979022080862193514506914263649385966668877008
932897616531121617253374983076818469345540195017329122817689
1220812186761450891880744853868100148369483458782908753392829
1526905336835343103588134834592344687430591441595533324061206
1075725050764859236709351177387318875257471455308434732796651
1551448442112999636428166834803111813391620487907916105111188
20383161703689079042918619256740536194774621835463087707506
694533978854461219271642642665410055520403962090777499185832
252547020459742238779803861810635668595567668131053374019686
888972026561127443968703126894782230537938694322703540376292
800082486221418037497158287240445856196348698873924680909628
1177270912735443799585587431036250580133738457637703036270318
228915059682912134491496395759361107336617240572067663476604
993405300890974821574158301132891701348981405603692852935065
67447305918769094230843522393386620248488087416178462758366
304045273380465950108093358600308593205314757678416094676844
1221241655451172247081749617973904286410399755118748989584522
446754190531216199135090672768421196409321063680830199592335
605254123215432015813054220241691642605853926395714639175223
453763663789501601072984551290001827141077148015954823117918
1121945158437904182059020211666356945435981569116676469208415
1131825363643838640607870205233419297543288254178494675546157
290474231994884986633240335563964157363183809602504766117149
469631236956821746181052310718051632933601142140591959596658
1428826732113615445907330412276129947639017456663820499035730
82735291566756285394355753499690530839312318519607359494449
830116808439533443782386225802537363895558725957162545118991
559584410121043005164703882195636387054385358790185529110466
438488592620752161889284719002419019058636506188601100046131
371416226421229472491837414537551366328202836986155357420309
1039637170393566556177340726888300016473435493655193072019340
43957503180753947787164617929329447130741409028535435257463
249928512983620339471354220529546743532339658466190732790486
1350972325208055905845105402895468031769051673418790653179518
460396023808959850567891186948122308040544355525540505525455
1138685153373974820529577998253135469631287531215158967239843
1591568346001911930322560030357519856499850874364482193374690
938172108012550463080654209807693692797940848993365764475103
266247913532435910139961734348016498541573943473936395118930
1547883350059181223262785183156075488482908990989883305231857
168328437015151378003282409590959021418708341142204027400868
1369858903418750616783993843374713554809949005472994991253922
123430316911339087305622961702766625387673331606314838000361
1423712351895321278574391487405627906201865431030407264452867
805881243512639496460478104776673060016596330547263815184940
529896145638578899341561328108515458280281574721439254973479
1229461315711326042849491933884254450025342039865745488811580
1356326800887256694362652539486162325399914804511168921695825
352931052120610870191202923242707380470917472472711564559165
1596327813113966596665328135036471738842656738534794278328176
46250445118477276654005634061581286375933378504642935160989
932224839499738069961428115109179499534610261599526170051473
92307073317509647900252202542712690621702829490978505818537
1203217624684289228897413320569228920554366093257970823338771
1327219600998101110571926586697053539703312164274876662818936
1330382537857053437937937208818834728832077028085190763230552
1290894078774719070318662613534437208106766810324210812320429
699220637733808520337169739495246149330323141879838148520804
396246030272627678159336963889223785429130617921482973139090
909243057498915192858207569205276832457204157310606490170256
1258514482095094605015886524338329026113756521273450264467659
1210459435139884420481002109561629738768177891424772737864268
580894428562332221355242312795863972553205150883917436810446
53587986422816643233096079583145347656116715881692161866163
85620003324622136770482245314073304818396506752924522460910
289971965287640404569137130850356845656218613737368918625610
209556032085721513859409207940584576112789666609637071004461
434365283675899906620711933230687690862251105015725063210032
887855163857585203902046976211548148877786298643958969145820
902470378802466983528078731015056627000625711305234084015261
1541353478691799051907076740127242389086516814188953008529898
1382630015997593689520593750726593941281907949066725958231579
693700429766966900755799978920279677496567101811937139774674
261746381551400002405246284202497246375010013998693108266512
1126836164287055963857864532991573351671644281092290882586216
628801843893550218126661072471783472540529311517129693041534
194236406429216442241166651075655427560273318511602511839422
571050189721875499312313975938373672345755177127849575145469
895921082137731973959131054916044282685158382582414266159940
1087853299777193821093612402279221889237136262811589482639398
1129565191316385296777137093531866799809381387109112219430584
208446483882959126876882806988965615221882850909009220728142
1124140138615940343243739621840103612550332778414154843983231
436584795706466543783374788017596917703249678233698702508305
1244567513026301465156504197866088611170060770277347423942102
1295048842697016611133806566727349162854012812654485452851158
188683688369557518047896649556130607532551016234770852388562
11694848017690319306196546887616385773260353027332706215408
800475296601362959834338123063616751288878184293712005101001
230158214931056422577222205070375548518013614652637365390138
1534182794603652414483386643926569608982755052543858422462827
1008396575055612874411040902750887571012113419426299368980798
486772764660907283043953872033389721992753203131269057389888
234026956012022163031732739295583382454006190563981219748073
360959340173949145298372995698148175876633785979215316129904
664722465367337130029429795454372615817638100412509201845894
969834633797436893581676763858232674240876581242078530124676
133262996515915361463590130868445830490128168594554409885854
444039272001803139804689316970036612532205899025076029067592
1475971752952385090127686300925405406781639173607562225273264
500749330911403892664881642929809039897360056908733047550622
575196893898446440571516208977005969682418723687700200874020
287198749801306929823173981823892005160762134959871371096795
1356911289974704272056753976398312570276881228639112007365624
724452732684476776830904452334883236119893715661023502771520
333663401380653469887342467534237158059611030471729586998851
1015258201395798799368950717872549948923930939223337627099949
744422239082467017113821343976559849675817664284469178152505
1515487097693336164129050717815995123860734665559076091678456
1373421721312962536235853596101359036454649806029017074604189
1409286577540400185114407288444920147721680666872342829093990
93048458690400408637683859537827213162189832519048658037812
28411200937870874149938389242296281305330984671523029568855
1380497664018157446980385739266144760241984597506243602058171
430890224471733126902403796253233410339552252155064221337479
322932320162562211242426689191831673467317558844035190265822
