3600
~
80
~
2
~
192246969062440616345954
259218199407504207849920
57903276115716368279209
261197737973475889288342
543367202622795395983962
227430563896657223111970
691689417407135177010029
498342099588006978159042
1057946078540945773372436
729668705099763394851000
468674276419967582866498
936852469131392019768651
80952071614608574473924
754535225509867517936759
305080419768061057855765
267489332277163171958763
561462512827333003779936
275706281472678628302493
170636762248436549368402
1165193147750928443025944
604911977420337122763550
995889158818291762239337
959474376827830246185857
914933747718589425767873
769660059756291542203989
825552621514987545487255
48748281443852664385358
1096803936135187067592470
146015062359868059194407
808133662585012902687091
723657927290242713040825
837360088577922244503355
882084283300922962119764
14024610238605567892569
55960400346509510546874
941626688541776888154590
892810206704348625678088
90508734111861428036396
700961672389190475545429
693332689627385942194726
1087396063000866020567861
567795474556263784111237
1057361107916062422863426
1054027096418278715648863
425091030741160762062063
765045542102405963721448
699846491997037881390980
104358862922507452479251
1028273562137903924753948
860258708987419931505585
489893021087200487477923
417811221865814924145614
979866764042654970686314
188597010801990223742388
283665269083366111469247
839933399766969037997271
1199041634884329533749522
916621460160303448623476
497184814404581967948260
654870794152445196652167
1074576047665100375099225
55981277560266742778456
418934076760797691908187
20376338137179735303389
266038037216473078079537
491037834916129857595043
451577452826869966421665
671615040951559765601662
437467275643834491662214
981966566127088533815728
407408348521817206063552
783309367573115412498147
313607658351686665285192
252010750270471925596335
1114296267619824495362315
1032224831863797305100479
231372669697821477122714
984034053378384806909517
879755097114982498706843
847280512544483287669523
