3600
~
80
~
2
~
270754429351023840265553
24073671547761148572145
888297361743469236208490
827826404972848092260735
1167058239215314484643643
1185662574080554012399039
1024511809160323183538748
704255680390757284568922
373105420698894687726848
344494703179278236439992
161807178746382793076644
250216071446452197489414
446069096363822859409342
1169670315236139203639549
705132784262586612613290
610938846568787838933357
544371557226410156068531
72359322829678446528994
123842409795460537730857
895159181581526614032371
175185589887461606567368
719137088672211250644452
859057952219058988416026
418783471080273184650850
52679525337931560413594
267304213496792906295374
919225648352074444408515
987408891469656171952192
463556143354327404597436
423562633338036986977357
959913610698881546485176
572093032577340011557367
1162744222435861819066051
1158652935984044334118429
381696157600702867619002
973478203768007880302701
855743816784543427495350
925271748128084765438689
737296284044988208357905
79580050827507471889027
706500822097956780186887
849458678236482348560513
616940633013739074884705
329774756409806627459382
614558699449623130677785
266728762454828285723214
1186416227688571689253191
695770097529542150265335
117864414415681898595778
244546128605170964822280
997786244169990433815067
430324214659063425387953
339376030947555557691581
268818150290514129976941
1055176294579312051546322
56951142421519377217745
904468699092451713350950
1035158623458679586153655
372728961585129849136200
114664347222754715754557
1126807793634558949807227
43134493659953689354797
833832912182728296796292
390158765962710366625117
241762986663395604695437
1151417545535197119772609
739903222965959988032183
151613363717865867441469
547233482335641491713572
1157679792757066033558572
1148422425426533510089636
819307308195542989515323
1157985966410784735602278
661529909211843871823916
395474220222770349845060
531920171372512491311281
99414774040311085790920
553533207911216974820349
866948350327066491333791
387439954669025980396785
