3600
~
70
~
2
~
808880135613891802718
537965769225893172468
471459595783990505893
691569215040196777214
462058175815679853194
77387021823582578273
1118711649798994108410
1152541756780805753527
410433714420009883699
1006965811035393217041
635012164318474726998
423389803115602672096
986557389956072521827
298329957083797708278
354070605520573862935
750903415243041431502
312202707429437905177
145082712379698493421
8384469473731680336
667620530277778796888
803168844988649357562
271078902745544237536
216806981058061519104
971881873901801542202
250974444339830876260
737192090717860344085
247519316467749677882
1076390960487187745419
1125846923334838864582
568794146311163317405
889277206699344316276
1177439804410628963303
326475676209701015602
456694280792771822498
415528940210038788131
222025289882863449515
1167813820495177350000
191621624012770144593
902530858401972066118
534480119023428249011
985341226822968303912
1007342170605330436327
1063902879676499165055
875458899094765160685
761371860543958471836
609004962518434309551
496952362568868489233
504879497343095251208
385016480780178003387
921298228829060118729
18187991734635793388
815108960406462712001
1060952680611130013190
673775088438949829476
992638285287123068941
726716146414732925009
641818419796571524577
517396582572447113479
402038374473361652153
1047618328490105300345
1078737437055621700952
962408326872707011903
493318973720979816546
5347621602301475924
1103769744662101613420
1062330873491724874055
603321068141728779452
578848311647994908474
540736817811993725540
1120834338076082413342
