3600
~
200
~
2
~
755987407108901171277684355969907039348118598426249347752150
234409623511366994179013711813076213403284735250939315431004
975999280199271293328879459607274853074429004845646132553471
563286069465509081129526923634263003401434877828062190758203
457728098160507782736448314746737795875967765076268893051221
561171166671979061162158443314323673763480260838846615457472
812496296794980751252397776727850260426093245967587195770170
1485822666549353938381710090894975865150778829306339231604767
123970132005288671180172405312722828366033375566877421160703
1572869950930048009536316840640202706161967894235704306348134
1213573586942529662819981714207878119825449703486083658470204
959874518230675070917503827154296959822916297198335929425863
1092205019324171786174433114285549545253661975129696019223021
1516726582515986461434001766979663970662373587886148963022292
910072837840716505237185537194304927167054764857487239593624
753339272605961107260105785609540603916275940110655614789039
466584195611820288915992427344117627493441850706254234124949
542452983463155483071959184501663390206004019917927446501165
691824749052840679380390619335851203950949189402244978627720
1308740718287423791631302093500253589329175975425918579503090
1067799424345857772278404370949257483075233583766635433867673
770462606420474231226218227125011232380837781735459126396125
366509219014181937894812510948667834864933283715214947350333
1363449234477940676666978706147830770609405357148315069970092
1493533894522493832580723951640702958731606888507387245974118
1479776423213906856054905787550731230940957234557413442487950
93026127061842565672131639493995059145516485516819884013335
245472824927885074326131084573443192817248410002302931473816
1286950804540632933356627369829871520485146396974514510949848
209488998699475313638774452606877913700247609367721058219716
731386306136922491683117349450693004481248443227443138315306
535418949619663481459826826371509531902196202302300508147924
640377176480164540280820240053894400203043401028394927999178
1473572420998441029470382153832540852487978782924886245589262
738302855467370020482566995578782108366375585027204675458116
733382656543252581053057886214576448963501002767136014316027
1540843470846092812468353492168763428924993913926232275355204
265161235257452406690632964967977851841423267732446582567832
522840659157065494664130276139721470872612703028032815910747
925429322668754323030452488721793678406814599985844335436450
611312085838894169987828676029233044129069963142223084313386
1448769360378923590829689899249012954239665419194855924556125
502674168039703008669919194142006830766120537193169277391578
1415617260780389417526596992302516480734004056397652289146996
1232576674114036135897336598685874052809013306640137936123602
74661148640026154406709643358835578182456363789967172784222
1541797780784472475178578844051726139345356671243804488999460
19782110706377283929728010751025318622020442871428084532595
37349409240153902740014783077848061975690202172696185097698
452684679678106303234322849567164270456970551120055673604430
315398658026407672018565316847809544445508416548504222138676
1298705276473084166365078569199194432172857492775370141472908
486086947425466001688196776937288314286095702472489701188331
373681959292161410434847795197131586842614860480197419289665
1425919164860142236982987773929137781774960565364146025807718
166481249729911167161450934008711646766193829657930925347770
1293460026140436388274022141836233725215776991791976796251367
835816215726142473164872133156739435042545196534979511758430
1363936169548973660239026406433133690083886661208568816020148
1240143414980574395551473150930676066151843240936013124173696
1532183663612715780074212456873719878132944518908990164962919
1536891134547944118132920882950631496687871816037287669790734
949616248659615404147923276565793752223534256238993636481146
709622362796017874482655836435100743047353653306729354721449
1030966465845346751312844820155022074351315573297141823593033
1589512811963371318029242980224478444142221909622630669888002
727260057326777156700449942101665918092006922687116840884726
1529396599366901635538893198577302389791998455136076816809253
566745001666495259890670171000199920596505901209511112132473
85016464765912516388228501965520381094420987595232288824867
1324340327413482876586890728509176783891530150869781280939058
734940162514937551731080765592320413845705895741171955630479
1156188978883347126612644399046808999497817155027833537939241
492579406040699282111711651820686593778618125599461361231589
1054494805488481724056575436256460881941428977157357082548069
1052004134016525089382872727132448194263187904416411264159133
838099807916157202431311668702593925304752661258088816257210
594948491178166565226725232150717809413536784132014866031391
540365423114366817807810694011651865156224272945500444998008
699844995416617558002318402216210950722002654856024898035927
770014361089189703729099110158051806841334607815018439492511
576574202248951858146170296273946998040579264038649571154984
242544689187040577949252783005202689418685657490419115883976
758719738938739893829412008721605502715514588775224556949424
22103366134233830081543674542295183973224384830555259476049
1396867902006823100965008942601486973625581775564967899462169
1086922592448348305757504526395298531579268494277893215128564
185085038617491147179755895378849249183109032934753141847828
1542057820462486613517453479441043262351085043935125297111817
667182150951380916087160609377448015740311769444490546818183
299590876143375527685602661256647922874542913742848836570666
373022540195828963379788589074829230699196478311788201996098
1055124588258278415505586450843676996364893096814672471227228
1424247797659099757852829741459528486939092159008473724834617
310496544915517631002073514838600078215856545483921219409051
620846762604578168817883956521710486572564882392237478744035
1361945085509232839705834065712190087800398806721000870716155
271719812287873475921612352527600533026696674623706569136817
291756627859254605788767010762667797217128662455293135314290
1023244645390489050749857511362198866104256563864393284567452
1219596116656944046931476297922580579963868437283585828606600
702233852799660573130245594119693404374203885682019194684494
92395940134109095251312902545118531851330226904270116748609
810769359269573884174463923826555846664499440076498244664249
7714375052990753611105857887639984667721008793250409555565
1245152452902811817188844302323954653686797148345759057478203
14779284144188075262605201281421291039289575130220818252308
126653195991965968376341954122982653682860002180216315523162
127364421129304648432403361044563229248923658458618244486073
360327659728262275509803925458866618833756416681405004957858
463659524568451877339225795393670993852605388994510878952681
250188978803014279168644922206026415210932297994758384054841
1474861333752355795664380536113849853428350258903926002012028
1570947446950619333308509523402846321027010513058335499121301
1041512593378293164637530119722076354097125246581787026042955
849307416977185923594780266657313418631852773899743709951897
303046995477174808629873746733226556771624955872115516419559
573757303967646661128003090047401444457553626678859146770785
945416224311828275072965475006899756086251217521306862582778
1142206074904670800718155377140489768729211314622837085662644
1253733628012693237745965011810579918818806575144678911425900
93745852436680249175362529669722646178049996992869901815200
197155009431659767536228069630052257865986605803964621990144
614560198046626827350775045027919103945220262844097087975443
886638555971155749015038062059831897680516107477863967073101
1293979136678294472467435198921274907402912754894197717932984
1223961199469987931030590915285153688234515319682677456546976
1477856916327815019044336705073750461497658656835134151246357
618995897229885902541892151123118754607557821184846255547463
1236793781478440471778857359914584280946726059508339050941190
1232435774130476103259858523817928909940005002385870289115263
635610010634281159449094868245791824921236299135194710238487
717319251896844458279458769825556709078273851126035065009971
1340118430563116477176260076809908138671275605577076936539568
471781360633529324535072072233845547799439932965827921056214
1126304801566871010389938536360031587393390853004182557247604
234927576578510605901850743774092614354048750713135095897077
1362780903782628745463655967633147285223496235096895414095938
778260141073480431815972492362992512623167567476739340921038
890163022614518235497046991577516713702988251312768457035518
1500206033594523459089036163040428457327306312407497866281338
659556473905707641079976856509483591662607064068814378527409
814899302525646711974800016898737793536276907002123323227644
1494121603956119040265488502196904470276377701819945612995945
232434465131514721096393993817288273381974179025369458464992
149864296167315289554681270046755027954923488109008346070410
1186543989498176876605497847878663479272686422392525710774546
712773191715441153389592223493241209298420485366193406627445
1367866391313125054130644664735364894693476703890645991761107
109813479167198458018253009979288585733446468006030234498385
1457037906230978331498597525025292819683657252329166731942976
732166738161937306591317126245619645902766559172729546054102
106179224618233132394085632549242149723622727178002223696639
1277690787720292369491191873682491675235228533256880452423084
1047337494444592068183221645546212219722399804892615899061435
40931599082306832849062886695696213044463788735422226411793
1039165970804151537314535034296510373408816311587753244111064
14460018325108454244639164452032127167959408579182217399956
672082294322072064983105193972616406723170892855002994147264
531688432177909535683615995447985084621960621953153451956508
1357592197303838675052453215633418103620016485111778641645888
1374414586931245030574863083816652909094618418292137710290227
820490109750328627792429662739946917036712904178004862386793
388862976079384157846271641705510881198955325981202828362422
209728497704452582382388051692782428027190903882364228622045
82207478132646189936962195121352503514202390352252553879708
1546494272880434343487444838352127528997204004944904136718131
697299919400069772915221908049259136487037513027102666812433
450306647319570646565579724767335186483542181316831946876775
581040138417214974177102898788911481634967563127700744549019
522926601287372329397330157349072622347976578864491560309214
452515461472621287919271801345250042977976051288963486174696
895426104406119019706312825313009920351881023173852730600486
959662903736007449516966204248745716211315631852886518133847
418537302053854106776851976363814296864412733816272799948163
1447369400947667663976675722914362835320635959876870147379167
1172595426309106345401933190097630485601129463880712009681913
979080465737271366774551798680359508043008788872513384127350
969964577757443285775260728711813122240777096484493688629181
115233195849110077527121528355066745108063335607092610764689
1573744171816097913663079387794507215051074866053433029546742
715359702506667733803907049343742783203838754904541638881059
984249741433050541624450381551337338743970708968633902229648
1173582225034199139553936651046481022203767059650090701265228
371393105131045514760763952626685370531784746400706115579453
285875036059411615171784334735576732620035831521153330340210
157969303130748182883469553164611277872644694179840778748687
691323984100073855116255191687561502494157090914082686798608
1156744585850949562417436966778807799441036334085618134126246
768323180936474880642517290713833166301142819422317117240186
230660245643685503552732180336852147114402002798384478543197
1186090216868404418512156404290089220483383043126414566917744
1050329195244872083346575454686365828418571073450784766857134
1157023668534003002601416279619441971366327427412016731889210
1338073807242234928977578065715396049574858942942441753295231
1325114249516741890128747988905176747906701411694969617307645
1436522046087214798877976980850766855162021138058783790758013
95353045595364442184393189163064704057193605114572167663111
523397723416924260048485459104634245808783067176296372188831
1413066236049660667822084529435056314778153110459371349600806
