3600
~
100
~
2
~
659632040082196055635049730076
233162584196934036450094456304
1255371718343093553691228749
41017893371689920508790577695
286153846073292547850068573386
590900792841517391166900862144
765430805193926468867101216421
944504390307360604933555278283
42357885397956479397677660187
820928616259663022363450710812
497045480979474875177882457493
68773830029189365583159428694
453604176797502366023191385414
295868399992342082515538689431
964595496171458573446437767096
8173919757682725441090293373
372094805357404015673955828630
540706326675072221493552368131
771459975845430862231135695689
995577630326239096938347512088
643149246330765810811992193180
298749648718776891418123163490
144575537291444185042708029274
821109744061503001957459380114
798659294841042144750860091240
1266414554328084416975219980305
1217568855627089343234078664296
211919941632586360455431895967
77568636296763805611348941881
1012956131217911901330733515854
369602640890472222538502992927
115341846457960828549899163211
424950998101928469061010030451
1017043161645276121892179085073
180992737960955515012313645787
721399100906422904391432251750
1039052329103910360001146472562
516294678313217891590619597722
1189842346072392274756856360368
280634556347423821975773623133
129661559857377235424207379592
1234519865636756085275675510478
131188517780989347573571012575
19325045226829981392182816736
350137408952756178042516478748
95079794098685573087304344710
1165197215446830607915552036118
923023233603576475405579864180
14811415914954959155590072714
991920156692698018213010802025
373312537607398368667135117993
1062503509947875901794073307838
1216789757450324949720010565438
1131732787842242018386177411918
228336517007248658646045507305
1232252885014724917527525599561
980514473115605919207331853645
591606295707348198460068546040
67378817969044949065061868763
1087619851274587015200636198508
742639049171206841932876539987
285265617090156566426251715293
845424869710445307341404029560
1128561733260170843009241067524
809698114856698354188353742600
1042998743378672146358174443001
240339497326429382976777574853
4578800246074614552386432322
849554543970564198192717675372
114133933849599502325285611202
238377175752576509828735466408
389276755232781614570193920545
1036010975731251209248329849991
595343808749929020752273583994
1080946001666228737724199900912
1246418273515053511192257120200
83409988704100773751863931931
388889829105920663041047045311
879607037001762138801721221479
999200281376760841229233804912
1036314398958708602697298712968
417669609227413311893672665480
489952265460814578074861996206
996800389740436163116327903720
397684046647258094571446921972
257955912563711801709222830577
1047113319622245489807489697768
197482707626798527878959283344
190056730187436262898812867090
410507683615056062219307582484
1251357112004751072462120541189
974289052749166670792738110331
779992909382159491447739974500
136030171146918124187562919807
868167935940495099293173981416
542221479427613727559195986795
933509121970731497694054331755
18899349769243433273248358139
1113098434654206374586360715890
1217002473037227051188899616844
