3600
~
40
~
2
~
536198690082
1000117839667
87286462026
698823286624
974881553572
484249615080
592925338571
733799510414
649122489454
230411268679
788156902931
97216470692
1013081101484
735416640389
816139066295
1046763875594
322537947688
685668473
802954216528
836328719986
206560929097
297162442663
1904923261
324137070616
773304955850
605921479814
426066580879
452144186027
938226081934
1037217587160
445427128730
942191782229
334993019724
305656000370
1083360691847
49067381048
611368548350
1091482991247
64694266921
600564230922
