3600
~
80
~
2
~
227199318526491638693833
59832828539184004242945
88041774297049839728315
118643481348315859870177
402308246978853549323122
733114815386351500831692
494840404306970528219122
414959609048393826900669
1045672606365144770263704
1135471265659327350112233
129558276447829512065256
1023992857861160803859988
957896068625675605449583
762432863922255452548947
658442683346362889131948
986252796460374189924102
228484091086285418826183
816025115173169883182165
714481074235009920214478
1042390843331014922335696
570210282638689339002561
382892622327867794029799
737060211256406712428007
903611639532216837439388
525692476802542770911239
1058656006824575195266421
193779747521927368159381
1156654960945005011348122
1066006794163980555079819
709129712720562450753294
732480689405284058169629
293770937398824286237244
402704364883725806712502
1152378324620936730060396
680939865640615158398619
733727558066602859906571
128414832955043464499634
58259098460751587527133
616869363286691245966999
656667810376974199537777
590924721220286163707728
394860153510763210887344
892215988449910744541476
335955265495919816602882
610008120526718589484113
7885173695444093127224
856259351609281948834199
633119759701600932034628
814676266133091706092145
1048355608395364609512942
231769045458412525049111
1191903657598663360717532
723075145580066137479877
452537503862632996874396
494360318624606110625440
841017781579981052325907
1191332785732698266804475
1204806566570094470622857
446617147698686827368252
1079574906811073270642551
610623169055552647617905
62508757871104917991774
1140782645975510141012035
1081587805021080333540037
864407991589825178533805
1147204569365931585332841
789802193817364477473084
1121308445790806045477554
300113696048595097339490
500395148903289337356961
1039185457596584865412066
554616378388705891609093
120779744781626107529519
912892976703832424097213
1205647084507289938589751
816860124495477690038956
318708314695606767920150
381014939487623973782582
676056774910825836909458
736425974415335003824548
