3600
~
60
~
2
~
29004388561417447
971383262751597799
625455181932803780
208624196689792121
539412973329971378
774766119362692131
891442045252354343
922163527586595225
1048570217036624602
633020408923550458
622353107487285278
780712706477759133
1114246659256741672
5991697180587763
210325261521308290
71138842609621670
192113746024476530
762518359355660204
439220239661195787
820365270923102710
1048994965570018793
695948832264101356
930335229725817822
377942146971656766
54451081509415014
456331050493993979
891480970648222570
1062861292005113879
671306140951783336
996218113765918648
39140280034588556
255572108199536202
721308364716431100
119211341976073841
45047275490188026
333833201351301615
1029117475845512733
983546516798983334
1048396490414230786
601591186327645589
89393841575708401
387872493158041590
411734595529929737
30952701519353318
73369631928165596
203778228645236824
725757950146942293
1022975210985671395
422532251614570208
152125571509709197
766014079069294602
227013726447687385
289231974176921252
1084502396796108116
589541865845104352
662242428160761528
895926370343238164
615874937713625395
86107397428013386
525389449855270046
