3600
~
90
~
2
~
928631693676201051907349314
339686849619620867498088266
571376121676389129888560266
432168573478229997355431593
818969159936536895687213295
951346230559924862752614974
175032955329510514778488186
354548931914373363609384753
401084586474303759575547247
359916053643561504259478040
966891849213920796851624465
1069348149781297385657825195
761659989641663046013524902
817893461893517631904500343
1042974171480531174158685814
538431802720291674209442127
1033187111861505597522332102
1177172788071592331151153023
214163317452036706500644672
1206842621976887441599873983
328221567891049606897938781
757662850702229429957385538
309144912517794196001129741
413136103517245305757061372
155119124907827830860650458
1200677820088961101012010910
451937544919897656282238826
95258955925536783907005957
254347503096185363676733083
858572182265461485336568851
115036021724058242597203172
565198427573634823705935262
281343741757008119514703206
878401261109244619842636746
872534758912123169554219653
259941517932287030415252670
522692367413428418023694236
599050371726648943677137484
369686188905020213678511528
573837077460669628037852121
785909494125561055138361531
411603755139713490013836817
1052328856431715374162957874
211953260105893047416907903
700026747812239323198345975
418507848824527021736707086
615745022245029482750839051
1127481732814881329619562296
62936923075351073974246923
1152383845644472226161276140
222883388535917398064208460
1097820675195771059412846656
1088594519812843191827115579
820876126135115611559781746
936273194947616008107538081
1100014706780107975914699392
156534796061981785161579960
908313725536824980021962613
116686500655304431126785862
870547807956122043379502500
176226489425867215677515286
436631392176251302982987096
620520409473301761731206306
623341580066504882239732235
467935200378699137536531923
533067449045253239147971443
736224109227367817362287629
1007827219952602333151268866
832688956257397776760658834
220089622951045981436778751
50273336164039018084213124
363739470500303731925953572
43855777847844032183912253
434135845845228398696668388
294768140953603274173499391
505091363255853515536132105
745387979131256216094002236
670556787756994987281884366
448820241463224144407090968
335611524963939078219067639
956147150770883028099029540
655375171254883719037086724
299644746839372514402029888
1103800366550771369358673926
1040555692118467464114945181
1148470556196367021054679291
567955908203581524435079964
398040084223172237087961530
370762473409055852510193321
817285853704032042946567986
