3600
~
400
~
2
~
717251289310685967245741131871889038999041915852695865406761556857521913363916305981220158161681462063849052955907927453
136992258574279929741163279476782908003519815617211226930535897476506961001198909662443309738924960878846802022500889767
1598059946139808392944482702556246096555418910730821376799395539425292494125702650495187146577555167838272026237186854405
2299162169521878065766756874624408734534921560687427386036909155080189800180579368710675212549923078686048622249255807600
2343466829474518385015799237150257197988437713982850828126859412982459634009308293339795738767095822906498960867276827653
779691987302587931316970561371213765844545790997302545798958589418187010043595263269534059848758296521465410491676450325
140029340754697220941335180864659096696917042511454500244108098735416401064390258930823424216316724344625092862993984877
2330231941596206666799956003633854634756973914092738616517517428423918415122910219551647411991514572140353421257162263394
437117850377719899501341454618904714924680749646900379154219164825995646238248725375071725876066238637822568669055806120
2203640038780784910339830686605424927899892973891203373535027674464958404101657018550568823283211776418787567949877062681
1326775666962312635870132635285961490429094576971976849529183415252306781977106967098293244789867873615084200399857893647
1615344269738721875081421142774822506125950553597192863642497146594477007951983922113907555156665943905012328580493100930
894462760903418606542394384367567751456585092841303054258624301489623270741998679197311143080011140208326442340225641260
1026711573184205092573185308844758361560923241649405654143340128318060630598233082284086774688318650275508758952037689566
1622933989801138141996812064296582245764245294484964364027060577301822394725733727143992945622540447287405071018314929471
1796991575432673513366019549275654884005446109155191891112778466979465828503120471706224182849062270364037097804145059980
374824544939955803113697834635809934267726155666354721674828530205535954004536784399616902146645441438849903129924711553
1721227193867207629612698673431074875736124744777789328131410406703165592264113564291746060263011589691593923366107146171
2019582972694855640387449424955987267577165108675833883909345203142976314155231452449124757967543971622055455267717671413
67125001263071795434164093449198650234268759001344429048339839926360349548918156678358111756796724203392751731773891757
349027520325926157697350920307477974975768382452773646626519410886626829216542213402465749670627968138421836103372874778
2035792260566640698816477455100383480151204398108896431462547483081631670412941331849061955092798158253084278770135250645
1960280586053657021701890314745405328928536801787673463230043790658646374712028358998822804647342219498411156324749984533
2054412505725941234025837437239699465075335877880643511574766669191398456475904947436621217701854194209533865181594856974
955990479079516625690093742872478205881933965202179418756916461935184714618468776186991306623497743626969813795146187330
1560771645765279024251382611438570743355479505603605755006867300417917892236069991379571478229120451186556376119502468535
938849003205326721509433005554447752540270707302098076378772080678656157539706422478185349662564530071287920299507015184
571839566750431798730497072193559384392886957555042041313000541861533864725417934889968492857216293839531011336817533757
2516529692877119427065256527204990613706567794704962359647409713599545109253162652510868753963167994026419387480940730880
192418107624349449946164767560372624980375993067791189296124958728486425208114152072605239769888502045961267257003514871
490663042670728287881155317485673725426066139507120297056800453118386677390224613522844616535330278196311188753150794275
1159574610067596492795622894311981293922262996475527369706677038680035980048621889605950387319381442776641933177094776508
1895762842961130445472915117934629739244817775912809601986143797109284873373169042706174956677719210423230340363647044645
1177849148686759246438628058776793820459742157215961952243788816840492041777225846439802479473887292649299783607380103805
270842653629637487331440056870476558172149112691965926149931559896202368676223721435357013592502410752960747465140117778
2347938679437357425400405715429961693007583755539217872765384415076842506015028341956707666886798909630823689382759165654
2458598731184913716221652288466999612102467787055825928487960519364996641084295821728504672852789690170139003040801702063
63840286642063034904546449637572861791134139961417381474495723951667753114116825339254651037295708546727302167996654821
1186946710691176128965007571888845234170683106310721744458064353587203758003388173974906696081607792308397343402746497291
1509238497353545117339759184529312297065109559221763066723816346399011146969715264029570128842373729645551430653786942113
759066921448383793002389582654320990991344957196238682050085186722111731745772565619781535725578756046797839432934500861
1017910465897110322571003292670479482128451111369224148109259036789091499272481547479774497152339028692904177172524432549
1594158695028129648940855973921608796845755663370434009414759694624341054925635128035542249862491875930751995327987087398
523674643863079937589146347432268947006018689137913563747576547768003947600192572489758740572048043575340406710167142842
227622271075478782861955620255009522114830491874470431923347023367742627800120673404402596641543718654937438072725533440
1701869873382680000584199150448103904739851965872662663471708722019588890842405352463603812305074952164702512607905544508
278979426464286661198276595942477901115221622307798128112995648229305721081303282418798656898512229185508374330961709802
2474185497779215867037756705262152924254503944960381115585192194043411667881168083484122132531321942791941035568247646060
815486575035990309257690575481329542052410540853096825647297836660419980014878384425324797178867140161676601739494325999
1943737784845859563234028350283642436134679284783037868156414827496763233588747844553373774091365396561125482131219106071
582098105731882952943001278950713158868370452279977083625195260093499448981385969394929900850774339121494527007305388240
1286035939048431664555823071737591291500806702740539457349579987891522217390371915721776835342805570851725730502241758323
983468586868183111692337540789229841030671911306199354671718831755330187905240576160743257525724184290422886338374763575
1153456237966613213547191551278600187617268552595439784906564647666381743573727423569565760534536538544844503874591637175
1942279506966468916921328279712585868464430525784276673688200582404251968888239740560744947578386486137591555179755425671
1803289044520178619169724312869694796141513391485689807410891607829516063425613923719304593225314166906366879551047439790
1201871052887284054662592522588130700672580910224158947546294398868162114544585244183972131966667418924623707459220549019
2011941700218818580959717565451823627727635755362042120158221441625784396791224200236184004562816300448528233708078924745
1923649044359065778003624724696147160130918050830965277276553430567182598734054517720747180035332089655980614614045563765
1167483590070446318827421860815119872102223781375105700898132749586663721463800300936308882256415091304912857677280770441
2044633481498868606380550795203627173796822553069984436389543164847269088859847817368546002772749694109173774023079115078
1274522739787032519607065312955756477490129238225976518977903681251160545416559368372174706036889813029353519986028210907
2162880090349948773550801002474982314246461321099650476762888588050056441800560856775861594056789442053257916080587422865
482848220840861474467016502541747396032657167992180605978754986041839476814851797815889542103366796848663995926698367816
1609137107014156079229822001893562108865323740809716032724064795079980937036600044830822913415155799991916680492039611718
1013902350406612624609692701848780894067110182099128799788175782008668467910897880526113803159054421658714620009365284831
560205674356872001641500426523584635400347444481416037638969501738391147670536286609885823484384228504744040383606519752
1897333409986506584166867001788080582498915085768464968413873088416992133429822020828071058087064423395123097431840871250
1481581498866168126516952664648925520212854357871888699097210936149142708623202207976662163973186933339557509135489868824
183280584224051415472861985311257636422576599806549442572326475936700585395069527167873207147081369555053321113803515434
1123561328725647924118725466986950634365708038464037529022034952741483301080571741662878992656188209284473225783790604918
381437356618474053962053829036089173385748165247387432119215947463861099238846486413561035527379960885000867804958426854
2099973072588136951102764517874680785238037306570928127897620629572629793435934030228769406907513203929768565937403447563
1665606586403142389642835922739267812801486023583317749844559540571713695486474148354796360389582809574685818062874380608
2543616713921342718889804690238213063334900205057359611418063449949980159778829370035986547301535518274312164662256834402
2072850190017109515914196237262590181230549585553253730133626247743827844938904874650505005220332300799624374552109630696
818615337889717712392532529069796390360424438000908441300170531737721712306534567242248956867855428172818178371299916316
2580221129828185293102412776059462145550450497182892486123875783802540464895328352344115681261984173156500727096014513061
1647115433605491776903885512297405957136109031415395623402509533400722612323242659256074076544250111693614469535030337770
2404431236286053933824881329154513530536318032034443309064289194558581223266169598701260392692194079283051326841534559392
2356836342176507986571468239458326246456597247790983922851435387439885730248596326005551746965439034404967778841913171205
250745285873901347581745012028128312340550460432915127873870432132279871282863639019699743788182153340800152128508829764
2292668573568217695573806733240895438948185209394006287756630638400414465441343698499520051342952360413827223100526283895
877614494696830477067257313730580811027971207812104183630759881225586072762014275580720782372980321408246398694006685369
497091170215565631731641566675121271581184971155290455187682506749611923767107523287396694439989317927783595389285289744
1208916519796653398076214493896062794763258163344256833870026477818167958218703483670467346983489305239342833797235795318
638373500273560848919504628269478396870942754522189794888513850143866947092471525878294225950125884490382750915830552327
1753238891131525295695025945419468540346084963009947102836782665345368405859293924526960664363703175458971572524727324989
687124769102609553342375203725955972687633962795263114714613365279369475590000159386415733671706246992168728793290623100
2048097431995681265460222577068787104736099774032271417343561116799480250462661917423112182539062068486868983023548830688
38827038621207074187283769876185349869974488226483979578273065254594207835012720467714723218196637795062476026482985473
865441416486953328548062283876608668678117680723901305557380455203930727910254482116511420205800262566146394452256338079
2140995330344975875537018537638254548830843857548379291212162910297106854536218524800181663709023305011989544123034372567
2077715355170224422195130013779992994022820507373919014228185277639195157042964769256661101419437816244596320601457928382
1636601808415048807701375181736369800421225067052083430706800165282115962547828639509716288756258275692286187089494122959
1812179277423691123689628501014171184527794691502867347377208605733696986169469628082743840750108945326644418722135659528
1542929374535709081114271289146383200994386084673261508629725699078972359924614609554969614208453451638077159416188972069
1641826079631894774086914910064260355183329505159824886213908126138171468200684273909381803226596320770800581757870037835
1115323892264204885143535141578539612318816256546448012398979501181878427660373806625372955673890406871844509923625777797
1002082732499961570645950268972644172863185431707494275548288697696100465394121126753685995947758868530109478580562699836
2563256434085774241056041294162520718255062227515473744057189443126095271873480644284966380831794611173859251313401716771
2055066263787493249792076487786320082376199026092220577218668469555395748332225490180289063902591485044828901893987254584
1681378603967265959609535759376439400066445625987367212364336105801554792547626111281698135611638292598781703957145683917
241465927254139486166658438995718127507606669234289197952758142968176907271328720292224898232875725612832798482900469078
372440344427009703577729848719762507042430628006622208263768296449067412552351287727653514032861130464269617520335684309
1595239148152850908251143926233802194467627196383356590962329847188011306821272206694646301876071442377220210081234699940
2287756437875586245945714805604552522271221834581658839923580990030252845199730383018592279826530621714537288688774369412
1560035099746806673281315765087493661279729153106962391089119273340483277198868339583582199586968858803628617624371802386
1773405500041576090446315033887435846310030356607892577305057741523391847763193997780165115252948685726801936015746482158
585854393107574906263347164152825179383035714733318952149497882363137070515833029141668639782288101728038617831700514675
1921912547982814682459865877623679886057201809039175938626375817499885138412668433874229863763932538709703200701876505166
2573756489693957037407489697491117830385923305291216981080022654921615434683727541818150103457239335090966874067145420425
1829719289516608605535966687273043822801855956753626532356673645531152293156298401732038372074728679682107862489315408355
343042595256314454121858577486904039671534079224013641008459474973982919690437480089727457611327069231076629637844234821
2162824015258036491928416298579532346860898941503738739263825453929061131794725392540112290479638935742629436751731665502
100100167331615665152135281688378108317476720199104140823230491505485375782114499476712779338833600302661852760304696647
125000309050308393930655336355929799189456919333549896440439729700339540270504378633812619401377396659282400060428944490
804316178791397199257703416766974192835409865079052764402167979194823229267314319578349456881225158299915227581328604838
520733201411107696671340557645149854677827980927050932205129828979495326365037158766562949574830964295356165437679707716
2286640827031550917379558453640320866457910782260762796416267178099511269773401655365187780629826257032769323251622211747
1508370416569339246870503575729744395761013320635675043156123498721586906955315006295680546892770767127976049566606403555
957606030593182860711583957265280078640253792710908667334346736377410698852126939931233664010941168126491169476453565319
2193142516838683965394741265022007063102382934205760197390417125756477524255909236303845522276147935796404671375785026096
344295331639756622354632112445289295864014150541683413022343437044743500920002199104183876562063572766273721501792585535
2183978777121994539503309957828115987725744149280027152659405853676760933647994250304902163696540333108383044745220151045
1350863561722388591900009501529006397229570957197017409135791285781185572007481481355409374076316650897125588922213153404
970413908780952255438569464590651193092350184723163991342206655673215107319741115740500930014481551336580111570046145109
1506883632716266405698477506275204004767500420926845168738587460347269972753157688142211980165813383887602275678856335319
1187988693422246892604918415730402878506144300961238571664588167262138091483372053710515555672634849716844296434106323302
1707376693996642648984554554427586065059364477232365932534609200609128695033344963055140717907198438470407793374517310042
2045692884878045773808692454718397984104065137724029095028472944603156842962010993712582147423379136478177665051268629466
2040641430923262165284992411560395304567131109879909164508598914330874698201572443609141209668230244763927277173160586435
743168708502636226418255398378091851618042520019105201436379621782587509636899207414026641059301968882685812801584493566
2187255058385085624361812985827541134787089347405762216306980218280661105082194822203483345067487000857020689480920615151
1580670304149762816593080223273183865569381563625337994114893728191682971135923722187448657327598857077175686499704402437
745417486295688001040397168886450552331116678621606874743228666433909665138633960830086894841137330376754581033476627984
1857279331946215849346346392294256585250603040542219448898615484384786932624264361206188827113381501739023772386158246494
408931642290490123604832970372827814920493587233697669288901487371949801440222503896102399498007002463399908548649026291
2109073628984461869955168731242344655221927663119640998848017387156204451887895602705515185437140187848908649658055259135
280328121007698745164047373573830578199513594337401349059871454341092806608955616924072026549605674151145618745147674093
703321613312099844253510428025837254171817761678391320010460884430618372490387832229805577019073710337007979100989958374
305630713446738289802230606199078213906783485797368764753382631010135946972978347614883824433157865284001393739993357849
1893336016144215599531447019286793608843903723586065804175095775514085072193804771532951158007287556524069084177100901384
1861701117041835422866033990529020025679532309682672435675798359419021390987098143289715245566185348723765019442474579157
569670010242323241187305558368026809143699273901338600493990815180972649620809228439462139359842778882532666600368678574
214388312333494881880428540353130951152383051236983299012089757680156496559077983504288321852938484633502260830529126642
547437147147285352274075239959277513561652085883733911078617725516009375143351269418803627362734736624276468295910127472
930756489996090779866693392306486100691009911313750305934634053011843113588904380138801149841060802390402842075890104232
2203081329955235672672710180227208808891730485978744244371375090019971219981325299152080070224130664944951777287661721725
547494720031300605246595195464300894289239115692811688268580477152991433158638671629672106045336232050634544085304490732
2238485494416069028063029114546499171998384903104070673250391930373325085715520158733589918797241607881051740338690539728
589744471720034282550419263392798281662640663427814708941305558547845009021464557588526945263069425988890960402922182640
1754835693536534035190183432442776753279045990119120306413456442569416794912393681282213956968035067100294793751400398058
1622855362019357125475329766727197086306260203494307371320118059064357297409163602029871738025526377339871670612423666385
2251431473095648986453139357821724777896888784293817070463551470942184249046995128577402066559099199042298077255547837876
114379503181881169971187810383011589775360619527412210757558372762401091041750405971112958831157673730543543298125037263
893626312271812722472052121693133807401348979221963594119579704477327622591235953286809143893309877314068830236580607578
1316391200542122899342519943527344045149410581214786970298308820300550551564787477207479378212008280499499455125386406489
2242764052300943915341831754527964681781549928997173237895008304069402775082234882759834489008951403881386953088172890497
1301232093867868559907849778237692446478895080457160029307276957080482597613798607484481343357671897513714696715708819492
1129819690649998455887244378710539648460871372905608523428207841535722870153530270590557113278691770934654317786962035964
1866866625756158754157797547707723881951390575997472147545408115099693602401326195046425967264328356971034734261683036856
964705416684297461679459751616953585961964076784244503281336801748978397542127297808336259655454925279554457472979055473
1067086438255045222892586425680030711826778509668516410021849719194875962273224068699375199855747487974414390603365614324
1490207360751808280006221923491344811103549277516683241179790116359325890562279638558469480047283892050250774456745423265
1568151375855167703491144308512236711130157296393317245294755001198694438400648302207743798499818349789608524479226657158
1525811631541338015381597352870133792259883344824205419682377885211828063347040017719008087211829437801921624272858355595
1126681894653219733212337731729187320896101416260326046265014282654103394487302461189761538759689175754546050163815706284
927971471787164957877275272867233824511980381298153831529457241621600812453492774231889408589309518704542507462865056269
2278845099399650503596743470621971297994906763989579721102947104597799940124904649231484094594003435008296584494919013101
17962676315604188173716717683190281636451621027200542703578511433019774079541500636921693992757987818388903499417042049
2075858840287563488649768257856062383661727127182974513573342168065781849898683567205551055533470459768284996613434427230
589143823334057011832775493218096079023829280498437867491665461074816345210062149747952762456884582729527990602380322212
578626015167350701257959556363628552188052419171338001026929298812246280020713663689778365405608210102593629072034639072
1937263383982424656784824827310699597095716081541695457957667260408032399805577719309414204993696401761161210005203651746
586837064494346071007510055923857770726548698231797191762236472793844629698827628390036728357979369571500616461166685061
675857073107775474575013017366383461873009734202957806123158273851220829091985708980077825080012962765591857652166785059
1573507492300236312964152350979800812582376768529632334283698089211536245949266951931986461327430835627987550546937063250
2159022773022887560033892424555546385526704459620603384517634004077431497159992201268531365979309090454138246337093788445
414443614054537291536788251267160902653226297336465120470450436136295286418102430854980972276935712942823777279387197926
763360202762152275909761204065295166456068980833300269869949502234042036699644191300456783661527750714476931708644631406
1786919721205745913727184106423143380923186302536921290205711328677215493281781391560706049046116619151689109867439820844
953573733733215202061012409431385254982331502644075336810396745944594114026438246280452179991360730439117664515112409315
1534636624988345373218390182032556594469870232815502946065763494250216310472201113966645592910624732099728343573545622381
922493127947571077780966506133100705678139838492305813938651908988891825975308505604949881753534405836162811192862706345
2247749270781778498000137594047340801517740044093563482027939416606322141981613921876285792566398658759768085085171176807
1822913653191138197410047168538085238147324066966224463119990545555904340458931234453511038599556871237884277305058260381
481444345836679326375940782098380886903665075139096356172431559925542155294846604681106634339143865609270119585833971220
684437968750560857197556065139710917672450175205591193427275095823734289797855440515575252876547021456036068966483351604
35579184514196848216679666626730839783590783831573477019389465315358552760800353550805666230609250151202587518382565858
1734733266978165672531939738128906573450300746452695592704222383482371566429737997132137274937458277469206801407766897594
1178227649706721954684769209063439471658671646042407926038782426985325225205165892092541683530471494766989275877527163888
789862729073412874766599746051845696405225594399250514846055415876042727029928920239358889092874029061332152047776767113
905469709878176520287052606947306041180531985525381739011598615840044625599375965935349858258920133644878463865130300550
349710609576094969391789975248226276387061078082631164749701805192400670833177676730656667234942344959294466451017303804
792414282623257373191040724714456872733305506994362286313930550782725162794936097041157309260889269096995537816874209635
944860297467465554828768034014203976571578514007805277213046283798261971606404585172073508954967166692652661874194037179
1932348664774989561795344803678314877803571027552358547120351946362514942416265530154097042887180961103543087221320999734
1497927862387518981386778391779357168479758842749324056657420592461886002625769561736229665089875696790018035915775409401
892171051453378798119869353883722015359104763845297076960504138927762984413957672281388040154721211346384096227610308943
157223500025512226394927215082745231529309046148307834438723766750302984009191803133590342039592700054487115764949630895
1253762319325527971935048686135484904930408645655602027353854371116259973019247608942225418357412588065278896932272120040
2046441789954687838153599597026365356197178446807788306615224637736294070856793938716595602526899593235587118695472827505
2219587951785270451272071673765877323869691536351237096411623261031506002260114347991543934940395513978495887676569072558
2580864037477418930468002343853020359453566504395200469494396496503644640081224942069399044271685079989499411322810528909
1900556442873680540399384709911572205154151502943772887253531169839814170732377934697933490290312374697899423574995882085
656588192436370615749200842717925776737304499919289637424519086843811583264922342434000089115884302560951519150875528217
1465237897922336023893171220530432035864852366599112251577056421399361126347933228239253968496854932224740194394908600105
20218711047981167025691111549114324067491416052064186357120806781445654457550525607709889243149589533253865472203209022
2184896654283498878165742165168396885288428350511836533617749485131279961558193784381786911651965802202856074975263380061
1724536138000124598794781943695346920972703995498850348985906319170777596010090630098728804001580970602112887771990154797
2272768646713769662679108370128249891235726297168832928786147666761190441654715581979944909146853302400998113464425781307
66411768544567174257012708896993681392485588548925553635899264278681499645764023493904739559779861950617012484490988783
2266814152412902305065171098152744518383769330325433746576708417706056409247676403529677143493392703146958103636616297915
452677799830627890235872787216631044641437083630283555576588724870136960567966392316870208902666858260818043537259191831
2263775376013931890326495426820594031639430410909622787507510737173925274763385172235460917483471865908538659243723724933
1418956148578391296384679358502456435714966370728447609055000542325363376220626477332607618158895341405901834871931867364
2095906304710075573058101990443080033827526823054033469227755460633971745756417463095561617411671294278299516254604157547
1778800380992264300748555923281493317377956018196927550924496123856599396335135168801385532512872450915627509540523075210
1931052556776849429102715912315930287038977207670352820625207835251219508486420680941541349043950908287749629561634829282
843157943896760102990920232752286884554155964147739270623848180723095899421853926680314585357793282478934095213130950449
2379383974037960230791302732192723213998783421011428266616946756075173723193118970785605451314890254801131414692831057118
705457791222619051605733765820236479427838267336312065831122147232639840470157202139970020498257146708735727314075520880
1848973946487645976668656784265319520322432608939448810505945087494139095684843281852033132107071252644632893911330904194
2077323293935531324644792434992865484239923508944376217619445735081949773237166429716002810610461107907101549556117482635
793272052685616326052050963832618660070152951957589827143013624022659639124235508856372886657652942657870545368361467193
2181939567322550616916758751445921544975906410791870205930523888602934884160761833200810124350019785738051567878062924852
2449048310615527265999910830676937045300036829767422434188630013518376241303920032439134305078204249886795115091026381928
131331197199877353261109595445837441628048026463915871673408981194616255144262231211719495240377148573041198859462513841
2059663267975797555294836194421328470541885046915090789122108011625331050440824211718925379206951213162434558152785448202
951784414197854723441673810545990681080417770879914874923274171103983605559395038444891736485383573292074556141448793534
796362210575812190907543009980952203461308975781991375348846098864226302277262526436897363790200256021153136846809304690
471392147422740706932191171541825261247107768744185053721998249305116083535014215621340136655991302070882147746146603208
690440691218730706947940327578374432542647828748067724280158864818368413962291405193481430272148627219836197225501258759
1576973803644179331154083679526518026937444192418173611342134982203021884308064000647114663360601639001846062444062753420
1994063147369623205796433272474782236135389090913905812394309486800247083858271108390245966964233516857558382679880671606
2137938417118860263401840950962893128809596138232969269864094790385441912992678096716118640383988496126844344402954671134
1929491667379599138527580623083962830653606494645849975033449863980229436517451732172397125583513921629688703798651795975
1697353796738901280605746802579104053336159427145089705182795848576013847325451061959724916305279006156902992177062298264
1586617659673359628792795214989533247123764515831664618831088059167069514728346764294295430876941766349475599555543733496
2320729782011673166026038417991590598425180893595973269324074602308103816532832758047687653676796577476601394629623240002
1064734234777197447191362003520163207302953441312855072264888180537565397777722174212743195191576798004329456633991606863
2464868618359049319931463605933962649735693509034121324653894115514296007969638486293129681249732042702489989056463671231
1572403020343766457828426604318398408453845805525123130772381944915257351744798120967516057862731810643955725550279790729
1804194004252375720956673628981008189604631542681645329993715650112504813352316164719442740699282595599247863083469509459
2524149833301906723079047756580131745235061872344899974904365928263931265989280851296350688379939401751770237598679692553
412539132750654754533194045404179646761045323787665762573512781633708494421195414504889262745403459400159103585040508844
1758655203622574654279594069600698303797345190249022578356433077403702991279030032994052734482694032583101798022078747731
286845751427137509507587231495252410210768674993629700573613194597429545658898634032921738466427874339891884514895139645
360428269817053491149567676637118467498797188561944141646175142440327480814102851830759859067598026026619214533129831383
1691662480232003519780879169258383447687185366762669031668230172387226736567135586358187472485086863057247471859575245136
1695900585701064711883563632154590991221084424689741930332921613561431781307840896964194350156382724384902823409915120140
1568659319300685794986873651841946247512616204433568685486124855196310411808690551306491447368859056922501750554855110622
658351759928041239935938401904736315123975840492673423702577674503682273351439067369042062187959497004729324859178113901
2225758515835639678817498978241579124463199674183809229226744649401853859019257453446700899707247385439746601305828602351
448441029207680547105112222923012163613882079459852922327450689750494607389426534929508437785130758173294855065395542774
148637723324786466210495529512193479418952014774231981249941508452728634789586016971955635102824811863349097361929147907
1035295480583228028266392836190692683105936431108052875307032815008330708430660794067514862769243447211663178361760184459
1437029744852310191884904795325703571768001781316353663139312909796445418481463762842715850664293888041002275051695207892
1417506242693847581798853699417738329403887665542059578650902000647321356581790073834234618569063523638563012874548384577
2510518326864551906356806768441922078076405692231664905753791490460986795126696480071744495347222894175072654489577518648
471645855243221001526943489448656240740977174442358944249276225646816336976973596517447234151273900066999306355586718027
575675391329161698000006690220091705578653708876512884920718739422521480963708629276159885024157836017874012375563397620
2145262503820164104404518805213382717907046720211384104905286433790657536826654863112570322659741600844860791382954911718
241891228682435294402114307191749119226672060669672248239957307828733675390942853922344150619173283416281818854665567045
637473265244337043136668495839555679608560046026233073338835008950423020144989655010311898740047874387930318391231121139
1447819908017736592312752501049879093584620265160504623980523573062748704615878416242524448333190614972086217597911057177
653678774485891309926801604064486811529007456315320435522723972966228683855634614347928180058712526996782717730723548369
1557138060293618830760988641080217049042835416528521189472612891181853826596408169875573477832003928836397223918530149737
62751626890715251578143237735318953350798743029489858008865280346164650108273261660981917530890657734358320301053655993
699820648293659383097812873784163557500950119595026073525765042130405064038583739116880098466894642554525739817997000458
2048578698657981245418232926517675132485786342879782183735955264151427885497045717877680905896767394536807103441785900195
419320596517851653620289215839855972085199868746680513710702940160182370004844634922747526106200055225632797569116576040
1560928968916710459843216678094171429399459662371555897181080715495516999749512565205764570063369709072567783980239219336
354401162317418907817808389863182053633309062791616688974369382519281630783906757170235796398723568808717940450135258349
320821541317465654289175979315030725293322720189211939426642715203444102390033552781520050927951245285574307428543110844
1114992143693296302426840349634578618556341778719180772812605814272860970913826130659461655424140999143207536538430838194
2149603948766723099712096693790066886365249761444465662049622809891992654462514403969637231640258249457024761991217352262
948041981586822381888329342760110724484170425267184052124960757783847725121109484341209990782420585383650099673662461175
107684869209528534683533517694395926840346252083721330009420316944595401345743261806952670009926612489263428049290252092
2254141430675712575938884509040141175099889345756865513791280909189837723397457465400512711402609034737325673201510813161
1959195132205187671850299241677906256959070442676602950998973845777430765905770405479961834464540540736591603547659311068
523153349888828907945901519291506814500671134304361316283655726079107112453345403817729855094113428746749754476103671030
53799813090815899183646719031099163103206964431148837634166513462284727606741356669101139226967530928194942554364762436
1026070635797486373621840605109110309641348094448819144918490784044486281863437734936425128003924121668488500229594659873
920092520800662085087064406069041010891634741623322271497880502935566160484577051251222372499511552673426284067387489831
100848904110694011150228499198458139909878061732653430621923460931557636804824062102520968686503539633428253612718413171
800763754720096969430725372909355216493499951461999041419880719817091283265193675505765988371011532618991638457718812209
2114466966171018023757096794233931959454397568979796212435922935842127008812520683781062610085019802604703592918376220572
2568298843946611938630622352793786244894731364701204268754487876658209050572432236775895477304905005381707321568731657163
860870425560066082304408425543638532998603377606785684140682420787592286085986060846256617287577512211204482440186071867
734169347078600647448756450900992030385678013123280795847199390426580697822906853077453814991744982557832769542619397716
670977479760957251080462749817387825248860319047709527661119955424567587457038396010588191815570912660768333610909106652
1590762049992291178116272983995094912976750628631953141544140255656409728612726779051059966008721098544354836806558667173
662574457921198092547618879840796635247549448479741651847409140743150029640753558582824158272261275836943230541894767927
2458439554651984674936312102942749214395816965945887849642276012668169625154280301794446538350204424892373487980863520563
748150947998452258693941868087016019219244476967890343799585525466648213283683492503628939132630011635347639067663024731
1215946554765700176835028477551040569505280518213816978820645337733355388439378374815537060639660655862767546164643059515
2099567174721141670229059732828841254988979677078452840745841519549793910524148461625511996462851430786967484412147910744
1851268708874760641714698373817045220830872768472519442797746438919829894189966668276526613915241259024781027272704620087
52922584347373701587783478039307988928174588384209684280262661663693181343485231272228896414028910770239009008081208264
2159367911239695608802185245673798872428891715826841353701591122198013132119860115273866765726465874733066782566825635340
2136844964710160128739578343959395602590850961015793739365879329040298208314684774937523906594822398914424492234495257247
2027554689712984484212452621580817806705449752085327802873272989761657373012079941490171976947495690815352303985311492776
205070601124967178297737414256623406186022429357201596275672817437528719924997166346005602867759825544602508728602059514
684132143056959037219825506453395321744576788719333742627079299667994772603644052001492687063835360829242816109392549388
2310785395500551010507405496533343797594972863971589725110298787547239003450038664375373395055228922098360045131303287259
1198110633645884588365094347855301241315554167235973033957420025115775991655373767077780927697344152759983223282189293095
1903785140373001098993247892860810438887890532175400253403421879111890664022690625344227812540019769951194977904606137254
1312057550835322401147413512612690971468006039070152891041875405219921416682399019846220584875296105259079278754462554628
265270443168989170425315698864415201959084730763531107802478567067163936476718529956341107614327442997651559345283350977
1572169825044208102661675524806594989638194478732266996909109998851295994684875691256230143673302345452092941838185731937
1251512701602378537736897651309235319411868452378900989704016985910873919964094877431994139981872792246693237343787274999
330891443425221922867483132231185077072721390572872057067977461338485282967612615084690370145828268888126087053221586556
138913694472084549915602475865573135881554431203658034479296751559617685884705462288273348268242618953811649396331725732
1596387320656837036691561121920150307312676024741249786627500118496575819677962558731927838397110335864472050771700541085
951355604530610096007921713140792166245782346252222588646568443771593204014673556141508519153096473305640436095862581176
337313166990396448426496882907798587694066960465968600615450323117774945101280937677282017275799880248746081623643489527
2237715554784282907272131910565384708369134622886030498771149639591135201505885898317671538830479051710463338570811977356
1088392986094285031026290168030385547250341501264973126270728634689622938394715131073230939708639140773832496929527117353
1382532774920178694746167245623151173003738282595302533012348494833210937726832803032797726887567859462775175509546854467
893629720282770798901970182210386893669303832432769675897198935862391232493854525644971524255775364289064240499944175747
1055513301252205301641523477059908070125104577438255400650623097095771404176231746793156657665834525416904268730037762545
2342085032214907441360805493423328075218227776400007374205361150285981792632497803204091405824645444698702184006025102483
1490440145511724017098292955515357643897976504913968329612706124385643316584611113498016865493448579761886750905806746038
2265892029768657793269744956778081974742132939424051726849053208132211829535842801332872049902337095123517112807191199133
516871856974370811009036684160920688062122286234805652205820196641373291521709398245801949938654153647591935803952924507
1010187826102346783513198575368496611256572754161501431254838747932337185287351740878224890327353813246109626979767700482
467049572492656535040126193843467738668815186501717926783160341423670035549513250916299903744389635777562835080389854784
618641697084641882876994148616285236093662913765325122270665089394675952703262959813914595137649268352030638457012258484
171733978854599402981069230680738384993766623453891325462776830906613237759943377654485362225682070289230870652594101303
2425269811233796317079133604988679233474210377731739406713940080848021333841429866952504064446236214340022910940664622594
140458894360365449172556777853962025699446151564807247082879891631387069555059322829243698468085588563009376147185855333
1476226397352717030751577829238810549454381008246893146428949656260445590198589350473628439499980802804280940449742190794
26583883735924222433583649946005734409834039187150362112583433851819478648718212723226790443004537878869983012754715666
575474646120509634102286294822178458291030315013867155084578715040999173955707541279430681397486029249390104472500669175
427689068647799981274596429707369239936121676046039733568591465985592229922939976596690215396698996962483257762233215034
1095196209399818584790103503951581515596609541021661464477862272470166437876595711078405883634371498182862968818620659076
129220572010260250008162292395894659985243376596746706944005956803464621283007890280607691710026388263941072167405951520
1230648345133197715637425553482910282202288162238449364659768911634927563657972206108396832185144828154445736986487143923
1987577097018098318590945867986921125208954242879764948367319678220753699929270889253396913531998907663759696275413163295
1424919866805909224946366776070384069717135696297651819302256683718225808222424126875990342974031733121913292882400905326
2064835000102461896954119757486424766286858387581185536845226846166055096928818554719864769869059190910286469795571414687
1125412080209725536732321977446766717111396365788180338358165431779800139194872714328301157172587606264904638739093605633
355135905314946258351106802361986977297639367419877902734273120235555189298766006866918986577116171667002392676277027138
2201691935624873389986721052798175884266395071508726739873469070746758757166788779861931062468369242175033158411508184591
1934644065842761118849767361324607292938070609613914785041813401968684240415561975668804053897396792500061089334626513811
507215279013650804756427007739028439527028903472523475317560894664180236199089418924623460812467114028039841651292369510
2306842510295837740405017172035861207460955066918242430051331446001132742395412240500881487539485851511280611993059483748
2230673541281678533697959321204811025684694608096789686749131253271116991004951368770224473027864375757937091843726966582
1109124923426641341078247843676533595299954468337928813034572744760937904743879713338412979064238613692406971368977765259
1222029446419990573327588601587563421384741911016218558336573233117794890186955543265730941692225011739273554613127842525
905522318892682443281615926954255684937578523017636093160893978631328749420912855876901682284878208087582109491076962874
192283162684229297580535491134260294099082089847189285928426879862790194586145322097997283852204670013286027131902024182
1978749883187294450049655446969862059924778629289675666812106372405521752101300705762588523337505963546578778930633609211
324866933316652585182927435038078680824602920647400400035249364804708113593832275553524585399974801162211490680006744368
993584290899112296314468935647430580689879873799986870062932383931747898975921828996015989152597085122188229353086071427
2184342214375949584239100045059950280600702641426341347683947794696248188676568548124784960769782471291810620454236184107
1732753905696210318078605990370185889809950244724841541219313383163037675426905369571291304197457870547000686151283414033
1946531312153435463112472305501414239776006331924336600631886516331680825499451871950841986824651527120170680732375545483
2285500500381215961449311701822444522070070074303648290841362923117614455685376169006340107041642715391965557949274871911
2062152751266061162208360295181264717332410629358123886097836039473445689619412237413078490086713512728139163363128771409
312754741536303888469385936180921208943931552210458802086947204970294132274084058410934721892043040023250466928248022479
1291270655185998761720187648849309981639360516244902845498783486569906866701610984361838772700839868653856647415772916592
1866798093428175390298958700301540042746765487173607511993764489199915384174586455583398850185488005316349384422564738666
798971523965846958550506878047946386899580821166917065355877049863524161002264492891502815932325221724472173034536389941
2001889285870959880934397195035494699767049691139660856225060283876822483900492678040947941253888112771325300440615760353
2098410545535108057373006573339845047444512202959480302945419562161127482761879694499122068020023507698799842996551407293
2173655975437094003075577868922653590832889051063096124915372792202010743078028201213439223267553155612655742261495811695
290542161765252628234455272152997947509766101971662680732188281474542748673049821495672278887685207139244140955154534973
242450420528291502383406230146958231108801761905294362640129926715934196940622230894964804898328502981885694477929644326
2384984341030786744451442014538784353508015696951881447347968247253125164443778030633385959755433148014601454659529280693
812719111069547781166206198090875835747170407409835383552251065959184452965428867922799759992255764758722554175045401900
243886023438314132214010175505252168179496325511977902454105247610576412456758806043069436695420096648408149267925609985
1412741124930487554975605826461017106149946278549275270160280289762185364984431697486796560730855668365250706006831986508
2083839618780653586356369698653826232930954105092117914609469044723681124860376111140399986809805715038614809669033271547
1220934641839878542788052430639856095958728970688584172007605694313675773201189212172333210575424660501946916342113485942
1224890361685172322883336730579901719075369201085799145329381396646913439178154538577995366967365961474445991695208700957
106223905889674045677444909141927195876549327711345752254878527531410852393000229315607899115761975541543474736064675407
1336682986599942907119827994895334575571863682956873579736384454625372848994019549126836774771576106238572979863145113665
1072736931454602927883588825774696166534300955312909912063472012845982920721929061683779017871982715063412848187177216036
245266016173567410790661121757719766486758936516336929866727596194093962753430877388945149634513756409040362856837232446
991391120813549956536991146746392532891137149324895089340704242899636289830942378108820373532631598265507750518376275593
2430636521265904041519363527541692162845491374062531321793188416851873878464748959057818480882950578613701316580218762726
614851149024814647975543261946440210612341029324274968872601828211485919083154315788521272447035470534405173327304585692
1048546967280472734181955062242479218737821789053922765126792059499484750276636180844970839962237949171527924067050502373
2387572441438594267499713864021529602725394524188566384913322763543100916778848790294675756965872015054432032592284354624
1731913305051229089324151014763220644587991643179796632353546879033314615799559191852296643168092969141029925381064063193
1955173901732585107584393725550576321926155455036909182380444422650612662042982434342801285516665499166145933643049547564
2578471660180684955470655367048916402801123939159931038397289399568636175779016518088701417144477796723177388397950346316
978170130932987100891161455103396744000055979333662787916884344753853727263050385997710489206504070596979527308036837123
805593239970034812765706241564073639394472554926293419526173440276152223326352010550024732375301147868172208791603791748
867786069234216985898833313349951989996841579583606582273935532652239753298654837131148640138289676404796779632517933864
2482917000798671764230292353314872489605982488338376014983475658203749468979774681176747512008437282412359742771860037217
920406491353883876868834557237336541033902689200655476853240959622704019604008752123065327152548118901385852288308543497
2582228014171072539846425265666112805814044317950887070859091375569039091438587603293281052862555262004531993011146531460
1355601762922997219805568102113590524105103612772471371738043137981397588602680898893612314452486437406110313981849976917
892024455171710283798267979892851173591614606971487344305528132140646156846537852860458391459175936427655331797461255435
1292604374861896096608959513106795517945156169069507886554246205630539670262863008580979065940096808873424189467066110252
1853667582787121495285959434505361984382573153545672415318627728165833193394646539838104426999062322791601774494288942133
