3600
~
300
~
2
~
1629463180394484381917360766843999801310546013529602524009656043916618481589910729196524087
831803746225727369395311202964133776343326061682370280160526856759883266506865350120357594
1165244577156265516142212790959554744511526091707436948638145750784448311112720208331950432
1704143727526665810883326069144235165984324466042784204337876276686690454276740382800894460
744376886202561428033026269801085289157693961273480783039216776161813451076371301587623663
816224031228061077354444326846029485808679461854353193894424570311716493075273740876703235
1097360859277375788770987790377428052602683180542366785800779682219884606941118681499679716
131922106284241987215479721234664616511398094022740246780635855861540346660485605080082976
1201179343436846338298180443050981870193242616400078694242960982057081849253011009445813007
1343972491260812265203883512244491944028296345178222790703618334147948391351929043096809730
1976552594568686724615468352119682641820733733099630700031812108874532232171502650255602683
450295269771677111923059835033037598265712595214945448185336851239953145542273627409529147
1540066619602405390125430071565543002761533810610682915716450322257555502735200322123443841
1366054827124889663036311376493631824380876267600233508942109105098728168069344105720105154
1504031834522122105561721954780348951375725927769313134756085535468096282195373205692300849
482562664581965423962424416814903635951480704621867101776145254027775158297059941215365970
199263784615465072479962006007951925441622228161719156660142882983565952309399050560394528
572896598155950963194817753981084769819598661770435487622977608269144540033800703134612236
799407621538820710244102807950756487927346167788253351018422506958829844620396665188618838
1209190971662726575265220395750956166515522364137709382128849154408256220228798653435323953
620286666235560150713023493516962646864247768322004926446227023877823369480166144045578124
1692217127929720588164684280939207296170866739899273571286611414197304093166841408863188548
2034568158065425765989840893695401478678229368510895264965829583559755762833547776700976718
1249403272334818674252185540052732061787820207023451787202309675172086494703160455187982541
1867584676611640772053088600212660789087142427057383161264404489569138034234884344350595534
276131113263421379749400458469503969648681962034037851351747017993353626994698617416113105
1335132702748093349978938461333726064350204877094429698284352580820804926430732723602216777
757460177477260670378913074771829302889233418638065594080519579192710570032606171971756026
1420130503073631099322046776862881278662704937343710486427419045289938464462839819091756140
394661616722160804172116829927368316712286013063777972305098250331981607529543696359568696
785337659458368754414375761053926793574973518967815333580932775223664730139842326256539363
1138123990757078972767693817046854597173955165755828098004806700433096094645015995429358788
626003101743851401400622447939609789207023138041780105871479935499270158516474178410586462
536488288372320118723265020144469889087002108476348470251593307088322775208506793293674576
1942672914786958558004774309242149855057002218339555866451618832208177110093830635613827297
44267782876633260206194429833380757974883609698514812595692995668009788593110521282573577
552961529564042305545014606352588902927293691210971604327095304037660061500671835005191824
713668329824589673575807877644127869812032252244279225670261037218193100706673604267806462
1851568057820916742641119839258584134683383309969157455065221595971270367223546697896272202
1646791138442454802740172294448467783276903405598348696483436383147686894144419379557498433
1469293685989213796538763777093291398281642353689074284053052884793481595392778946074172695
1519548978777316557723164146016972712735548152240129125241437686419565518887151113619107530
642108097078075702216738371294358924158043925212906006125939760526335200339199815709033273
1932103873756006156463439625028126824072463012830821344991415629418995722983100909239496829
1411396875784887808522607827140249264491721293931227885354018873402859147533074464342580481
1878531227377532136542779370616438535490501372902099252158465355401992376506516532588274782
537847390853074713165662175921953215826733468330609882010924937128243348277642987151790285
343006111889282805492403896719121586121001116779828135826343537737421552731647677598334709
117177496277452852242159672617848584690327707632951748290504910659664213698628499114531515
319811225726635774628661273285221526047265569875781487821930027888899912562910863493201152
1397820007898097085894397153092123692395319505099303268017467618336196992236217911255629790
1443860303070935639563307625632211542364308042350667561590612158840246206168131404844837400
1918190734114110399406682721457644387880242179121053453433159393186288746540630195895496019
1763703174605295788932651727593431523778591448198636865469010060604442207209325348581230269
1788322250934959491124357162522068507783320145050561439989260498227423506272792512935539787
1732626319273789948185752648613590988206268480041759475023011511799295423878032372688378247
1524460167485371417215552422857400863767991103353700017161616375565066630191903268236635992
643856143034689749886685036938575827873502511244870837323929359156197927663814446571113220
267049267927799647528744729950044278236788377724734402417508493741678513548993688200206069
519567496245398127298460474682395657729503002831119671300659866051486938982430072706564458
739455130791322113064010884564791314557316440871200996119853915856514696604754692025500478
46730670244831384303955429302507687868161885015203668500959088143536332268678210570369452
235011576811623531952691883788152253837305387542476069304257968740245123285361742895543538
1489386379411619047164698370428067386699212303684579862597297131281146154777581306381582721
303690285860436283394449703440632417934552695016750581548498384713237887083418418701036984
1508996894105623902580474673091348237368432470816442417657820685632125103595169574128653058
1463367146709918955944106115972629851027944373222279729237762556640668793286423244101328434
38442705853143713500693513006563571546187045878121640195053975026228479469381691413798040
809999869961297464659382801083040581158380677541316900076048333800987243231619022848175944
24984694453587953006909634564965720945361139145043627340754862731815722412884679861809952
1881975185186763826497398450396452962457838710869689061011200408417424553923876188804445870
11073902377946761579160861612673649132019434404709351508767988415975393919477691334821155
1154651257172580308925208707603110417138425876830154936116939435834929995220786462005811315
1845895416949256792401446515920562739023919792395019545292074264618031084913758432670036620
1534308021099026129078725789644380394386426675641327593233151780241232670645280711722560707
1441020213450993041294530989134515720216614339830580298625554526812837012176326434835213352
1878631207178653176559351014515940537114344761145952821736849035103478968519715823194912362
562944819826396142653278055349465097552395493810487034142622825617305454931413354200781029
118167550938177788843219109593341874811772480459037377513850461317259612257387235885327802
1865186663575299552734890957145694283573569632529758294248898281835009772378359745786514899
1763196742341404114695662855835930689232475947558611563551562274200185656802735267962702058
585831188371788592162179552073641563434538525186659517357895240281766129117447909022517126
1351614533437605544731186006023768054196040268098697406340024793870307671022421369202678909
369025252046784245958196417016462636017808798807853981136513647294912800086093586660614188
1525161406487180208395860096747277130375460941368316450820444676650152681435639854782063766
2010245365192332524565510050722892407531099584088850947690797467827227014899449800729793621
637709266974611751146323800202037540526506932354353630129196913586352599950616958085461050
839235827905440650213873331722127422850889578709400448393005700661253313268983464282299648
229396066566545635773679972329073657776335845485351659865127947355749755630584128018089071
1255779669719328522868203774613765276127821556625750744355706560488193808483330988111173208
607912151146866261389553611646433786139818611899381030478082303965943587252922606063920847
463382997677135546358765753947215945046440405377777246079947914031782442561596911467905076
68991701448588845520650933454905787794365357825806083431380253774771086935574735238931464
773985763319627604748545346438922238428932146689062890455079460335634165618627978787117490
1170329630513392318121757346719866708566066268538191344821251270894551703320171907690113725
538319243553951315118970042429527810055940541754954911562743291845467096438481766884757209
1637301991827451450646751678292031144208511335400258488273868016616574491707808094156169810
1942325757644041685681338113964231184685315274796288390385252579288900597911968354898769802
6542511020140047735460696370449658853687442262264995213877112925861881512054213148450014
514626743051621119953288582166001230199752345594727307374115173506983299693055734094168665
861499607131798821883058004672140893294566229083781777440195242031460564505978850659951405
103952007396453802761313209668738397658588887785775903587275015645975645752605341525969737
381511932923786177567395578340695594024811904659191630969098773190561137826475879188231026
2021444284962183642581035065910547861091352002105632590494741129509056619198414755798506349
874348782191671798393516676359074758899327393737402017347158229669719682481270192188475837
1971721675279158073888535496460153499826753488809201446879299789818224802351490254103539308
1847284489523176979634694581808492571675585399187586223970182401632958221697362879635368996
374576942001201388589353873946599994588899087431960950930729887106370309211388071557590002
322922691257648112343589079336332801466964158148712168967877386891402138092145336520088877
1844773224549041435840685233209737523781980032407190944788405631778183552088683061964369173
240895761981048199269583605978439397506835728320251586603617591307669471161310751959260588
602692471098180566677994336221393653279389105796559062191435142223392677413098458718877033
1607064297469054182748578222962399246068660924149333558569512535859285239683148596011065788
742631848598205229020752895434975545555609093904060068713488448388004910839348333415298356
1242140996859385414994984666228068116830326525493654738330821322305635805438575884686135057
1469276897339061739126656827351053343735037804350869495502295554327454953573929602915693717
472849452274714904454046565081383612371082934486942395831146388030524795353025640135892383
42171337978762586747864016892235822399692874400182982903304664719908940183451149200745101
271135235178230451529689562377270638252633150082096318404163534365250272164860386417062142
1168066868205274340075792295381464987152132801221108151381929989696209115734418690273600214
665826665571268776234418180540369431694380213801029665453273891826328008624370871475374932
951473382691000200612272585288269030639649461422717305690106585311370329818244133217504146
85635271612157031012131928039994985083107315228557695213228887659544296678259703708846752
727910128863462982644182629378352823941561399963001965556415258961803607744618533414673379
595964367735413157409738732660198276048674353465041632042994706346303188737519798498849395
1165785974945931271769282985935723331805078061168931576703604911341248999201072706500832913
1209039839152284173779610568773687148655507097905792683234991594953493782086450286061917387
794140365350632845410480092995740616882368922966470590681864749497337815017354017660555759
687173988296094415133647302736684162845653261597665110139002937299393060601788541468582661
48443555196771222859846003342766715320356542195376912606248690160738910487352154499252491
37198718365746719106129863451495761667456165853799122068918134688468363260232078609451319
1421702218537505900633269481146347369380047057515700346303830117344761156228824936273074515
742009977194152054999198708422292780238484668021695592432347400750540129822797591303684635
953414737967849896438277477113832138663771995542841515121006142080951062448738549210598903
1312908881529026864002621772087024614927505839754805019652344996270187847509501039729046490
962516044971357089276819916434135909848604185820122639118384583144549753499080241163905326
1460204831207272274385817280989962494473582822442075410769629262377808135225632208240710754
1930274662006735085332420833416764390748528017787688772308016169344732770515170563986827778
1282472490873269035256858785418974630177669983012883296884709277829341645855413649424427399
1821273677621865589521649728793049614897514558732123012412241891503056724123060501874339407
372574644575537606350438361366315153411019425169249798190748317631128738352675353605597162
1748664233418783438854635996857323253758773109662902819682207246839167751909992494255884598
1438843160179403143175192621168050550005743906982517211162270410635003204826906095583558793
1933128575428443592054480260523770425555003733965764297019401351890298956819877463588762538
782135438641640983773222984892564275557532764662566502097861505084452940752667424547633672
1008923926982600523707782465675053505277114923932384697194739684648471327104187653491460737
1225260432441164416203110371092360184851239649491140453346655709724858417418582238324416851
1179747074584625315439317736315951639205349111526536367362052346230297052190731897705036712
40258323652953954146814777517061242467954143720051056885534753311429948658598124789570328
1924567060904513945913545510575438514743133718272822326938537508245845843296682344110433455
549931858297158067289655362929565355739865845851328145207606765144881849320652920939606525
1727640632287966762562589354828113350160017624453601516072329860164984561078746582553123090
1970549411501222365419477918603304605275976242544141372719534506566690778454776842005363275
1866786727423819695735668570107957934188471212934195064335684166416602445015326174564391311
558089312761737163891261787579008098439656802138779508728011105348001178624940905696025768
1560317549397677471063262607368783062749854583715415973475094684051022350245364495619879825
1888223515473723599554822669431183366609529661575672033036103887334318727528790553929961946
1316274692358206885962977018672376227085637548057725291806435701064469116346271982986922240
1509162522215505947778346788367739386087788295380456873815444786729808786793212413700121593
681867884896749336105297898004604665499659819955566662484974940628877028300486885548738735
1530958797776327478544494271484464190804001014253774803778307465872046058267638309349161294
412254768516467437916427442780244378041622959006200866032133511700543176445182601668415203
1539687972366433152068879878553279395420459214280423866065358609703503978432480760503982147
1495182445635477681970676258660026529991154775092263929636518687884990029623493528612008314
673449031637675999832221179696736708517687432212958788051404370528129946569551728265507823
295538793080928902121689229173014893143742076933514684121018135810114779369439580093069962
308046535636624372365138085287631349916890986065502230712801075322160564729749446041054848
885679348452191809300129037063761428051012871808535599461850636494545954048887205513015411
460312911876064885116325606261213201364342950266507982997248975847768410113080259217711400
1805315012557837012398321037510093081139628134645606342374597407406057807818672630603073802
1007507557775258135867366302373344528879589352755539150860061526557043613716601965107578483
798334957507569700708085130842726980652863820825794959629930121395823769734297639369136824
271743080626240480274802536538316847030146015715132458872433776808275754836762358486525713
1553525613372872058607310159978111168104311117872957027650052521948656389351111648789121901
331195520293152479490967365625849669250453021417196867562996141146368641937272074368200149
1522314206549745672025117305352966617278853554401476681650512136821630898562830867711301121
1685542458700660312333832977124012961305644207000626099988311187892769817919610400754039789
681153059723834509165766579938996821396987958122668578565057389082024026082176720754478677
1941187680592770285363194673865144543558698353724451454572668424679148813543843974850960663
1720147792179115139066548331351011222455215254428573129878149132848608664739236404633011671
613297307935790275431220675572077895601118512853996741031072209760099602038861666125372293
1637187072162265758354078605295480442402993868977558097843700708879774932735617777018883796
1081249226720898956318687107030992330000994074869354784317940564657507836907054534759233933
1803302404212212208536905701941495874655501849253743518814093022578534763717425993192338000
984828478284480689172650748050682980258129617227843672398405105029919434608764302523321295
1515716081615851655702437682813717643452468575842207579961507002601880548917978227864328573
607168878744145575246759559012591156317275041317181581579180857959833211793790725005591979
161428395833727915572618654960794725022590571003491085443201602720741190580402570534794151
1083105100647685924181698836083766442105640469733612880440129427359693533173720195730977112
1984699225098269751727026419734197653126334684821300868645251710245894026576686007901717539
1487243654560946822899499741513408357883056796224300652940825088542284927317284054682391787
1703721086830108442839384059219765359272601339324666975892470467403234990465843970875977521
17414683192480113029738841146676920505048637186459917856857211712300745734376290823024745
1368576352302419404667412078613258263014610145030051350021644477287869963771825127223334130
312530091259323003734259993107366618497128555274437737696769444081111195468844617048116683
374348473253618941758718793012563476949654965432105716043328505167828458413264029329418458
154480438098394140202003951849941711514015090186279053096042277618665034285852805185728560
999373545722886701969629046716293839893824760436462862548416032972471484716089932241935883
1952711777879052189597890681955636198024997420937867675704938532800648125679216925835860851
2010224936169752646005355694590972214210398948823357636601045459085829576074805210291232909
449514128422902831811870033273566031333182612603499347851792935398673777172786769433506737
227418865819502245566293276393541861025772917956290869718741140048103420980496992688477069
457606262539552576658788328881446822821789368754513050312432012839206815236231580720300074
1298765430717631438664803956458450042010338418732587578252246623907737493545647429934304153
1910241880563479550558810082698213470985942960062355017976919788179824362886969915187870527
383042060684572530267297624844542478549208838452279995448919097420219662195369679656521069
57673841094948366451967510989065845743286236538354118476457559612984021373523322534867769
466773583784668274624838924564298664191154434301188876824818791612992832908938107913219882
890186704265358033198273374419961385800898810862319592367816504556328562453029530482672775
1824150500327884194550493966390993850387445334542939829254170274398724996574189080686982079
131069630688532583892604308401291374607858648023114059828633843408734837346553099798130679
1736124045581013372533975875979035331859464154143025337051080569091330975789363872715235958
254594208546582953085743456612049388803590053900527067252961164771695186617054383406544579
366989566664583646297357821071926380094255985308465248539483940187246334811136521796765088
1466829275170099996816930183182865684928088097124579778839413354895559043034338403526797618
1730289808149886551617561020144906544787965552378329648330571409729378192105536481150061692
1860856284615475253968009682154952512819127462166855742255075474165436236388620893360165931
939048121722312315351418007701643728188672048553776966987416261494712568020775716153904404
75725240740915540622811921764801515093095278141788035398836968997281543744068529435146223
744985192993914314773131760750253283521682535960211064384458233385723731801234494310572418
35360095350703903106887425515310663677547385298778880716860869068433697632802943734097807
1513724412041309453861129291065107290023656866209745218032269577260478116202748206356891034
1956812982656559134752103982417423794069590680963156529206754651789284121308155938609209821
1991270311889361772452696733149242221608397139858931054944445376326115129053990134037849956
1905355694284038912921498407376506104986228334077611306436792746865808331188697709968474867
1059561336059562155862108776547786482622014265212652947729652818419445206951651973388570427
112106086272118475486846853765956015920860744551351486738092736446282569966770338485270213
1950838043658950122640924496952200697010045832518831442652422576308541020443204134060983978
1658638131969851609047256151230405663705150393447592396930487115170987806429821598077815391
290782289188223443173122674270373409184579897869724535014272861388836883299316962113670252
1041948346818720048322935786280037739268670654558726819313769859691325316063554912493324845
1207898669113778330517866513716801445142154183205623259536747261322340838309339947087976478
1227524731769480599711816088392175401342280839412379800104895757097261044418325570404988249
610370022450319297812041107487676429382970049044942700562208150842433394119616786181417016
1130686828024120846244057163183133187936078824775170637197604502049992245701652751643204692
886504467434164020119160233887177620844337512889507918459075237255923557705460250186429510
1370044830319244169859389649054990350877181569592268005345473177457685699351012386487384556
1925480971780359069587313304156963730440186847545437939086285699067759020997098513548349561
1661254170862703993990810866251809272706055183054342453228347421052304636234692643378097028
118977774841001817893085714812597167619583480400780571069805512395652235563017105095450240
1740340278718123743218099915576285919916687494662909408194879961150848098692230186747306624
652205911396694138811847394810950341481704396652632969336276041204416334448847705467352907
46098851224175520842898634527299535024423212412690586668470232216722980478314119276718333
2014565744677698764000444664668400282634631069650902726850920177978859264566699777411339068
926557040733285368729905137905487742185752766673158125511321150691764370683610110607271221
667253134867413304971081466330312868290792826585206057731847068280465269121772316073320190
30667162212488687424405112654269390090237739865921836951609921844759590371848806043022998
181053467021922681828634825324114224229123969278629571096451493047023728639762009906868163
608740084685770865863756536744015970982532955518454429543689291398171989472133300058752297
784562553976644062211088271274663274935617869412759032108136060296545825209280350792584016
1276313130416451467636197282554035280414641182296504926063458202470744220768720597033765424
1935867105274123119151430689163196962407566284263385859134545758263894587212596582450287725
1199695480313498480061711262742000329815028081173855505723067008957947085516687350156274408
962670532810079455575292108789801856312495991243498501820923062531157989834714078680526913
888276817528794801936655365028820579118276011484446358030063936144655232777570554776397126
1463955995393064070824878558053926839999287924509609703151484467830990925541757390365837838
507484623024990506473722186337680661403113886801084959268905862627043583686397131316180948
2006560875425455089949541795689020405295908541883650295474003637701266290513869092175914292
657697326701237734024482922016963873103105541910826015279931523693036840057905934219161835
464223975516001356378818742405395680852944953449565611920244420532332631394108988311353538
1218097285724979358314981281754355028437833665600778067720579249642466367156974387505382009
1832792028810059957883168145872024303489951505201841033909188162166355960900035022865624733
756852451228667138019461619071949263177735571064376256815378120193862702041701440216581174
238840999491852451995706762314626620724054483484365356241578297565762972593451228618254891
586736310673016809646730172830318862971314635784929633018248896924935768828607638442999270
297063127996344078520589351345863381757311486853607414813441772166695871179172116918155989
933110615917742070974007360250854327243224481767665739805817183904692946503173739900117927
837382366706223227910176075539505050231482189128274851643756345233131593402752238637078227
1486835123083424125478959453397177998004902537885600295226156958739674473522516847705179924
1966476989841646038267934283898196972793457733267350144534000663799355731634095732101871169
1681703505662737262298184987319616262017600458435901270673583172319534647939364442043089636
513132210723763417184196417352547377023028291278241374865004895542753719326122514330579518
561742133136150035939772685514083284058217460178845857163802115990354856544358242902271210
1242284810158853570047351775415404086636548275214192629553701571149928684005862912293699380
654632602310742050949221301778628568932391970194558722769540857727012474686579112552020234
1358978646163090542280556133120076838738943468891748867176624043644637918287189373988390784
319434264415090299719152728082027992140228635285922722062284733087268915086795545847135458
436957948984060706016428384930851691467399294350970234209646484180358069740140694191402212
1169574380693356962466445637448983610679499390813325142770328072202154355635173623311889755
1557502130712356634217817767577465737570300624425538527657576755029026927248776667067279307
1314123076911552266871149225291988790120333872618793533521043129439576634937899352600459759
1534570556749554449014624116956728892430157791191651130077353182508594888592353825954110782
41028676753447298957095181764104839273273242462721268512111194693710654743750612351568648
1887917692956828909111657764488501312707862622046457964981951778872865223573470184021024033
568090165449712263893620592875350297790313539294702865931080235987711021357816464262904385
489412318073130685613633481017923410189643691556586215624071608874783501363964649946967433
1566000398068773712546361721193569569080372823551485459299686272996510790246064624519869137
1519867078646345966714740885370723155595005325936512236856725905003567172384258844428077381
1875437033818454283345184250495798621373513730936756589514509957727967107973531837907149071
1680547926421175573779570054938957365390169765938221219849616166836874545050292523543833655
1025673241597554257558382777304935490559966970077917037334633465795098060390260030436887716
745363518416014335511436117902007074914429316277200155036251339964387369482285497760461567
1236691782268910770115576721282620159962101985649641581270589551087425515635918953320005718
415098303762802933852972292659229233983783398646245241343704874248108402063862459999428018
557229572006039670506564303935714058404104224122357717062273026831406446354932073365005314
623787535962079803529940869768479922628766726357143886072055989494369821967087644910970863
179516554879158168011115042222612711371290796080943416024384926299961997762497816062665514
73358386472027841846636681977380681670612270504995269220538638572898748420204386379133433
908758946830697249590745890655197449246770914170866889518449853520144265901247967580755582
621303418466156367242646257430532485088507354343044392069866478660343561335996721531442304
