3600
~
90
~
2
~
45919177105456365237135366
826589013006482461225181596
459566078817299078871643394
602307471250679966377885579
103735856627860102844403553
1153116467550275823018153744
258755527518241762137447603
695078797393257286418706415
200594349009834035458908415
207368265794731335053313761
1046294896457413901722134802
132328656399139636786781414
257087188004226607224799599
426642108555465338137270816
1134154913411946835506419941
256400039709761420705215559
958024434238133723743473499
569081796521910550078295561
556744084198931970384250216
403346020796262192101452661
968312025358659827764249101
653190578865143241149482238
267547412448491270341931401
608032935419728824745310324
208260568989615377108881392
1049633486193230110640477584
1212711843884634436363382806
256986026421039353985037849
478788094921903387147920563
164237407233605298147161431
404678033430425013831528127
350367299629773090576763952
449770551712909625141640531
626753394039452386427438067
318917040356377786206609990
99113258378265324560698060
1224113990670014484377844235
883459221719824872662144818
518697164555173570575092798
762322763110099928287352931
140687938402654742863578021
624358013433266913962826218
748038981740896186041413136
623643320030091723194298715
485932083622785523969307366
1165609349663232781737492386
929232289331730432897791980
452988101276760101853753220
532593389982788776791859053
837603639918000397192656506
247413175614944924973753678
267903562988763037427791318
501057253412430239047200618
459317691490266374475275293
69346590684615814008190216
645821457043267627401804904
802653121583140215937244819
170541036656067648176563665
125497745241280566949642865
999859810502217987050775870
938000053794037433912864385
420184269571823816378300141
317843400584686922921281352
213972863557956585208156426
468152675339809298016790684
386931141749012487776492906
83200596343921444168914842
1173199051611612352635121213
293677825830165768673801027
158397340344379590364087658
131689505667285438648203472
95107726302235281949916392
92585330448671604899635245
274715165574487900078923536
557254675796171528449692974
863249450671083522048403345
381182870842501381939273757
982208582420899583107613471
1187646796401201871378514090
651985638794586804629099407
670262613724227553894543538
815322207368851797055180659
14726594895541596292918153
1163948000217202337493806696
43141969868030847965096622
917681698200613422706440420
863408829116272312121777275
791941162514573473045138059
1176769932358543350640384573
329891991601452558980460543
