3600
~
100
~
2
~
574594175478758016865714347956
10895329468290806153453604186
666853177043071881345924459133
135218642594130999080014178545
940747648280981144422142196461
448302538728569646179787765336
596551053062898122895320570139
225358025771042356877696189267
1256693751580563204546164856699
566815446085990427535459098410
1227720387351064595686402509850
1251510310626914233810229725921
840743193874963929487441565586
82522244781677116824187863267
857714834993526781405195995837
863388721599548540433838041534
965121304371052476924566269514
1204439778816438872063669825636
414269915889715858979205044321
361002068139483194736878349389
852426668377004588681951491862
754243282062721826486761560134
370637293835416794553083781070
1085915762085048976579774187442
868535531904606411897615809127
90379404476441097657319056140
805648657042336835293441036554
255016039637311435745792158890
262324075956914178295726005363
1108364672353237485159804822151
1004555522675257205364975798770
682091217716315082128600992962
669775165850089990410484039604
997415396316938595595765510508
995707586690464720228963295949
251132850717173328321036524537
1044042777625025014110675064017
686297741962505444771447900969
1139920022265207125313692237281
1127561106531835243151940748673
1061889791680716833762022177755
467592523535594471865976734295
1199397830206422260690822587671
363094527085402587387826958785
1175880676166367137932492005651
667926181556355331422955303368
951843502301428529015050498643
745179009823095004532151528312
1063340149390769421487248344666
770644867825541742677289414264
1218895160447363131330993051036
1071875571790417920380671490059
1037300950938239766581082227249
1233611783761645276006244379269
975126083874161760674901343773
415925333884372053966872486619
47249478239980549712476341251
1089143598568028853293419994537
1000311031272591874482032413921
1117261604166715297878286911000
1254175327447000956555280414799
1267449306146356449954635528647
1038930288565841608966345660378
343051149166511380068330363513
462741628350195406910067826754
149327302606813337551658600444
512313297415291185187882112806
490835734352044243608535132542
723133772680888895077302645113
273801075489787021384702546314
1169682825078308637020779806172
1225211967551481850287797298802
1108060270598043722891959621196
1201366769710189526893111306702
642812858268368295509843011821
1124427984355994855027000713987
804903550957623636319782335093
553905829959060253688665360875
1062174618166375895710487739723
498724057605543554772122370385
1220899987296198267418701784421
781006232039630849075952441686
468888230474592618025914990774
1177499463201657507533583231492
792613138773638445480965260455
982486264211809438064432452670
109512934710318460276935513045
361208370774382419941655809085
503604474478943727123779842235
799883134511089247556339824631
449090041389057963190629313140
608209310158097950732061480782
735926181389975301094849052390
497930796792036680136755152738
1094568441658415832546123247063
1243135157590510175082868352694
573806207766127378414532452958
1037573726138816858398287856650
114761820867862072354191893217
902775987715585678003358318897
