3600
~
100
~
2
~
943857105120521943427503213582
1222074574573708371664530713264
329901386560949667418326298266
264876941641453694107369483077
543660414254428379456432159182
1207081156835354953027819225274
1111716074542203167213316819299
288889615316185123890882484850
561977395411715563315838196638
118566422326050278246946786712
44555111293519764241688208585
412638381368707614213752520057
665307862834610457819553119771
1124477924274230826814603939505
451942398448289097480447767441
1156400839582388197727129607708
1237144281153214692453907915850
978474628208865387614923474283
16115992126542852475128692396
737880940801395061119116304427
935772950118541524736588687972
594009502326966389150630713254
1136376355025207365666672905683
336421443107096957524099438613
762085490830672232465820163335
432320770237498991113238901512
413590671566012773668218801835
775141250941057086470275188013
1231038541810854631610020187560
350788403095382825116940161214
669261223465018916232111138380
1215262959474213258955749886813
578455422221566701662461188576
1176223027939268460336947067934
868989044305819779979603389442
94748259988440243996453286292
968109535112432072582681880589
42863721386514950219945135064
684626880150574101384806402072
912451354188918942254166833067
155513832746240580402031974001
943139798564519090872032252908
1121471478794764508881766287530
709845950826273216033959102049
866906198388938456405982010674
1098351236835998836401556366541
896915888971060370160792614022
464331401187955742144925334796
1115247944972705120615299659461
552378172212591243698669883308
1125538495599959078242769497114
53539853714318686604381321730
121807378674317706576506536297
606983854985530512044802544659
307995903915148646303917307220
545575193280321145424610907257
599130719203800074475518308599
159406673246961854243469795580
1019822971786335889190152080668
556911279704824649113475089694
323443763826269117634239130487
1107333918916167676521699143836
795953762558226157569218143484
1120306609744003383015253154731
1248630992357246375602929026921
471316844933921343288633455721
238332827133456910627531889217
905849260018635185179382540059
638009467103494207496629018624
457779555300574004912501681801
804552881005612801664794424263
48442001032903880383295403987
892047464133930145846456358789
293868742671686796673275914559
712503313279501958971871025650
789269160980935467694938454706
836459893249550267094903731826
313003351916808412631981202870
586763779000878971065292685798
699092758249564578025223231224
488822197200600647841705218571
375757367196957943647210866286
513093959143341416552119616177
543669419795515968852135287481
1224289811541294095607719406861
2713543719196378246651006316
748872305791092642271065290721
154608639938977359954283640100
30742178205723001596578638393
192213855973259429639545291952
567352278947257158077927371642
1117236705951741524188276659861
345366045492044177501239410739
360807533536805145910262353170
1105414426648006185450243879347
290874316558265019010752401907
1173893565829006068997164592889
506724370262150949386289954535
478164465867686804104359445779
1251643547782409180862961535826
