3600
~
500
~
2
~
1173531919124453336034742471709708609575332956985474722910001551484144722742046445343912932182994136880959312178984136643935504903646851337405756097195
1164814473444420691711518402512447508751169918210340216429598847379572753715514119426712418878519902423326221960505200509828378999385153507804436479525
1201389762368363713808805890588010962756969225616138710674764500624204917978578571900096677683817364670343429985341310367064933824686744864071750227963
2118201262086393499942688376902850714614478567529646072798554578508735180730420778685581188126891592361223077369626967147465386947326580753098347557196
2910306511810384518440734986120635188641401118045804227090553396258325221332725137183420026085677612909050052194300174222240635775912816547822686212820
205078960377618445935278698697332284709619909037718821113301507891664599787759002758522410770002820291188664446238053325908272910897803861742395094081
830905878718928757681458578233440865936622337106682806982986805074346156077270052094847403452223238003068228560499907781760630097883311258449574754486
3180253101649067110851856848822545257880387817876853946429995157415758489741256085338481747384385977564311805705120217396302255394507222919889214595863
1854452077576876902994496443783000333596569605533916915923284863965053505829135671633844455736239997229063995322490999016766470773422388265185739857949
1124055851713070263537665232177525599373440023406488844408416174875481016864821374805980548204441123705384799241695995217661729171055307869564556731008
2551370480403723601550795744383992327722534578358542531433416381061662761732927914889597714919705541826857230775123268916397886133700860562575976235943
2360351513115667721029862627438656568164097929657902908682910672370921194780053267356086114118535276208976286084932316695205313699951475466562797058370
1402742503354443142638444724267776965201533154911565554641325505968300427394984338134231585818021306684167342866605480937502554510660174202201526692701
1697405015411690822102265223805795952243611822220755329658272845606446430062816270486575585723527205357291797958606224836744292632200791545489286240705
2589569304329527594621922148621856920287345787584923668229109240228890488701655552751625187154487046720586937423103499095774701197252925622522982172064
587708373062210459566032608234395294433282880084624312186474704638281892805742386062802776142969231894033018831975350066382038540898787903574159406314
2284676645051447659687090312540101651548077113392537376948027143997119600539324390699988672686967868399720726195235237389083952350513308432670103558421
3238195188975091398042867014097724739285207981337311179950834566980782588832817638208835654856851139681137242848883797964102002985398461738661200554052
644619551142961845728840605991253796630258829697434411559174759582129086955149841079358416874362678904970125640666888418121341454503635887998927001914
1824721801315508376675331837323084969911190552019494432632027303790859130185065269304893890466771962710924668773484778883715494486804821944964426282707
2257413385717512325162279946948359256843327524907224083168194954937228168072426958103343230823435882734054147046323206723589150573914987843444101045109
311964867414539070532995872084983726069633162517480434607360416403863383207027714390035731600262866644640485476594789719545084611586315274289533457824
340656651282180010379888411165023004506206373080044137198759947365983586546041619190993240010584992259182881937050196869960944521009320621693487981141
2025333540401481555776964144072183640326146971586855348190513649465075712486501245806009978607719777816227830604717290588168350988553929938111570058828
1741239388547217684491228803950227148491870822027129258588486350804816139316587286427560269732882625989459449620070691170458953094767965240794701368421
2503625348129890191434722025873104038075144149384447431699092428981808423021801940674112512105526624723757530749304221473432696743448108238949921278481
2756031160896312387854401025358001749376597056046980113955906564772138195117022231904302008290972916369761571751729479346455952623553901146363023659016
2808164768249048405974686883204019252718333923951094840501826733112392231033888270583902119392144742842182249112605721559220854725773922198195378111262
1497071727166853563451467185202882409493742915612852698437782679486514513969074657678187744504295937170458274036555159943278120026303855545330301558047
1041992832550894036931633087898846550028921090577808230260229275183934975430856476271482691025954612291836846001190622713891825096683372892212996886560
145707964960979897971184154495245765227145723295895002309756276303212271533693273392411505299206367930410886392715820916327562546454112165595376694726
1919509706452109540621299760486019767111436893180534814046222712214263081182808830281747480517896911980566200811851557071918429208156861096513589371999
1258321577900270783429999489173810189629282338455964356123266393097171857153272988941037367091669284220690302749279416674939523510912869933188258695768
1490817725268632196557214142612098451819288455009164383435170628409371897699807121896928179121559439390545627603230443059894786068840821946306706380103
3058906945771257519836624605219493055917233947695649697780316516465701251580792958129295464579030246569402173063035124048875417353992633494540366338888
2416037188469036136805095474575768205821865583674504071464465411337483720096933703445276430756288731130466282138079065084247979629079736569782353207583
1354490047683370975716344925007341779623906018759277938528182631669459414256670645914537174149712502841510588584559739846029261276915209222857939700202
8019252996132613658296593294505398099928976371578106804336354591019331576818427921336922918878434294262814855879467753865794496242005837853670399663
5548777339562385155683137326687561463369792357088830827120315685983160840330636710539512613686628729606594091720291076146112491743347175973188660916
1778406525906991347231152705421853793380949493448472491506615541648828178131731162168956159305382844073080959500824708482713751320320601481062494763726
2089699510880206686171559712943043577897958600819814363972836569506462835471516870641856046664275042798740453437895719945766710586605382215951551019395
1785779251021130278366357745534913900094098796417232824845006227220591178827978084801119806394750950245797387760792768221590830308671661714455454749874
1259277835368261364827646172435284337235300577306586126176820472635869067833575030902003365237164308526079630374380024514609474567697237336003667883190
2363770385416651845136623031192074599556085547968318515943207146527150635008629969482434941444135697245747320010958481863531571013272764785612095306374
334398799879247865772606489984230581335977247389468507604255452387818857674002929239450837269358752306456408454030165038748855921541146334462742653936
2824149623570497334516212695061294019169494935953121381990832721265969215308957733602420576134439102493578153183643403352388832986787236084516690315070
2454887903353403549891118834925836400036181299374375505397447036656424437738512723140944133067082346884228429867603927694191869592051767166973867921742
2766156873112938843614379553015403937906358627939353734546127866582905396787148346259076749557425074581313211446331475709983199875920469382774033975235
2874076443679700489717737535920629357740698095380707290922598693596137856708991669928823346525423854523780175162346733693718430898595037643317319075129
2741244251168428963261705915339815314088281448885583435066455103753631224580240762348833340545398703017126561225580292642544858796693610303662494734664
1920376089816958396771365861928431109511930526540107284945827264362202725505393351704987709708446746534790867795411532433009870811743658096116626683774
850812858960554093384450215117432089446371994398957762968922913461376711236782335922820229021469575705082272774233692837310145230250654104506921098512
1199959691618100035537904907145483440336735931753743779332252060021872991708994316133894418257794676059773080986327628919248091947539992768817882420762
2210526377053849301026026541950036415979884258643704730134033848382535466792396672768442819084509616962076065633377872245767791074358089646224662776405
831663371373777323919624411980388549432072553585466461776869594397698879520736703181525895073455301881822207770206116157691288580902945201780436108393
912986864666310357674515509722014760060968399276308114572421034250610980135529106295112339414190013247324440602674423534658135844651098232911606946736
768320699965215940880682108031547417045524801977673332427536922267280724562046155483313467385191304186528867884813264148767321380441046264586956545534
2151071720046070442299562873567245559503637474316260394903882338840761276229904912222590136492443498311559595566859204653325596675354814145450127457364
748263235945509053736766678457322297049750851720717206919348363294587557668270959905193707531549944387251579440701412011413989126146035578524431675834
860525410462580232179963104964253840820639950240785793392260709022648584528244401568132303295356824919801746135499149176833680269344492301057805986415
1978856849794948863769106969682840911347938273016171163008363332461523578086034898308303952482765559309568335714010380489672783671535455060699727740782
2977280007281011017021779259119863223929667373618222496620545094582573870807987949505051376123537759235254474583493692282285633841041599419543626335599
3115880342333261187304775396079686063170769654491686673265058433585574576208637023310945583969151650571906765451073496795669992230038461283619145610861
731027553761605362653646464976119668888596466576389966280259894503203814489733545176646115312745573371995941445871051407362715537356512249959136918288
1025280419749387532893389070963236370499963448137592592579077709496248708471299570978253976871802969618633678248322757246251914719028767622743970103231
229535768584841214868895186441103883976564325964347419491340425363056794462273558488989304622238683006477204869822314625221649053158673097740531683464
2661392803257795135230583289351538268057316511414128062512144299087059650445593240778643717640766237129589224246197991270914411415436475554746872042889
1104679549954579383511694804183504299551126878054876224448374633605535703964949591001854027170262808864968333131594346338465088347889586289878863770614
514500249634998502164136116556265814269967728385800336531224751564876533715886037658235678761314339001486872273017433602381835999956655129649269329317
2703893530964749688957835441373239277792258851546152089239521160935155774730466852564181423136279438139534492547430531562601730719835254434918427123285
1415636274922937226199967415840252742056926070230781622895438985054247194815976244500283334920897334808915009775119927429996446289372317886085721150526
1525657492543060842254914054221826298406009125476234758754619843081931857860369471296482623950078288616460920279670418385904376634998907822556964239825
407451335491518315358369787942690759707850979304290149015650899861161259306031391710662583513651839267279970137202189985385410467902993618396590166036
834694002420898479082317951621256311665729045740570838848748382162745435392715249418962787460330127551173192896836396231941443118546090589289828249212
3263708965102441242238052088633943596598468571154912901284990456125151180026222526592988866323477266211729340128973470050795411556977698105418770402502
2718938758139273404694451222099413419457546259225969553098167647092332230582011537533626261989991368794775510557722354692003636473756850098609649171569
2506668539378580635803056384036864996798024204211390342682383874355343238208134204002923066235487900287752970287427119495061159121271684877602778014204
236762754998724136557057460333647185510274226824640543491304773382930209229957482842788737855808602208811298630026642601115133228180130155319983199927
2361263516707019693826971683629243455340694817402697707095646972061765341990660812337752402785084282704347920892339060707798915399744273685769189358094
2950191195344891319088111941919642077919353854620572235702512360585278975373656074427317084650894157781241175467562383497874622097956984486494941977989
1961597309596317780370264992357370633673552599526112758656037134858755759369179238986736223896039050561762826154803368016620538797758726138915398087645
3263173183829862103472784335990109519518309106774479681567977396900184019530606415006162574787533739568456596154783979372046160099390053081919432155011
69638767201738106123517172528598842378125487532405117783910344090653951825555199983185454391433672242197295343946748601691573407967902642904034404977
855234648560085139448409304640444379276244571011327160810791620055386270421690931206311541599152950607033908064488888530845647960240915801945227965152
2561009164459787868952435200972409580486647053213957023699597712637614206297605889892707411924790311057245773581839893347336468760415372032748592510739
991566220288559091573871448619518797761166909191835918571216565837865382179975909589261924783695746593239809977315010099114449150240443041565022970307
1545262073820920323874772759489385525998398331779020651069714917900739655174318182384297256734719739642103702181836732644443855704671808750851952754895
1021749776129818351726918536616072625378365627207492466895228017512651469297611446157275432624325365632173283421871960335799310561129785457217471738368
2101821146296928301669039332916247913988811151518827489892707029150643575724043672822977014992798553048125287962411723426093858218958802524066447292601
2394553203167960793552064957381008704352454769110060809265132187007963724630907636465299643818674326215340374352131605499005466786060421351599827956551
876218970906902010553146046952699325669168763257198047516626031922975963389223269438774127650267452735275617242094259416439841176308743392958138830712
578311206043276199547049610188087456986985018679604245981486542683532706785220019821890025359280881633578004007578399723722090905724998140715458307699
2064735394402968549583578834538416485580794374262481741364557163823953284839232207503964991353093736300884378868815495931898401976093101837557895767025
2561068112026491619078585524600144756326999102085579376001570612907805881786095582152622032591472818563004501074298787972004689491647154103665497096353
3112976896046381165919589815114071826568339506687386651315203721531153410015721872793646343181509891978038940525845243150031950891129294952808208081549
1352305543134500692573044865224896916881206686382192561494477631478226135075684630927807912172101079547541160521451158390079017232046074802784726541871
1749803310989868557596998567780888369449406669840944922593900361901557582061925305661090583894261598559414748324256607064341173736307270432502616436986
2203013697517575762925456079852725887408351645485797952131204679352758751856196777062103247486240368061899663913728316717023864837964516797097810047159
2974988729289653350939887836659087892367020101239492346869647778586236802911037898124123560770719971206591274108226274218513091086328251730193960178008
1087860936120381420350398620392078468443209120885847068247927839874771022991076298997891251335043078118374272526229835058928062883884731037871189722250
255163182717847768985786338163050505064604272494177100883400416605518987925349704301419184193455725269262339676657876839048913111916100059290183196621
3073339438499718397185354125948009173240058132606639008702001352713721063432579213139042577502055442336152851431662424811938510576702490813629985998421
1568938980281550675803934594862155977433583395426369243058595381169565104049797224782702504405347014730863314607081582138553182372315495425524565115312
536037660990804891271913343331633245424480940871083148335434447702446247732523932665262599931356356753691204095348439923252427064882708989700450724228
1585069453471923112759175531091304339709550981782227355754155070134616920154021492193249625371963748112848059336109497897300713487760814534559402672033
2171087584020003076041246128693407554571173902551830488707740455394650318292913223223406400869821987837811196981211827039404827789342049534948032233925
2569096281742389847944211348213717808633605336322826832380485167367703905198572023321279895072669783248195969926644927760718815811072024879745229219550
2387760478947891200507992257193279299511100248847864850965611386822308727828224422659364365533695863014239059776520021332913192768522682946178540636933
2134842466331724247037290552081548998163775333779592420713918405290582983943925803026222444405085772841545751614419968328031439125327473422284313889520
2882039330722885067644839277737263949680187204923777760752312839162321945990166094051275128831791496159416015023457223209113481024598185900692749244998
1568687303201546134126421150990544402747246917233916952917136881325406061386820999797555635521789156188140209601586988044381361985102630839375530735247
1690719758664497499397769024409274175438009852228165807813288157864785702441637932329704875015669692050348404832999004469852752859058682508193021418177
308467974403735228548201244538535166995961293466137188325874575026272198736491135831632739813576263712259845512075449329011000947217910137078170736737
902254402886381188276550076332244468876893690856762975821552131473019875088355718797350724640157563200478370658391783937649806118893933598696942336966
1928378319846425900600568385193019493902491831294604092384349439730872533840903509696437103804973247745472970643000751893884304029956152871708666273036
2520391275608269212646197621251404975646354363986977315996641918324765554746578315928670881298267635675271751819262781871315400004300771638224883674411
1980305783321558261973223715537411078057213333084423118322140515581216485345235222264655940994565632704348176593171423734096123806198733719093674063936
2167024849862601999135587626156094772602270385981528970044056821338189963833222193084698201021842117672439894379619421696597857431361984488573484524530
2714353654989148683358766826293932126837857026248924184907865261577113905415991234609879124379025135012013972857120217382087503753803273130720316243074
2554354040347879700453607843409952911403683805809469010125345672037260513320411216505179710477011876161559527318185544263768443858659073836241939908074
952458573342576117667699803938114555932424425638972873804213074849560025585491799899879816880926245948088976856181067045443291409992460305440911216971
3013206499753164208342636317855564537480327105788789611193196316150211730204392816235120150970544991816274686198937051744132132301645140672274214838900
948187100495339161064887082373298065049255302524602458673331385521464143600331452292128039637182320728862009229349315498660377258297278959312345487709
2672529589824328706331390295308568960177898354123447655273903597968772394974550909264225899013289580821978526781895534290075688709357385097159529002571
1563505829261202114879975640051252731325586710369145400822289481539571662150325372524882716422494916230594939593032587590777204528098154001649946677070
247402168131461200251863837921529471573820365374339421686756358880581299956470269014247485426860021181378623331535639159944143558886697887545011343791
2096571888212402960485305600194150958614484352365016982482152582254312980934115998533032979952231229482698136209349555690764887842008998248002927045554
2691756248045837116249575098484471754237496600443286187685298976334584257564455278705096511374219619251369636685015980432297812547501504750252885604076
277733182712488054079022485740774446573358258009731139429916002532755433147462684405428042745771929464257336492838979808473422567430407337159535685377
526830789151581458901699949016246149804057684932782256746898933017613212011903161308760152572494981180070713787355776450330096500012369591173852005164
165648863112910625852089655668093988019192626399312502958780096645235655900082596186861956950624851960437097930019077893690276338629216874532659229961
1172614651577001396582760775798045100914124721197386482648451233047970474712686740957417070536717038676924918690573137347635787225618926635459013707028
245347143563915895837585032746461014688818099506009396896165321712043064321619021854687453421426119361682241923532980914270910773931602371756095382806
2073173967027772105179619596054492092938367625818372379839462343259946434090076319496564367679053503583279202151279716465805073969778599861413512543164
253856722612049243820911459643416651673501416840289249979227237877085016240469008540442881639343231050307328260343974535368916210289047433060516915354
2798390266972901054997913781204326313871895139437251742742546826788913450656987982280577635338857208962394317608666907438675333108639108931984651110144
1768833560090723004446271825748863598870709700778642181516193744782807711790875829336061532542898030262933447091016819098024706975646342963852554644164
428140592342556370346519959310643458903662534992641819154040854573875455495110281903603240842607604902036000434412613924973215662067593815092336082713
1482772377904080627488889718677253946502359782532000898540929858762215397776511843145275442546088846617043039691788514343108684649266396148941387697617
2979138871642833876091069569288134298713133101399357582489766024693896530577756964680310553843219542832772459701950086327196638572165456758401334956979
214239347200659618997514361332562576488846702404789253244517588648810825428796777056238661693434356531860355049223896230353049442356634287381514270131
591345326458960450785865074491705635515549355891184546958823727715572803136458922313140668433063789265081280607167911281069450915219524520225623934934
3051818509350415689153764760373815847342928252422209972312030110431347019352745016624707649654928037967761357360163282279512353959641106829956359853203
2263286419034668027637388386972259075492991467026218877906605498027241340443519695933106332318392431680776622622983211863356884212688109731956442076164
1805666252252258238381119845430087853248172341907152438584305692508648581675198042867864843153153377613305177527238824991290922846247804093852506051606
3149595019879872819995414517390991147332298158597684032258634530038308915573564928785825747194724271695204747179630196953885052767358786519523085298655
2529267665453194876679532117298779037856152627987759916562690671855214333268340722186178886623964746755770303297551131545810053783416666870056225703329
3233431475860070987194902161480210745027500568413294647859999932337785398085692461641531083760650574737392050730109399310678580315884696562623082714598
1949197448825533428044552629560903235598368189758420419585124620708155023998943245627246720990741262462809684898595751461777859373845497195402778164307
578701895748247787006745428908512059740902401965075333276918652959767866624007544944170154658284747594158793449222358495430403382193923330841823766123
714082303085141472369752290313229837058225148603176264864161904420662923715166269335522310999145806852320243142133273734906199412402424243491408863854
1505224530253092923158260389075035050854788303093922488587565835094046105145066561718292395407396213257952344577320286055018409484830344750256189650941
2323099375364754774587221502473172555129990156108774992218091969597579084783876445905620356488595563314466110503449536998880413784827770618076448713401
814208320073299880512686179758273244906726869932127098552119514413081955438304868562712844559723761319061357363959881586318594343344501352778827302413
1201400238158958405279587707931841291296408050525597656957164165599262728236943050236226545728444952802310170965525595139768879490157316416845014893041
1911057360823332509961815881413201550843624464189106933408575023247700043404607956699647122227324190499239798509496020005093545822124346230214636197354
2604022653442340978534477581010016014185115447418008376301730535740536860553418995109855294773998728556278099727791392672912770530709133941203899188960
3106862627612397365595257277555874187183997467683143931131350093650383843076378596248715344417979357673289215600158999897075349570797678487754997415238
2836441631557443917107187148030873886068628382389173943819366287843797487541639906357657873334303802107467388038630713585368355390830691368348412310607
3150246422737057615021028784878633662667932354564701134607914418611156469888456185328141835433183341212441719411447627001403349971327036483716516193764
1673501565977448472007610515794355568121622299700359911898368253835495062271257328401464004906704678347674230787940456428036415077941524378466588164966
1297777436488314072942371627312748704618248382164592470633779808197629865608801967102969945558325136041225370003212423879318513502785291975252196849445
1495983414186929661904634521282444269254766635147687232320476373800078192870993778346868753273292767250760854133923668254712049378144080196564818498808
2875380509657899937253030909778879001815214394119372052395396383211989853318910594854145668311563617117496396555082349552071534465351970579719986921966
476202204307671156464537681440991830799554931977660308758851679741095355282425370453384689522934768805781671240798689782284103570660340147059285593869
1456022294768005210496169631045857089383486281044639638077433126006242869322598982379725518618894330776696719129503155829866050689596431956707482085286
2887659626140005836343174472968477871275275160649202675934023444916738507316542788172137233134696121126564717185054073259503583403960501588707738306289
2625022204888864191244085452915438456148858908217825538017416140263346519350179875236187652811102194666712650145764589327712994539348034346105104292108
3258788698896374916152523062469290419595097252187439595240314374547025310227174817170839881536348225343731152007631480834087067532979158950547293037709
1340349154017873548259475693597533859960562952740535808736442645017406221560891127142802914261236350361912574827199217189278960723836121562801541141890
2754582738937327149854139404002400078223205105802796125552637438165008564497428532511884570059163189019840233365913116091989348891309531724863519608260
1886068268500200178795431913424666662531819942642966572936822980416504079645572592951127445789801704973809237485405757354006313882844337195679669937934
705240930740649302953325338618106751954163318170069881431043451498833631076963478458574632255573392894413006466255228130671036530884079791242291614871
122904630245848207087328041008841685284771999494808684250911191231443261768923762609414973812567805172450823944109743131138058020880325093739294284440
2100667322637779390531724371497179614084762003971887907767819402651311368329656329464532712755852713369804782773919310531476419311060575829687516557612
2753875997562177998120146940528231872409864193621367175663440238962756659664468723547200442117245137142108400084308263908276896326273939538672641681404
1773589273127308013760752345067360699682567366611061839274020298283198697804806240172318018757888648586068225155620629727878351729889575351624910597334
2282616317675135440970037589292949684166817402431281739908743867706033866835868422062385446930738064951866422579344579868043664136193159532056114634570
79959967692024706508033981284358415589568438440413470756189070768077150702506654871460132316410923457453985510729764119599677135768389807391972086645
1224020164548808267744067324683142034103360999589688571901973032967722927814477948887620369636743855241106998582161505526223118020598402402271467564910
233592616323400825092178592302039881455857613706798770446935044158258077510828694593868560331816809538880864440984935915565376949577315288286903713063
2475289164060633199011457350537654206143048315321364547445641301505415955702361103711505913921317016435507836676409179150591437873107674909160119855717
1480302207395537775216403971796137816241316470097604823199694363847791315223886943249633389713845778794559886794513179537380663098940960105431947459052
2822496128006840615168507284228150142171750969333489421241220507536664232316078125697821460458350635151249733181749043695132322977884209730033038680389
3023148566832911337948485464615089826635314255412530858410300584676806634592669137736299873992245233115483717417301767214252037267459485798104138690342
892392162557320386556730253027947458519887600427096359594676278080610129918775838841729938201087744321462242302316541926054474711111480612543456452305
1051242678058331589738430935003163828190605057729029547388578952187950422257017066479645031667209238672798022144232305144392136873928280685231179254835
1643064295476824415659178074096516234219781015538550280358658104349460126730912235214437985317190234428545469271013985618775481901173840786749451366480
725063907288603712919622010562649722905032701674948335052971772116561505441925359893229957199993497911070679183932445845411946989611062664513902087335
2284052079656986732020785533627098342448252479327401441561999914657030858992689227263750250320762053824434772517639097681267185600957586523274150052065
2683104980282095648695733884099232235155784101907283695127179891800249541331579499806936149361080222271086183109347456168525605755254118628943249987741
1737695477692575639535754016465756128924691692230047028756530854997682454347535485821445191039473334794230348939120846917168047238977759327789958547869
1906135370891829665501780290243078372684676674301215886768269222591241180014878779707686994003442246262509733919031908713994561855662354562601541826249
666480176866416719787915236593877428693369772502182444984697822287286513161379964705448010276579961976485140602307664015105186681357109512752942952823
146458240412619705035151672583159180587566686556257598824107249700163854580333445081937265502382704786657871137796732962370876763050170534655944754562
2737512200791535140181638299618707494955704687235822689552698808768884927712314002769003820124736741231325918067718036051359601429332749610367919950282
1817096221335992883369607898104444466220078105282696271160058421262207742770346481654466373864878612498072121430604591495939970854005308382740514178971
803886827008856019897184251683515155361288995444179862071376119184999456805479174081304227569270571065503962498788446298202985340549952215930698905524
2097690963667756220747971886516878805744421284452002083853129902009609582506941177875485005025446313205369147715503533690637282762521298132951545578089
1097407486275235453331449972175915420937682298900021664304196490935791910222391587353467532499318389725911932738398434513657079490418630887840033159511
3130493893165761694309926329342825840761072213116176820992078891796756870109460099713479346695721780738243273425707438856713365768477867140374055552180
977113275190406874931117088594788814059106769323869781576973434801632071159967162396041881205566545074596004495074051365878579919722612799110231631841
1574089280488300763030613116812669398370234417636115229200620179290077321098078860754209928335122027914104903694935803928919079451689845945974565584661
1839911608969681689327058024721828192962147974850574877886702972805748658302326383446545711863045317463429104418830013473980094047043545963732514600108
2382400340571089185277923359958633013045353083435233775503319981726393073856894515847140268048793458489280607059725608023987905422347534616099660753894
1310619065521675754084474212907259507900965468889424445130175031994083647825677298302218859025088912786629639985079992148599136721954493904831928195098
2434659211480419831772351020536656153346539232445077756149675494362833035217108207720999421906755780329496817784064754589847367254382023368058108650148
575681287659751246718121673055467543947292136268985331059272899989889468901084661730511183789013790979960228864068037526617242768074276336721266526812
1400037988566334414314969878005160087227297456098999546907858603379897126342774843963422785406577879880848441029472245543462821416202916463882755706856
1516839381556406559120667892927574334576588278114935148933785821981013246523151929526707073476779396509884212293446612487115999328171506602433059159869
1685966696792277490377315307627783950347186967716694049920854605051538039431916360000711171523926843952306671965916381992189849721110013216231829652454
1599517672599306392482514152700302597838418478307734619498974731026846009529033630031892604980415783513283214596957870811333680516836105335282729649162
276157355535251103913214685618655722485289121172225121369411849348218170779383175416612513192919521403241955193270916951734169090928458524934363396547
2173225112855796945348508465688749970475300167889836278160908130887729775066481126557184473749781113971362312230715781051354841675965124640190191221220
230597630293050276227650799549591566449625306900830354337576846159370948354916155930881481980536995727201179618655962398373067388165434866206647392912
2710562288209397718811709960587087604445028655196903251395574525566114109308622694732456530630318539031528718938975509571924798630332463559537505186582
1140174880950928435140907106258957287982856776465888732585092098393981860261001605411351987990441054394376531658897296477938040723048185828436930491638
3234949835240007544224175009345552333468858966873431107217377317347235260344172489773781514865530085016721882337800202088779049804463820387077862378956
1360048795062792592102229948231452214682159949966939517654490406843665317721743907152390510169011255383903667316702619082214812379978282833427476493680
3012501530908004097027500861608198165759275058138896592504304153999396751734656284411714014732896935705736124077639711194483092842826925371125655930147
1137316026323600442562351384937033548013019142077422879615594564093414185921489643300743372916920745491421451551419296147261530953555088713200051054468
2913568092897622675613725047692811801281480870157803829594505051777714710153506026762425393868291393867747546585844140568560892809739425019634978677486
2846693885542308656950589635090241944465311303266784585439019436701312246728936388115919947331817185069826595187058549853397800555013154298372188097265
474588798952752429724855068533929282371934159867939201315549683740478500918306206934734026062239059804133612797502900121182575811162300653216959504266
202144712271404005877327241514993146300797784171047340009238032582447457174516638712048121392650824511312572494871314296148116360150394758173023611265
1917874920367673569698009292703125130774526639212777703027748512850797668340064008503263793746603069730299312668023364850086612277208279413116565439147
3240003733546754966219630363305876224357471994485121727657229618688366021069710453236831115585839219117958180443700328056779929721911122820347630338975
2548647033579228000279477169339374765009398737441960020012488890639012566004032447012857677179124801267291435864005510138397576139515635384504130446882
2066436529161964751806421427428882325429414626339605626124219560902410658276451014419454702607823939054697742944707705452406940990134661287844346309732
1329038325036641494671868751874321377679349462811115886723308185764680666213799427292946696583340627355921784733376811045619433163332110062452330438080
2085147856689331125502885016220727945958698836265117032260638564045325206895055593830707035006783162049600403810079716187221093724561394726390847183490
705558347588007330451974537098339911762060521310977235307485280681797263646622465960238662463013852701168738179150195106013627684996920739569927374179
218711251248484413752972845024198331760114976532237308603165379587560146447653322092261657293463942908310258741014076878454058596824444018066681637148
866703154823816549149685351210286173645188893354127234532939602742303786790689759420918183525747393554837291211236493143365566695768803494556189336095
982008188385032541515673913645716304962916918552420081065075971883917793335233696063003757260270656570221436479260024826214561528962427509278398815530
679754344439893284109208065291928474680394056164068979391347309204676815633572073028183590337960273568821752698680825952752705492826967604607222386088
2188406507810925090464290731563777939926754998002283173631748197934475797480258429993187278985748866095964195277299057371837214876973388955956571639528
1257904998938300001643424397255722003614848791028676939217003887722989727959887833839903234958654543332166145377688298577303948677331819973042525116816
1171703517250778287416709657129255080417060299513326714792041832432978065713004367923745723724959339893121096083921160728910715645267209158388063118581
649798435299760270345655896399823202522868600193506580256804983236346877746261857021498093649010619851550040895073372029952105278104938851975911143665
2139770080918989258232070839430072683535302377238485272640630265529978462716681501042350710069188006094064920970900859287224923048439206894993064441045
343829555613904949445933473364861100135032399965218742376041032477438072508028960442738253937163056943029779956912765223837157940851114487236802943450
1752522348588687675618732131183828926725379524544451533899051827712687352844296010522713186714159243159478924463145964952209747717593822347658667177607
1299730277076867710175950861335448649008661133083265943331465143292072810300542627771981945887847977249655079634308883449295009463660625547594916420623
3019291777620186529052131083195916908269968364534787547421030267615619466178412230312475635767514419483065698432214231343036277069275980185050049663710
2963671479777053571538381630682955077523881883509464719512703387645656538505506827924600593498190759106476884026860640333368148906002679488783460237078
2394709706876439562392947879898921988807517392778479349630892561320353670326088176061559041610864430462434398652879605085596195897250696183078722398475
1898761682821110259708976951564483933044524386374988671105700582542238880854468185142671984799841371774372868707287490162492877287378901476821179246359
2555915116278204293120549055941785943100549300261093856870774176123639838250158184800699877819580853932863435934908954786602659004456396286122974593686
2574275811289098046550871318294656054730587544353832741914929405774701633167910634561131674814497782438366878235033093963124565796502911753038778034285
1326546206151428340591284395577920737462790406061033259860089711520526957862240912523512477114691564726545964150277419301506387910772537332635489383822
2850826304164925719082886184673925303055757080177101426905734051128883405014686085453437781125984571686008120237883381154329017857531716505899452655740
1743123722822745966312969891855874700968298881459451711463495589663942520533640139201266808850901057410524507617473802365089217047205243840582869291000
3031596918316330626943489900255954298781685683125529413318189929598646128385308694766076077281092438131048655106373427854046485446542665457071164409831
1020263782601037619122143063754556533077965025714453466061889288026812485112591506698399764377778274166981814267079757986190862660434170083166091125814
2429870168880173676614627512408164691930644220760178136359348992547424619205590037248875457779701414661391807725426068318029919425094548446439178269752
1576469465315790430444899463006996115628217520974403186722609294314903706984442009455014288823557257517498399460637454810684503557070736307318462361488
2367345984968683253082403068023788629737220764396009147103609444442974675626674154782487419836790128380875589625030374524582698834704041433472238597867
455584913787840290132993308431566884544366259895931124013530133823279109570985298805803008289225549304298344984649152279561900367559111934669629146592
718683411233079327602729423261837898957373331613950731742097968598325977803598323105834566424219775578715280914970870720206938007369692544736964418944
1445418735713137800824972769226574736299341512506085231232523485407913031550301003615493766631196087105614070708127677200580650596110575905481444469032
875954385478551219574125467780587959870108546196532345327481558714828216074203321598086991837422368060699241833959421034960939705247358866089936902295
2596087242578240465467863305011130439147604300191276030234318905466890121194998084521240634156627090078683679185876520249587577246430621343052247480847
659778461921124565166424927436674796526936906435560481541885868689289396347986318668280000185517897071786688396659229789213026953531311674743736934885
1452024320469991682207140904149612758481842447023412100020572966272262048491327643027284405762029991825918723046915707821792733049923626011891437295334
1032138076606381896954565294922716710845047417221483274469336915005284815364307506122775180620659474275136950307626230989880534392473413567530897608450
1066955473654634636506889998429800891494072852969026110057602190169514553613198196203359587289675160278359174469903513853806944169091319519489962400398
2197730262047040551622170228545266690001200622460297603622566799979375978179224507037655200377097607240088506142929293378819032048468227873866034328320
2044581157924120164489159572296553732169273047067734528824113991442877622032839498585831437622387757230675663928688477658341180469856398617422299884038
1602958017031778778362003788616539575514939409993045092110451016098004556871084442803462633192820078661537579832187584651450723984671228694291277999893
2842502230141182285530024266294094836688541962599537545135994253707543151977562299966022865994752843785283259374699884806736033750444493610818170297086
1989454842945298565675049122465223938093209653664964883275853917240064012090147423635218002341739808870884783125824461834792452465448691991379598779266
2837256462710483090046325755763323937400805510857767029012801092715863098688933175416257023433056851371664124589491254191890280476119727633320585935626
345475131985346943562599393375612767167615466790872686828750933616251306301047183904411065827843606701589056218909406291513366962020617481106992874803
425776200503714063282374549587083723327585035471085778868583633437305447212734143044409086847251751262402654143903834303716071806540182010695903336685
1653036769399540531519502073587890686790859473804193838673868741132976923246194497536921612748294960902406333096822422800672575902226252407204549502365
1985405492688224560959310664472746727054219059502426014240714027867924923764650907104835144561245622226438946220281178843655100416937930385126844564330
524117431156784091071934345174094367324100251705018930869229896559835101199287085625488692000897244056394255559292681602817762226005229949987565164049
1304955719257427850161718232124087127882253499430457477372491182084864957324655298229672888271925442179067239457414202049936944976131499840978567827361
982939215980948808352546170981811050488651799286535103786106255523637604477117447284417073470242920802561705358561623579284828759454572058848355174843
859422171894501207672033231517927005415688483747841535041167180800654536880040986300813134341112337569950010422505893850230180659877895389062557933673
2449106648229601591410461341148944095184784980328385108883644569733830038306120939677081914497421176610780735037799239527135188145565728128767527076244
1105922716156091832324876508141438504603732113868675453179559741648791731687503015551707351579161088209531432449064262980546986808070448303347775065479
659670148567176448775467663079666667911497099577579843345222043084724215323737426330982582983630624001014831716738101848747492124607955530889331336280
2339000910616116405067802533708263974449207012557983279598866626736117619192283782465705841790881907853136566040523366147560886570029566528368101848064
895700936390465623273403689631728963701734997497495267076450131469711172835522323297521373066348712763701338971700300096221478094270526938424274484900
2662685723567194558734410168122382588855476151294433930685579971291000257801580268189521849110002621005846053725090109974954507418962728700457801537932
1835439569151967494001064292130211413499054717106559573839387751761420104089218531716914164776942475706063636100849121802846566124704814554692049093018
1345911826453704522060721333632104075434812106559701158695790927058990888646405693732055565685604964999148530998293704525591379171230494260882054674289
2982032566164809604532476923583807271273613775223798289693417554623186795594112562403009708881889911304338189547257685066813191609449860512768800637460
2002874242888656277305616765185135189214088413453865373233225720797562827567772426277871908301836180485871581428122002812872362863063473391454156063985
1772359983746226319299467680516049730291727805098897396454900421352049752869302287108692969258456865944771274364153414201844155842235782275018996805196
662774022521789558127090458545997878015070852551205890541495563916256560554196172277551392499510757216457456375528792362332380164365217340811577427155
2087038909346915389943064071199913937494348242751646863539009739183979268431838367569246520246362206932014134233961508772836772597594025285171564824822
195878386111579107375714286337583200099749713119370031354998384784649116001233475485142940881291916668709283782537982108491974640791837138135573829903
3257053074456154684102581721433001275822185063787806515398867536831774632206331702162070503045719705312778135578990456846593009879412710800012251179393
1498538397948409376738467420198528899249115255556032761093754340826077462114751753578291934190272598711873822039584138261253521597770032519490401468739
1728800036099209240805338952758295824936521923859445570894487422190865534563220839771426104065501055580559296605618126511357909270888475768077895059821
2647056318945541522500247523012025173894807170749767960657959562289601050266055780612525099583742971206703589773792213594709469040984248550285941549713
1182601071648292750737458120237812972627763220611084280761131992014967640824730168045003940671067639604041377780721023494458961264871831711826528690154
528698015935820492741656811124061465241289119351341355967829435380035251448751487125098690482353520069543882292607376032808443823197365252807630621634
85863019133986849957989020492853705573568932547912639920823809544041823696306660608833040524316976051803464130126406706654060662957538846619900165931
2209321704938447235766067441139025263711423055307270174563921632033806589408434674526508952750172992218216144685461017540001907806194210983283604457678
2602075486537128793567933698287676770424781472701131601567982330304254107994311415035024824900296067862417978442928305518490450515200276874205724918600
2566863146851090731459272843018894612317581684932748795258636414403739854450460294920629391225731102439039205760287693195496193596253245812044394156582
1333123536714329804133503297475040014111491222796931383841092361707138576213713482278220940205649391726769449788699769502934348262060913105676866507089
2243427657681447713135460196565425528005517870933366228777245609147099391768825111469632185619456391121960355939455830996184582502857329501467789535667
3273028129412860729567280589606039264900715168669391665409041351416095217847009767262864505172249073077209723741087006843126510603323785124355339028824
2410567163352174770142690980042562947766998923676903911331377513103763337069111429183931623787298485571295394711550275512846479520938108526460891867399
2232223936121053202694520150583311929959066303590656251496736430189458313825759933284050444598179286246745639857607705572915318482546637290261184002403
2267504432595277038964564542653953695508079535029548965543404726933622810207656310402553927845366958570448485187430802923036675947940722316610809716222
2717317348347683231643678706529700347994365794270204573362785335280623061397823585268184956747003656073965307264978435576590699505272160279903706507700
2941113676059871734832664869527377306602875552433796486245938048278951219491759157558196781032354112651748236571024150730174057915582421868998461885766
3153188515529038108049867293963381562383754987252586354249202914416554529375026262435386684442858798451263257048305780289164773366749425520690341325989
1769183559948472635626051128740228095818883290849657289643994450376676632960292303471721749725001929560232225151857940944702259811365645155348282360749
2344862181157871123795894490468659284116808966926368183978606573936820246399806864992009530004248493893654890614051318021669454390019524154110045420945
2964565088351808123702614852013135877658723922315039723171957590585042453573423507403289340835230694564936017027921934848514493746686383434394847220275
3037232070594660372165798639465160462422345536325232024405429006342856352789597932666131216908354085796388713209338563275784665116420127875966027896824
3109464668584945579910239709343222867583760393157470539778084255721338574194638861870565722672700745035818521748951775455135157484991436598116730845627
129011739308510027654076972164429308212657805081931466895347403132837984684507256674682631622277803071595145423766302486025056048405710755480015892569
2946555792454128069748103207419437185784466853420004431944151607179664045887747583738862636854567987859198809904065799590495460246123950783355760740449
1869161858190952757934064173983660672476665818895453558423782943496997675394701154418003750344359141100464155999450065318924296104921341187237992965896
3076118303183020734824282387223409659306790721889001579028609030636534509677396596284428892901604611251748094215685118887595150294101813315331969445155
1868370526245437727681274627014509200229832026154803346304221969133462267842288310929132692116868141914108377960508296378388897879581462616547303768078
631239629577835055586418309865962293226784180983539213860900973485397253824902420832729941885678961102143602457834123555528606672884180580102916707767
1323665649041500290282876182806111842640127466355260848731893556681134949723506720128551764036900330158388842449492935784266939915252601812374632145810
722086742397101111282490208673151273358613967092046881643967968139372531892427089421619009851648996686345224111722731893811965171508585887266022208956
2797010252252096879600986554835711415955263486669310191918247847099126031131383311067682274669927801126009990044420105885746021968008698493651827842455
1681906081017296065155037169534055240624808219456230187636737025514098573058601605460895595133393340913752848589636702308409833754026822352189979968860
1137755936638373405217411101657937718053003962710990023918349419453541697471224452831898178827984433195034577207667680385421661012131325988680031158849
2416023049761373912601317858090237993688733811568665218909504922381998792446970041937795288422979391355614169749655024294246375351903829508680338833958
99108248693113260044129980697629385769880364772076130901062839843793617237377744384910153596613433676086190628086764772172030297536989909526338426074
3011006103178438783247857582659564413403974601114681939717846550921998235677383440631481908220709266360036993513668892202788779246754188358691612783057
1923089793508413371260461677260845778715580483936253076987677451691503358076312766197429855906773569543332189566453229925917482855796205658973322010569
1554771517319919024754752499499629958014784039414318743790704762404160756034207786973409696617871070217451209995732764861124977775060428635368141694394
1772727679384247289670639481513004497512688961337740470276565005223024305996650259184027231370932080522382594965058551879825044526514175719663517307576
2325912168948839281622102589236332811784330855488693652329703524228363422366845409131320070771030307132774410009472758159929749266151477795318228162818
3010798830025630009895873680244156315053217904047604535182431929613761475938968390133641640777526472287595765363715569746276748898187079147557782275357
341194928096839939949990259404411502009299336450987719784207049011440988805172807999067678735493372085130927601857599746299089611932340782973306145159
3061377966544862475043794944273787392826499226375328346321954212925788754359190590123206353010629305740164844129286190710043824601394231147541383616167
2513814208580398146581231464329746674918339610059866424121674741731756827159078989723916312196049910964089921680147231646077889263706007839551506464222
469549752482857470695256510505718115809050826367545000724566873971846209742051823278992023797783627743942152766649928905829635235546824258209538201899
2030258790529746609936517968530704100527935723499673951923693206331029376393969241014965459695599890610162506063418248881267771476185505221768270438079
2813446723996244303143246036710685246784387656241899981092466293906862154813531959478562367857334677196780512913641115574206886466654792144773605000364
371356901399298867980306858691117744080729509845461465162067744071434669885806492600832120566125276379955950520906199246197506745349524851746689587379
810850763512567828992756022751081339391828148869098921214651681623575524178964614513527528179587146560332919362503830202344708676530750930143262605032
267957250470041370746996192499857005473241011997986350557079125366232996949799586152151294251591817000325236015066348065240710365212221057601156973055
2994452537739627149803177785724109745816529159271529868232228835194998010778461367348760146378966734590586905483422050271513473515381676339003878185971
1089628463995737490016426498339390629297907324496312386072980404136263527763854636002091270678779997496059198251137975210888433531600735717323663132381
2439494164323732684509240648607337453530943331532567819981047537434542290400495691045531275364052416368137727721611774575174300918646618472368755109786
1009820756811779095746706449155669904745500974212488585889351342152415988572624679764985769932396681320955709810252878089491266947461608121005819190733
1406330398240761888735712391528934597967715409834288417592114843777041701775610588918596360383698155106372319111141661446314002205154829966723495115152
952243881484103452173896398377809742167863731561352895965501795405169411282122268974646605097475839642761444192440262770751816903767585545696283762143
1799321064955504726791225220885376990755082749695632895154789528895668278523720866158846053750104595211628960627995653496868944150160509291321487306663
884658723498037728167857110224436115194071089691141700374292914460996932426291275199433958625852008536671701211370130586687166106909866971015588792693
304828173074466871379414679976336066932652829532759579432583513613219234901052567778305955755079550358093297220538621492887402993007461719482684533138
935764439570007468785370082005907799535225616001593824812142873503596399660342607776370935190277996238925198775583412484508991774060622382660615775308
1348882731509770464239335441075585476535551325600428902659146141034614203360165202362798206142221634348995348930530176574354075568971137434553564223341
2188930834001861825872562305625432714634092177671157569468165389261979697439934609381039204895983492143304859829112616942269866787021420031604460568575
2140317045039606231457651744040555112348631290754050658004855362523980210538781846799326957455409562911543078588436354980147716645530644162868196112170
2578243037687737138254711118214019145847439619902973733287120963064821699299012858584875313901941270920455194089094066431820886817966933559464842467602
1639524165375352452769427642760477781603381034387113977069170854428647218072792862089788798447366798799405639965275769703151330843851816920330749646419
3257730381683813160827461709104326832237808356534039795321236198670770907723077902704377702953409552703189957430799148638974112195759966995887730512180
1638579119298394254178511217568106023083882594928102622710988254363002513022822389026326436227029023644489834598958116454751513466539706955923259181307
920932211343803417457784977500633554782615221896023043297836115649234239573049277890000490113360566625992510721967836224016969028620392036128791750058
222046128317117792363201442570820414525904455647986546634583284928754199291610315726641506600814323064776839480463173493275760548424659274760822123004
2245340759042967125122251854626229373548912557554495335499429167642312967345225426880054136141745892287253617275446309298560388662539454564364589413407
379028217139093739562051746164377309837927949939370638744823794364160906811571163504043737660809603171187469867112711007839825297292637656690011229760
1704802267064999557687919910505803522682757019840780752417445030716803905270726514951206088910204693068839553812998196169949120316069804548108896617685
2878033123339660131278327077538497616869393818091238852640506468204523363353913979449003309944709209102371312688726264209997902690845970591960960100713
2759853304186153385329750215062260405775594498369800650934418657509889516248323359131728165149729887523912965426889422474542312616476667272007048263487
775122740168687019009755705681967061932072336670843566744308222726563208576373658392841823954562527839035003411000567868322692036857897291582730969053
976032256736069321260471846347830855376297027233356774893402230834105352853950437929427557141837299217948699446467299937425353887117257321285093725124
1483053663035529735635102994526217120659786840637851190925968727330390892391550233224845935991554261672926388480583065575972332928369176899988782586474
1239665164113297573225711242340113618296838398475662513099067301579282096217172580933517859505735996381508384433363425834496769271108226762921538013480
2003025271424301864819005439408640467632976360633366556569839587406479376087009168947951885182011146810731902513295866846911896850465235214151470144311
1942061127591749567991208399358616698740710523038718013703052094220531002283085457488868756586675487386215873914848842655338510849994667431189965614108
2109341908031839720068655293552785555549647921240519296395361124799393312293301539686624534468280888836881238405723420353911727304702186831456805594837
3108905752596412684160668835953761629217417602760877820945096103397466789653133107017750165737218334369195526941083657919612579055551441088223937271525
1134699489671290410525930885972729228265867270270516307368877358912149894875060234016191768759740552068733298928750359006562047428329634242469348914197
1628700094744237540654475665754600676561657761544172920905209917669490996484596110768158784119567907446645377344049308720652279298132105947985213902869
463051347669140632687976411679235902170613063512769031377202174550547207849627455862891478029926659340301910348330142237426439787689458663041711364241
2083862690539073028858191298200911697950873287692961836093269770824875446711321785228154028930968730921216205825448873836510419710077514111939765540773
705266004379511429489541939822515410587882516721705497283924075787910070672674855865940532822110852265103052313342064580238851841901155470858585143681
941273214120734528783652527826896082353521963563516785064728917985098641526821117485061490880484315837345390840043635078235101423746354848752902231594
3150756654785190158924533703103879557599471742667978366340331667693411337760968383242097804912847435642921023737643103845350020314945303734051331384828
2053238836953435454926232416828743416909382843604101865277879268964085696436188582966125514645001892146546362839002809786176441363827481199823193998795
2653254606298462601319207031876809553776536912002499718815322825263400505356345490026025334533731668960273445401585148357151568640640896016363281857465
1157618940231364297265725033858395776235857245793878821681694825395130405624101686337747814656467307977822018354635280885505911720247757871740818056056
2453808568933210215376040427917557122671667170087449741534427872218001481276513498708605854782443447952687015045232164946498607771406379324419547438537
1995831463301911601089068777520783583262952331526352642960413639514053356306776636673568590755557197731696889238251255848993408120272591343889928159976
2954836371007804064124992299013298096754906588982441128926104383208829164315634535484774712105640121339382602712765477768847627029312801775984544675627
1755830303908649969249867261796959508014563857634489950787910378685555300864510483501073692802165292160204968943282228473701099545326312614938166974802
1169879921214595278018578613260869289106471870872728458754756109934475384890777678169649394971621237154621450206582491195296591567961475348621909179157
2265869171256064970260019318697212382985111877818693473173433642669788566930240849639051572621758088827233899649333590123281776152420770283677029623830
348628067690565324724266321179311241392596678739306199758645034237417096923051349204626116743817597933625101938663271935347810815734764532789391355151
958609230999164317221095020914020617969923049357458278319302603991242291722633851311849407649282005893032571631635368174371199242992355484297689153488
3184109633546024523137052638246100432102729464136127482358782141431233904939290930787846624337329599762950989727095532971885243670877301753928271819531
2711369975860310768541421743233492030530362846993168744457662423078939572545253692815420181773920330780524189893069912231818995286013019865579332657213
877196450763916885687811417554869288873025621296451439979123521236580604423850996754795798641711542463233053143724907748386968241998147096092974537057
1613413930923634513513625236937500548664683121108076777954536669935470978879165485305318044459881923249334871909726893259544547932953686577414476182785
328744413087290926351471197645765213259052333752806098725573486814660098755881608733723111310047979068956035446591003491985680924639789260887653683613
1687491300307883957955529395394238513980140201161221409381617745602994180243861472665590525636875907794232084221558899812930023126915498950471787313963
1417008774004154887109224617555829096416732708776812095343488640401671624017950940644561809792524695454797329873384340160442117228778604148711198742839
1644090978183803288993588682528583832708548242545848557268951293231979014798209153470860852214417844768564579614899087912699661094392849523403655011460
1450365056087909332186404396751597116791381079171380828960130601394546510856274836454034792287118569825832637242086156314819726058971732864136578363149
1412242644184266574770866967091570935373899674765979062642612171461212049060203679227408041260229366517838776300752924500628767081241748830827995030841
45053837519795023624272588890644280605603106223138277218961781116164353246515115992421118932401929678925812039784985960152579324392926771237248946217
1028936585342632142245813252003217145941200174571903094858465746022100543451737429382182071701674102137714823150248728841865461183948390069194294670371
1163039514513593800333974837876192026191339960670499784627670409234443849363116976364958284671252851757956209790109595305010604618321082353515666736903
1195843902583931888428465925845105705202318416304256662542716804813621989429630590057969441496489373773107327539921661519802142459625302590574910467620
1370472931660793006169917656732440021163489316160772637024551268611905870979936238397149915965621863290744457709802589093030890453734113805891917048405
1315638575421698848679642498410038598029129042195954312159205295636003515450566055166368204814849070945669641577480370799115117828722278614633958916424
3253918366470879674801847881519729133586316513310483028664574953849059130336048319561782267286497159201681027825799556819914624795849823185640635909487
1340101153088281660088358583792712919483484969652630724673349215627894897992832844857364779597778693367352544477193149979409066939931143350489663951741
1455578156731180613868194701959606015759237041479672807194606816827584330051658015445534602465428588215927931695401458963061034630936502421052953415914
1044614398154703362572795122275376659284684296096850571215827712295133831304462605688290003549911249551122739535010642206485643983561004482150045649634
2891390385556313457689706552222766753114546168503732875453480688555870284211294364516852537205181373817970623806374891408338327405885084548287604271673
2788545889253403833952675430859757057110776938502454474068733998524955576856624491993977148584626798373198794530174223199460955633158308706356653244821
438813324170976543072025025303085017848461599162383996900820040521716640644422590559174689103256652038397818296638643345485593248852038672834690922401
3137523815975945556708425614259406400060298933671917000195230652438800415312873341727119917102329687715878329363292980175269764401596721473339999078233
3091872018470438688580304848102643177036732538320108680201355676159393338796621494002277781775717376925926241249275922024669134112268776671587944374080
240192372883814980350196790088918103464572360785108766911625755428014814222558990883142151954666963473953518656652678187438271529322028002121454917714
3170499539663663177023509388982301868984223544118215072283132696279987649999232604011889715349520246639202847434877507739602591563158249128489599798558
389879691761327239340962635407262527648679349376037385803957015862099877864332183321568622761334665342399303660223645924509588594748808358723266441439
2254342304667413758764567708281587542419962483724026992954839495425254002793463821569247129483139090784819725662876721039468413895178351528770396907289
2714152380881917461871703656839438716016832142400238967424723478515304681076607366371740593438940569917500865632324169011699429892161628083094050578164
1915298271976396522038906616698335385632771540287327530926587078933062244246352508982731820008822607148075517642848994077360299902491050816473719398396
781346306761854061770283866335826324438860347848852520631816050324051986730648765134501330020331575419166832572978285515627616238997240827815421361759
1808318173082329887195508355349611558731011978345546736355825222036531892294982420589267920052752541428991349390452205378636985286685651582254801438249
849431402458187562421054023727548300447271338103673689079566070941727300252332436298448674750370362823109810141363831436484037669217654036950218218995
222262044937688512291745096991537387219220272768854860707625543391722163841896938177706493568228155202952146795931595638179276410203640613955888799520
1096766025998866579215714996020783479639377652766798555737745003018463459534765400397882265949494625515191197450590753064890349699105067839324138867134
634646892849777360734224158787215342965969518969561096491403647259451525903136897553553295966586009726197257519432825631236462753206181934578528544405
2859340250975058489518532339083332671547369082906521671539242429499480323648157025368512314684056919304533217008432871328815176893810231975252621864716
261829799575480990318750271860058473857308189057418371059056397078383585983157740599052390448137637095212685639363330177636460900875498383937600490955
2432728976840899392311543219233738325552172872389059243373474601890797147325410651257640367204077143641017822689803904751829285696393514824121559274598
3149028639784676436160026064262136472887617464272737852545368855687684094619096573757153797333322522632608974814146643657279891721909323910821278195523
1163709225050868142015087581445096266791436622865972200704354360760017909083904140745536140599864281240217652081010561737155347414217447342505772704217
2915332695228336066923735683295752490229193915406780738360652546450900157277194807720660469132047689029572824274876527225123567125717225753212053134228
1189869616064152593911312178044138616514475630435553559151964289990640874854047889045110869909432744349187949606407899928811672926197561700736378636106
410646909872274915152351596263501099022442802321373366700329940039580284202658675707853789522731439302417974084015867753590223728048617376202441417490
2008276309944136258751924578319155041012381470316004813887263395523181367159215345753241331836696289347620904606227270226608358667252389015218305061766
1303482646828876459020007170314544978288073984634051087505057602809239753243576774983564390139136332829511802189862017168665017157538040347278088468067
423577056749492426226897239787085634122864600392133973161688075524047175533336726737419978227479782571950778807374676000190965109022364303971125569343
2257698562911421214809713836650547006425468591146594009087502127190310449487348328938344997669305602486461697022725544316465618149357030489274382596353
2117160435908770937812573451667215357582346841663586026889973803938544473193094818392974950208021917412710897437170522587162024112089664680604236958488
2897595797513267365311903585247030517731724630214469830145684181329290268604994232105221516418505705591144974098906003325884242443639964382165589499599
993469317354230248968864057107865508195651034014013113224643652461476137126329059435971114153562605476185374438747980029821757137378768737790729548298
125382365147540572570953213718457678260660909920465383929699992112593105092277685825438924269726812756384711256615346061240827792498939768519035026197
340594651671154337379769109726883137228959196298852022625262295165975453617193157501665532271083676012169135562921812213614661018224148769797185085791
2012116589196207789933282137344427079529445325027484141234541470045928878379489911552786009175678505962978715210290231786580860538163908750213505982873
1711412377506218928378943243360650359319308791332831479014957251820588740230433785584366317594322389184852807609757812469616520510773973815166809088586
1687049350380962571035238881341801240576700691057178516854679458348220451548725879667983935372958234877491840854117810811497591218264803041810669671765
815479946828321183505556054691204341707716036753054615681352581560073686915056408018013295437841948041489036152642117220251277382390513371627803189189
1944269166651502612448509580230670701264290127875523162850226198143873109295467820547941121719345110682398341744815159758772678177559009692154839955736
2078349577276125886781279447437773470756341499102439086024902519302021491895913809414982613015299318772875972104549377939025307231158002737581336989242
70774113168221840232062715815044569088449531926611637620416430265906585631153119789388310403508446696451307058835149823298847545642544548695133422699
818183543278563959576630303088613357688124978676194309663750743653371026475874294652198586294391761164522726188314714171287277123418888148922119756001
3023294316439552291139275683352183383536412016284646453713377219661393312406411581682933257814096874786806068799117710247072487037733757544529627875427
1369614974076128172511603478912986815455520647181981106231000262763107160652100473642238045420701907208461301305297532490225273416250082392797879837867
2507688127220208605027469812073382624049149900377765959443121105180909728246082741409275655205899040292035069272990691544462132434666994936710617623469
56866678464950715125951558267019801253678680859474153840482429817219536624550351308732902531590820693803153915942091064211964448321613998563044748459
2860862946866851324429467040923955853115196035688933164027060206322013198252970005739204893665074175050923149903114789198421153522541201935142728736170
758802701826727700812945022330894418830533238766388234384667641652246349042218812145287696397546322784784969311489609751471882058779495869112682038947
2948217588648987063407576469709258172347215540109152725148015718291211299060986859714027914430934649200402233177992159836105919081116774211657950912591
1689786634901273067058150879453651178296891146655969712967794725919613412463343110959496458036582822138898184856834322260631706795774894915108355276545
1125900501804435206774418644725015928813034256060489191944221102180230684147629216827759205392237056050131868993811152225026973422525180004358202489395
405671651262563002303775842526013362177768370997637761798215084663408058565004381073908185156853491682982758411084189947657587867096614635632193507060
1359607659497623051999645695433137977785220742283281553854318025098865805902437433732104944974871426848664023641837961811114852714128521060933623300193
392881082965329800049601479030493791492829954551562360043369092469187890104282358846086579825362276483214970410336427781869704392004515402224624268753
1650331940403361705727352846352446559054325958942565988780149032414583124636149921810615400344469089176840210126645866839725062559058133536318437491423
2202448776710638589570570358352964468800972864052999481190603930064878471725942361643787143087905883654218254457318969427588171946192502724288049717627
3137983462002923525841508083061264785964772981168879966279105116350174241339552588169832277978432294732307439685018782739304508155664929246435318593795
2542451619323629394278758222651824679172545491207717347452019515123591633172747286643920976396624410620047105051517954818187982277531947167494054970943
3126476102300626947593325425838502869452387523833527601777920371491026270673229455323725525820049190750045825760483538272917571405976205303043376877362
2628254225639374231735955812187534564790406426542139971049733705783066215849866449138523833069089146536613376927388275212794591959621408009289139654665
2224841497932292892291565550089461496055705143930434062970387779403455676103189924558711157905227419109614300375619577197321705709906771414554671079854
3156082537627300710271825265035577134644971871368628698752954990226178827411598780196432365144442101497753728679929419718880740148445307843563797577874
1368160967671997082166571538878764696536516140691242189910861874689627316734235635401807779298453040333184188959820695115072310147473578413804079507085
1959187595939961551575556191508959098612224375243934693297168549844153846895934656385668027665009074150083684163849799749459683101928507645046203520090
1214405869698074308565196094432865212679581645895350259170688722195237680922280773184110663683365941289474096103838073634420834038188494991824765192814
2647671043392203319202197199525794210310749209132612288867460871010781209179867854281972423313822122265919260472622766181227443440523180636873450404048
2170271597871441187240294424129158838228217545810442279528489958569852771628001382251084269980171396888696427361923829185962548987411519568288853019063
155394835822419665674962869918754113365753040516518325527033760212708999335237491769448117500400511570965131342650135554252788827379262011249075352271
1680421221592065069031281885714649388014877997072445339246785719429760931762955736567436932346775171304114177310947965135081664981958033766504625929492
3125203619855692815201529529041967895697835042728881639037549490567782081331971511989134808385768536318486600695228552192161423655758037889350925112649
1865942572535260592590538301307151921453833722935670958186423395283752951727923097221881792448747791485164272407153379824228025203799474287243928579944
1833998251408477385355633468938941930549753184695502814834159817178863460225076646148655313900609008951172339686722996231822131006663106219614939333614
596476105752804471186260243824792082949323670302053690036119028572396438228340407205460373978459321070339730517577900310754094065795649681838596024998
370861308778978645194315473001014918098089168851704777286362887035909475363282662449221101131117141269360413737822165919302458521469807728912708025418
1516697214766083624074387526837240926374332858758360042475642443964764691575368714221618490008423505939717054251319082247548978287897230675514916138457
2419896495861098708357898766214498447826472736084782811505400252705869273866590756713927557533283946742860426608018018697589037030768579061775961101883
737318262520638819412431709787851674875484850972428549960147732622254165296813870217857264521521345527895725964908107084475767960128544404493818295529
2952452254329340378962810490670499993927876591107732546835388569350747544490028867571536192121928844528241417293821301751699718648843901681005152537474
2830633946415435764504878915726723257590688756366723595425346029903377066506778363906192955190035688794793823684364634470951032454769133581270458418515
1026974497283939015218587008151239489693096016095940397396100757794173676037251400322850010211442685094003448985501369342037389862022293850937849540321
692319066664155973461527360711101068956567791575145623838315856982756045698848134590957552024980190780607352201796998749853319353417591878248464132797
132454754715754287923686818360289528449145694896871458204857473821046507188750466559310689090264303093915437506772728982419487244624109859281076392251
2868825136974273921006998900260892854629102633258502919233900795746131052491494528767446929380004817090321554849998148876234381076788595951517899033177
