3600
~
70
~
2
~
992907878984279526523
98115874803710659421
792100637728445712910
771036961726957531422
296022550091922630302
58960998446431461922
873875989997236663964
631581380513428873231
433771285910819289106
395374050086172258106
4535833239500170997
344348855432295444711
699959945333185192485
305218472180256654753
773742223621838274108
511686639980357990282
623581033238509612349
458361135849702722182
768892374502090333180
1093633252715844940147
698865048944216375178
1110931250171549313185
72519496001858734197
1148555494901176233609
595767875195097928086
322836733564398487735
344344712000971874731
664301386840090471336
926478172320240490898
94555981092604900315
34783275706263677505
29553313412167345150
187085589394696717606
248616414504219036850
836849236995498898413
128012761984243058573
246059902200313978918
1063907756756083236084
1147085477598486811876
37593526266310749917
3599314955281901674
275582173562352082293
609981865584209491901
713805184702773954810
1045725204396137900700
420417955273072279159
550447997622116497997
356761401112250915611
730067110852705521155
344089724426045974154
1044122095069869768571
1083217703382003397047
421594318593969829485
468380365180502242665
270092562319990177452
332696566378138733481
1163845188479465222517
617615046080232760053
731502123333385005615
851505205648076617513
550562675122700415758
465291155449278758650
912765272569422294294
326900333545164597791
1140250230388026544736
152968322609613936893
349130723992278022649
35219081942338937398
604560770225913167278
502089091175244985
