3600
~
70
~
2
~
612733027205371096016
370492909899703397036
545757284547894661551
916690683339012400672
20416746677279430562
624215321424768652134
419470737591702333754
1125733659475258486246
199455095264971754046
794071066442715937500
75066003766460584310
201840475652386262858
570149309934546519315
486325579128746196568
131688336803223997788
262542636470264504503
919384863950831777170
752987018156126607378
1002607536349539885579
98365346608375296705
1071938595026525163538
297021031216048259565
1035085472964138028305
859250101041247448122
557431443426764022197
130188203450482566456
1087317118567393468179
783446323868605902857
669185435379678675260
806122426743371049250
1032066396598466458961
107529047293550862249
328630423997003431098
183188838642360078346
1011130175433652173418
938793210386332329741
51196650019169699485
381191684880750428531
818436316941014140915
618037107912276563563
436643461894704860128
674507952503092723052
1054500994853186586235
194755878450145697856
538749170014809487483
337186199849187700511
649159011022292898500
634538499414843302618
1115554142738211642735
1068163677175168779653
487891887451803819485
632468411812603339400
29137044759659151225
207901249376525358508
261629391583444136845
77937266585288747423
360030291744401087536
26417768404220813853
1045940296249029791721
748649419909030253800
47357815074268471144
112870986416544610889
859714081551327833250
946338255319311779589
330570580416921022807
287966754648857710351
59347455660011830501
365326208416333907096
679125606210534728494
201920989693345797510
